date,Q_mmd,Q_cfs,gage,prcp,srad,swe,tmax,tmin,vp,eto,vpd
2000-01-15,0.17323614324358702,8.35,KERVILCO,0.0,361.6386047923853,42.131707717858966,7.14543310725024,-7.618845944809068,308.32293605864743,1.6177291056783836,0.3719102162875843
2000-01-16,,,KERVILCO,0.0,344.34210147294687,41.83664623758233,7.953904033607704,-5.296535551478583,370.8514885107914,1.3059441604367046,0.3148319682723168
2000-01-17,0.43568371354674584,21.0,KERVILCO,0.4014275729178208,230.8662981216945,40.67122061655394,4.697404412309804,-3.2253169668228163,474.4043421603605,1.352451494028,0.2786177746887862
2000-01-18,0.3443976021369515,16.6,KERVILCO,0.0,142.60512130624073,39.24121533891753,2.01650893100543,-2.5948797071925385,503.09605934214414,1.16662312922932,0.2185165074325941
2000-01-19,,,KERVILCO,0.0,295.0318569246692,39.194816546576426,2.660566056295048,-7.221844853412643,349.2646742013998,1.441959085335474,0.2361976730553173
2000-01-20,,,KERVILCO,0.0,370.4909056855544,39.194816546576426,5.772368315916357,-8.636140855289863,285.0460125862002,1.5114741961946747,0.3155653917665693
2000-01-21,,,KERVILCO,1.3695753778158888,278.1285522390867,40.56439698886911,2.3488419652365127,-7.513474431284964,339.9317781099848,1.3640718892157675,0.2691269911016658
2000-01-22,,,KERVILCO,0.0,223.65577786358577,40.56439698886911,-3.0430271932214663,-9.970657901459894,284.6823872586566,1.090994367135043,0.1848507372244102
2000-01-23,,,KERVILCO,0.0,319.941269766324,40.56439698886911,-4.1965096080036375,-14.723422172656576,184.7793581356031,1.3265158648118176,0.2268846844702345
2000-01-24,,,KERVILCO,15.301193682200376,223.4382177576766,55.86587059404612,-1.0823643046859015,-10.757810355748148,265.3095600572086,1.3460535753317149,0.2436558272379543
2000-01-25,,,KERVILCO,14.84029781752143,138.5941203413365,62.35272465372304,-0.4201121503515554,-6.023613175196694,389.6987998951992,0.9838753679993428,0.1975060310541407
2000-01-26,,,KERVILCO,12.281692470339054,198.39971886964528,71.50413347754376,1.3490512799729468,-6.5533203915396765,375.0542730992972,0.9124924022303832,0.1680311322768081
2000-01-27,,,KERVILCO,0.0,367.8326983644001,71.50413347754376,-3.7834930692522857,-15.811588020111444,178.6106959104276,1.0309069825029584,0.1525343007535364
2000-01-28,,,KERVILCO,0.0,351.7468719873399,71.50413347754376,-5.830277522976224,-16.770499848267434,163.7182490861118,0.946867961978116,0.1524154291772763
2000-01-29,,,KERVILCO,0.0,417.56236759467714,71.50413347754376,-5.161273843051789,-20.236590229902824,119.7351695847731,1.0052669224598332,0.1570402838646511
2000-01-30,,,KERVILCO,0.0,435.1311378201005,71.50413347754376,-2.931831205086774,-19.658269662150303,124.11849030537245,1.212870619326066,0.2121718043695055
2000-01-31,,,KERVILCO,0.0,410.7599371626097,71.50413347754376,-3.208832660789185,-17.423423143683696,150.0667256302002,0.852435632655039,0.13918841319637
2000-02-01,,,KERVILCO,0.0,439.8072764743946,71.50413347754376,-0.7835146955729738,-17.92337294270055,138.89725271730651,0.9866804192912813,0.1485396019973349
2000-02-02,,,KERVILCO,0.0,461.6694817063353,71.50413347754376,8.033021212187448,-13.684086745005317,175.07588937947332,1.5836239763672575,0.2769226729502906
2000-02-03,,,KERVILCO,0.0,441.8413907416962,71.50413347754376,7.247656962728032,-10.371588279909709,233.39101134425243,1.7783466512631432,0.3403608411355153
2000-02-04,,,KERVILCO,0.0,425.6611526487736,71.50413347754376,4.98330571184872,-10.719810686311067,232.5883186621887,1.1913744058610118,0.2307948292770472
2000-02-05,,,KERVILCO,0.0,416.321843339752,71.50413347754376,4.338154472355392,-10.416677283231548,240.29360996492733,1.421969514040537,0.2514323489775512
2000-02-06,,,KERVILCO,0.0,430.45458788479993,71.50413347754376,4.343483758529671,-11.088982746988355,223.7165571275414,1.426394349786669,0.2485711114795778
2000-02-07,,,KERVILCO,0.0,448.3145939571593,71.50413347754376,4.465458727998427,-12.47255266410516,196.1498535659951,1.6559267398271815,0.3050852815910154
2000-02-08,,,KERVILCO,0.0,450.0031725455155,71.50413347754376,7.563391574920424,-9.810996574156103,232.07069508325105,2.181713142488956,0.5158639342303855
2000-02-09,,,KERVILCO,5.47408439594118,161.24908065910148,71.07149370537552,1.5300239643328035,-4.970495486940976,418.4440169008016,1.933473220387535,0.3873448903005432
2000-02-10,,,KERVILCO,0.0,209.0575235171396,71.02545580807303,-0.0734960522091965,-6.145408805200281,377.7848811195771,1.128357053949474,0.1760881470352008
2000-02-11,,,KERVILCO,0.0,268.28591314504115,71.02545580807303,-0.7882363274214361,-8.526046045076187,310.20594653243563,1.1580388768275192,0.1628823758164843
2000-02-12,,,KERVILCO,1.668306873640535,277.044259572671,72.6939993459077,-1.809471565511988,-10.140573673496458,272.8525855294252,1.2606743602128938,0.1864455946808563
2000-02-13,,,KERVILCO,0.0,213.282432261396,72.6939993459077,-3.306476011296596,-9.099019669561372,298.9102970110724,1.121801956472038,0.139529841147954
2000-02-14,,,KERVILCO,0.0,354.1122825866031,72.68985049025056,3.398158781554744,-6.598019715367189,323.1613710620573,1.3909102513751967,0.1971019444166711
2000-02-15,,,KERVILCO,0.0,302.6773980431285,72.68985049025056,1.1819849579047192,-7.012272813134432,326.41918926982254,1.7895398739629775,0.2710910527110159
2000-02-16,,,KERVILCO,0.0090319788922867,470.3807257510458,72.69889909941593,5.525976495613319,-9.784799172292676,217.9947911441784,1.7629183695354471,0.3630309271201933
2000-02-17,,,KERVILCO,0.0,318.7089549770396,72.69889909941593,-0.6167834615050678,-9.102606920627766,283.06543462752734,1.415757819474158,0.2115922775828006
2000-02-18,,,KERVILCO,0.0,315.6609541844864,72.69889909941593,-2.2946967007225694,-10.649287909423052,251.21826820694696,1.118079176116024,0.1471638826249915
2000-02-19,,,KERVILCO,0.0,501.6587470581019,72.69889909941593,2.273311701125874,-14.827475909444804,147.31539608602267,1.7973300267890713,0.3186443785282901
2000-02-20,,,KERVILCO,0.0,487.4430892866648,72.69889909941593,6.121967322806311,-9.817387460119171,208.8341423365476,2.156175793488646,0.4984554199584373
2000-02-21,,,KERVILCO,0.0,460.0012702039346,72.52294273144163,8.574904303928212,-5.580360041835386,287.3119120560233,2.0949930008237394,0.4313331398625632
2000-02-22,,,KERVILCO,0.0,293.8314435370557,72.51600055377862,0.7597234698944004,-6.941053537944642,331.7748085385786,2.016195431052657,0.3226977703978007
2000-02-23,,,KERVILCO,0.0,496.9596047477753,72.51600055377862,6.1764217325266255,-9.960356411555136,201.27340840593573,1.9635183195405967,0.3285636374525633
2000-02-24,,,KERVILCO,0.0,430.5591499080065,72.51600055377862,1.5632860855291155,-10.728890555800902,222.24279514518523,2.028378630635711,0.3293126002001186
2000-02-25,,,KERVILCO,0.0,287.4310916630123,72.51600055377862,-7.277469641672174,-14.6436920525258,191.62509597890536,1.7634108602923293,0.2287026480653988
2000-02-26,,,KERVILCO,0.0,499.3270900538829,72.51600055377862,-0.6479731118256002,-16.312299091531685,134.9660142934929,1.8931916815473493,0.2568883413087508
2000-02-27,,,KERVILCO,0.0,526.7001468820552,72.51600055377862,7.17306444625173,-10.860389322842789,175.98694240842607,2.1663036227706254,0.401768059795944
2000-02-28,,,KERVILCO,0.0,430.48092890218953,72.51600055377862,4.286590450976783,-7.795048388287273,261.6646388360044,2.349275128571095,0.3938958949842157
2000-02-29,,,KERVILCO,2.453129353604496,353.74465123360926,74.96827964304144,1.5670140842209794,-10.75064556163336,234.02107002202703,1.6013925334688537,0.2092053247734391
2000-03-01,,,KERVILCO,0.0,404.4754527502223,74.96827964304144,2.098842962046892,-8.565612486137027,265.2245955638436,1.987147711786406,0.3549555275284397
2000-03-02,,,KERVILCO,0.0,316.9937840920276,74.96827964304144,-0.2056404050066585,-8.044923321585351,299.4300348810506,1.2987564495330144,0.155099318580611
2000-03-03,,,KERVILCO,0.0,579.0280589170693,74.96827964304144,8.342340309113492,-13.066582800437482,135.67756679083385,1.7049843059681464,0.271268789585583
2000-03-04,,,KERVILCO,0.0,572.1616277017791,74.96827964304144,9.652746343179484,-10.19245280037664,166.98703920584558,2.4476298149372044,0.4859892151696182
2000-03-05,,,KERVILCO,2.669912137329422,364.4506367231535,77.63778565409243,3.428779076285391,-8.985470330003917,262.95921266986187,2.242153137671382,0.3384108216806138
2000-03-06,,,KERVILCO,5.217076633905659,377.01839400485,82.85510382839999,1.7131080673878925,-11.314145220245948,224.79454872979576,1.9032781500851408,0.2726314906988529
2000-03-07,,,KERVILCO,5.564265084248415,306.7986019419251,88.21782959178343,2.281932383978891,-7.526396843039181,325.9406329537028,1.600106602298063,0.1938234029626541
2000-03-08,,,KERVILCO,3.641140390492085,341.7503727448332,91.85950655697756,-0.3193817174259922,-11.243761268853229,248.34166253357657,1.526977550415766,0.1713297126803504
2000-03-09,,,KERVILCO,0.0,403.5154938417434,91.85950655697756,-2.311344394331397,-11.184960888497688,243.28593437867863,0.9897341286992082,0.1043189235657879
2000-03-10,,,KERVILCO,0.0,499.2147150208821,91.85950655697756,-3.212409263827739,-15.13581782021081,166.93477062402926,1.2493254732662766,0.1436071698245961
2000-03-11,,,KERVILCO,0.0,584.7892515330951,91.85950655697756,2.314811820834295,-14.583824539171882,148.26260917201253,1.9102793461328127,0.2546486226280678
2000-03-12,,,KERVILCO,0.0,390.39533748235095,91.85950655697756,-0.1416059404522703,-9.03435926672853,275.4075775618704,1.3298049876029108,0.147583048917758
2000-03-13,,,KERVILCO,0.0,588.2168635087523,91.85950655697756,5.17773088046919,-11.91792754953044,172.34803194366737,2.0102967610434885,0.2738513046790866
2000-03-14,,,KERVILCO,0.0,566.3902310245761,91.85950655697756,5.219053610313012,-10.530504865894851,195.03616334150283,2.428929666450015,0.3623849728213289
2000-03-15,,,KERVILCO,2.8447778670983226,395.4978540783647,94.70401613250009,2.28841436210049,-10.197613036373504,243.8238350562711,1.805624501625277,0.2668090587865096
2000-03-16,,,KERVILCO,2.477207746994778,450.5315518702436,97.1811131332675,3.531170360193345,-15.16429035520241,153.97172509903936,1.3683689169223483,0.1235159461718017
2000-03-17,,,KERVILCO,0.0,615.1916839009591,97.1811131332675,6.707086951691938,-12.44432064497643,148.74147131461194,2.2400381696914065,0.3037728349783312
2000-03-18,,,KERVILCO,0.0,476.59860248584096,97.1811131332675,-2.2031806031366785,-13.942378911673416,176.9221069786832,1.6063010004577432,0.2022618413514962
2000-03-19,,,KERVILCO,3.8535186959353913,471.1307841823929,101.0344305729962,5.680175036980365,-15.582543390022773,141.60675277880068,2.575567706881385,0.3819862443957843
2000-03-20,,,KERVILCO,6.627894908424813,340.43995066378693,107.66242577006096,0.8772676436305598,-10.181644513989356,265.8430831105391,2.040099342806892,0.2654528533344099
2000-03-21,,,KERVILCO,2.5598632305466813,396.1237656512494,110.22206222149808,-0.7770826277861359,-11.47936070814676,241.7237127029314,0.9242250540979192,0.0566346824261451
2000-03-22,,,KERVILCO,5.848559443682727,312.0598926709848,116.07029757303414,0.1446750544116713,-9.406829081796804,293.7184092934956,1.1874623710488506,0.0934119912892136
2000-03-23,,,KERVILCO,0.0,564.2231783685835,116.07029757303414,5.33524174248964,-9.227079346986754,236.9532243545145,2.138105710089645,0.2608029491276374
2000-03-24,,,KERVILCO,0.0,543.8612207361499,116.06784937837226,6.293068464901329,-7.328486869309073,274.24390566676306,2.299985776538321,0.3152294161033045
2000-03-25,,,KERVILCO,0.0,625.3650024166276,116.06672498292924,9.984022812606735,-7.857686601087046,229.09923465953835,2.567209585332373,0.4139800144865933
2000-03-26,,,KERVILCO,0.0,489.6571317702371,115.44297739509848,7.467181460479984,-4.515593180255461,350.10782980832414,2.86301982513478,0.4031358288917712
2000-03-27,,,KERVILCO,0.0,597.329924414953,115.0527964133692,11.081178044277928,-5.070479507140998,285.6381750709464,3.340025089786024,0.5705085481479797
2000-03-28,,,KERVILCO,0.2196183196875757,469.7390508604449,114.7188946761798,5.987126533693412,-4.94400122794751,352.8865846050808,2.3137518788355136,0.3659761484413233
2000-03-29,,,KERVILCO,8.402858198789872,393.9590115108759,121.41730520492078,5.012687447771153,-7.562629858406803,321.4361519260236,2.3140492882729684,0.2747867899258829
2000-03-30,,,KERVILCO,13.233884680525424,370.6300868215603,134.3081443305262,2.5249672188079537,-8.70015774386952,314.6749876939548,1.8640673669030123,0.2436418888699865
2000-03-31,,,KERVILCO,0.0,256.6112874638384,134.3081443305262,-5.385970845302824,-10.591282131056955,275.0992778310808,1.5367146570120578,0.1481580129516492
2000-04-01,,,KERVILCO,0.0,595.1479846788944,134.3081443305262,1.5705597243558722,-12.902381295051237,196.9543428134452,1.768826763077166,0.2286556336482921
2000-04-02,,,KERVILCO,0.0859252623538083,641.9154923923844,134.39408316035778,3.799174060255576,-12.8371924502866,182.77221561581803,2.48338732286712,0.353476648592345
2000-04-03,,,KERVILCO,0.0,603.2000086161307,134.39408316035778,2.8953821754980487,-11.417459997264904,212.6817472588064,2.879322421010855,0.3739015112504051
2000-04-04,,,KERVILCO,0.0,692.8807113904898,134.39408316035778,12.223121673468723,-8.128019744142124,219.25864696448744,4.56235710408524,0.8053985414027074
2000-04-05,,,KERVILCO,0.0,518.435299555778,132.26415564096664,11.076291966829428,-0.9301454174489728,452.7332268125552,4.672840638167211,0.8277806686560076
2000-04-06,,,KERVILCO,0.0,546.9913492897443,130.90193105106533,9.973914676051995,-2.7554197932141755,388.58348365660055,4.685310852356646,0.8128684368360771
2000-04-07,,,KERVILCO,0.0,611.5624179982898,130.77057816345902,8.202920356715866,-6.7347868670521045,277.4129755954997,4.456190782753084,0.6982099989706861
2000-04-08,,,KERVILCO,0.0,699.4270509116437,130.77057816345902,11.544960207560072,-9.293987573654949,198.89970338642493,4.076844873358844,0.8467845074714178
2000-04-09,,,KERVILCO,0.0,620.9535535419051,129.5555861416817,12.996709199075644,-3.106943196216752,337.7360862322423,4.698741992719281,0.9172747405764388
2000-04-10,,,KERVILCO,4.598655612721571,458.7264598445176,128.76900597909645,11.536579154802482,-4.1278346964398285,381.216394902307,3.5625136389533547,0.770866352721763
2000-04-11,,,KERVILCO,0.0,453.3556330428456,128.37723667426206,4.640409956093365,-5.391224900583934,371.33617119796907,2.5660809945125576,0.3946369044414032
2000-04-12,,,KERVILCO,0.0,640.8002471705491,128.26402070914162,10.371606884064256,-6.186193137933545,276.79023140773404,3.9874033777333984,0.6721545265008992
2000-04-13,,,KERVILCO,0.0,600.3615822259057,126.9154622643876,11.953834130416435,-2.7897730523673343,362.769135103381,3.283037548981381,0.5556406192014166
2000-04-14,,,KERVILCO,0.0,509.3837871604197,124.73386251380975,10.787316875153742,-0.8063665117169334,466.355237002857,3.2194728940970285,0.5371999415949553
2000-04-15,,,KERVILCO,0.0,385.3493252485383,124.3517117965702,2.968191731112987,-5.170045926318517,390.29827961898366,1.9941413606098968,0.2333187844305125
2000-04-16,,,KERVILCO,0.0,644.8459912663445,123.82896441035388,11.310273880181208,-4.755624782701513,300.2546202395667,2.665389047518399,0.3536819669703376
2000-04-17,,,KERVILCO,0.0,629.2434673290923,121.95327793278872,14.028947087184097,-1.534103357194089,373.2998578355721,3.3860781996473337,0.5871603629548696
2000-04-18,,,KERVILCO,0.0,646.8099376445787,121.29958932447587,11.308674253698143,-4.487355496458063,304.7385774607159,3.291033341457694,0.492192662367983
2000-04-19,,,KERVILCO,0.0,452.0528007426845,121.17585779909624,2.2900103225543904,-7.056030761953212,331.28969863780407,2.2165287446707542,0.2474409342268328
2000-04-20,,,KERVILCO,0.0,715.4062975124093,121.16053145101016,12.822993915412898,-7.429360446515471,220.9873943315529,2.9486240057741995,0.4363356378208495
2000-04-21,,,KERVILCO,0.0,635.6795092162499,119.50934199748004,13.597434050675606,-2.068806351706857,352.51038487764976,3.38357449438698,0.6454812262499455
2000-04-22,,,KERVILCO,0.0,447.6414066342753,117.64433608833107,8.072481095890037,-1.559606335757561,468.39501284604114,3.368626056473244,0.493138017616654
2000-04-23,,,KERVILCO,0.0,525.9400493983227,115.81453615137632,9.853970929591028,-1.6445143330701686,426.1163573936434,3.061772820501375,0.3852911798125959
2000-04-24,,,KERVILCO,0.0,540.7051347690209,114.7350221789858,8.524913026631516,-3.4287740715347144,341.34067007504484,3.317103970281289,0.4616676203841826
2000-04-25,,,KERVILCO,0.0,696.7185607384115,114.67561404710044,12.02150841961407,-6.327969117916895,185.38079380348825,3.388845925259554,0.5640476912052785
2000-04-26,,,KERVILCO,0.0,648.9422917705754,112.35755903850738,15.509380710957622,-0.4793780568652674,248.8310766386068,3.839235997200806,0.703551605631915
2000-04-27,,,KERVILCO,0.0,683.6189906947415,110.38020438547524,16.442828867503763,-1.292445504270867,214.7319540449246,3.903809610680492,0.7731734431923294
2000-04-28,,,KERVILCO,0.0,618.0643037289083,107.88448368807624,14.72801241332499,-0.0576499956455274,268.0721441040872,3.960674826894393,0.7707412051208836
2000-04-29,,,KERVILCO,7.570787654970771,445.1123353655315,105.40256661078108,13.93742206797918,-0.0914541934908337,374.8690586293829,3.973791820126832,0.702529091096544
2000-04-30,,,KERVILCO,6.8335123495795225,325.43647908337726,106.25321363789492,4.241332718447159,-4.439787694303266,398.99847319290296,2.037674641645688,0.2066554286778182
2000-05-01,,,KERVILCO,0.0,687.0280091288661,105.91016744097192,12.617363809805376,-5.505903966160829,199.5209490850418,3.223102152508224,0.4218485278111917
2000-05-02,,,KERVILCO,0.0,685.2786108870455,104.26366599700737,16.222497151983408,-2.08029916351248,239.77440007413423,3.863806850743339,0.5842164083172336
2000-05-03,,,KERVILCO,0.0,690.0512083721998,101.85811402405687,18.52013678723836,-0.2715736575893757,259.3567796826288,4.78412783479521,0.9082356523858156
2000-05-04,,,KERVILCO,0.0,670.969363784041,98.88663117278102,18.754210422155744,1.0751326048547682,293.3929981329308,5.125686300863607,1.0927240334946813
2000-05-05,,,KERVILCO,0.0,662.9494603071262,95.62673261162368,19.280595958278504,1.7614898032021211,309.4023490403839,5.460633907344773,1.1484738941585513
2000-05-06,,,KERVILCO,0.0,608.3702458770126,92.3311951027956,16.9371937153276,1.8459834916028908,352.2330584809615,5.489935835872941,1.066765757857581
2000-05-07,,,KERVILCO,13.989837943494056,406.4871804185734,88.81624319494584,15.343946325176386,2.495037444996273,529.1136012880074,5.0342885685865175,0.8423956614723423
2000-05-08,,,KERVILCO,14.440236627462522,287.87404913945284,87.01288390231011,6.457245334859899,-1.579985025129916,518.976983240633,3.024745516957771,0.438289815895744
2000-05-09,,,KERVILCO,0.0,616.7692050731366,86.12342552428898,11.133103356004844,-3.811685480526737,316.93166118331266,4.198475291703505,0.6026992837183368
2000-05-10,,,KERVILCO,0.0,572.6643964019712,82.45217984774153,16.552572285909633,2.989971717563645,491.18532878160687,5.3585017491869,0.8830466214573005
2000-05-11,,,KERVILCO,0.0,656.2474105615102,81.45356678143146,13.453451803665088,-3.625977846335375,291.6185219593245,4.964896599078812,0.7156573793308211
2000-05-12,,,KERVILCO,0.0,561.4198980913764,81.44525094656044,4.324588871448276,-8.445292308942946,254.6430468959604,3.377131109876184,0.4097960253782683
2000-05-13,,,KERVILCO,0.0,668.9900598385416,81.44525094656044,9.128328821876554,-8.209563424411042,211.4717064146264,3.658299173453039,0.5967367496727619
2000-05-14,,,KERVILCO,0.0,640.951244994918,80.06537513925544,13.846226420705124,-2.5524940950684627,307.5817977134998,4.694299592689676,0.8133883142204739
2000-05-15,,,KERVILCO,0.0,632.6743955015246,77.68044678456141,16.22715056041311,-0.0929303517258502,358.9684448028927,5.456100702531714,1.0314348947902294
2000-05-16,,,KERVILCO,0.0,536.3918068602633,74.34169472691576,14.929306151216268,2.332340350698811,493.2042233088599,5.518517365118759,0.9912023346581432
2000-05-17,,,KERVILCO,14.263365555990122,321.42096805182166,76.32461321855729,5.129644948473336,-4.298726835023472,428.4977746723392,3.9151403177621926,0.5616372530630775
2000-05-18,,,KERVILCO,12.93115369160716,303.3083252692429,75.39646667914641,5.461626905711273,-3.3005963333640573,472.527173497031,3.164916623567353,0.4351504059225616
2000-05-19,,,KERVILCO,0.0,552.2113542861738,74.22069561862297,9.812713723552235,-2.9834088738486435,398.03239612998897,3.73014836031912,0.5812657381753503
2000-05-20,,,KERVILCO,0.0,589.1815674522746,72.48601721996897,12.424376215507442,-1.5960087788646342,412.0342059784582,4.451869465301867,0.6995438223932235
2000-05-21,,,KERVILCO,0.0,637.9223789975338,70.39985847389046,15.527182121292087,-0.6986699296723532,403.12931093414807,4.9334763503781565,0.792663267787683
2000-05-22,,,KERVILCO,0.0,659.4438967142901,67.58863843923749,18.906623137587893,1.153273099825636,432.581722886482,5.566782594825942,0.9918356987209094
2000-05-23,,,KERVILCO,0.0,607.1843943339942,63.33759523885672,20.52107058253401,4.852531016961871,586.3623678979136,6.212275440453063,1.1458608951272196
2000-05-24,,,KERVILCO,0.0,592.8495981696838,59.93769007852395,18.18789319191386,3.148615023930424,542.014905515929,5.342581731666723,1.0515278131449062
2000-05-25,,,KERVILCO,0.0,553.5593848317156,57.1702293453925,14.93762867888105,1.538880901503468,520.3084746704125,5.1413250331581,1.0037160437994324
2000-05-26,,,KERVILCO,0.0,491.95490697024377,54.71751244635448,12.488358473088327,0.9443279750953092,540.832223548012,4.575796407192012,0.705757819907264
2000-05-27,,,KERVILCO,0.0,642.347747612831,52.88355879681921,16.7304376217098,-0.5893870420675362,397.0267696476456,4.946232514795393,0.8050550595325049
2000-05-28,,,KERVILCO,0.0,663.2926000916443,49.88584202321919,21.775228032906814,2.598567768558005,460.83719119655615,5.889607413890679,1.234403254440282
2000-05-29,,,KERVILCO,0.0,602.8633911644638,45.74302776741832,22.390490476797364,6.009936127518743,624.28817728916,6.651741131272898,1.4600456086281213
2000-05-30,,,KERVILCO,0.0,615.089562445178,41.98813340029285,22.75490555552681,5.33497919843842,577.6005822673883,6.686889478416199,1.5236190860273282
2000-05-31,,,KERVILCO,0.0,615.4052119311395,38.58653584092609,22.12878080452268,4.740268546179613,556.7716151940707,6.2977500163688855,1.3198201820888538
2000-06-01,,,KERVILCO,0.0,619.3451915130511,35.79010119005501,20.811878760790595,3.341314108569049,509.7049805451177,5.263345752816474,1.0924623191073028
2000-06-02,,,KERVILCO,0.0,560.24386013463,33.16515096336279,17.985622062631062,3.3042031902349907,557.863171977349,5.29946586597081,1.0247228750888688
2000-06-03,,,KERVILCO,0.0,617.764994246516,30.77852035950061,20.57758604462685,2.9595354638862585,496.8082858312824,5.681578415958922,1.1859017266461087
2000-06-04,,,KERVILCO,0.0,585.2259710189454,28.063475113411545,19.904305054809743,3.936588483231069,548.3654002987809,5.093306200035654,1.129395937071494
2000-06-05,,,KERVILCO,0.0,607.6980441131752,25.847221959788047,19.815648772205503,2.542599921125188,468.9037315224194,5.335416631354916,1.0866943948685652
2000-06-06,,,KERVILCO,0.0,631.3652642416262,23.564475823570525,22.265618050690684,3.209688531218312,447.4885072909015,5.5641615689802455,1.2210243170378243
2000-06-07,,,KERVILCO,0.0,612.3266858835913,20.95441376217027,23.47953950073917,4.888393743118073,496.12068168196106,5.439796494975875,1.3253219536880358
2000-06-08,,,KERVILCO,0.0,514.8107414193562,18.36446494850082,19.958955194869898,5.870533081898972,630.1859543366122,5.720249289669121,1.1537097358357704
2000-06-09,,,KERVILCO,0.0,496.4191710142156,16.755173303998376,16.464408422412145,3.211270847389204,555.7012273531967,5.278337896272848,0.8107720095362904
2000-06-10,,,KERVILCO,0.0,582.8476315422474,15.636486285740652,17.832636888632308,0.8033759268496895,412.8588098129501,5.038253837621756,0.8602923246763822
2000-06-11,,,KERVILCO,0.0,548.8738380034297,14.266667028385204,17.804654751247323,2.191537054104678,475.31281475828655,5.058168762753894,0.9771912437219804
2000-06-12,,,KERVILCO,0.0,568.0623102347105,12.815102741951204,19.31514416967216,2.6246154780380104,470.07075648704347,5.857927973958831,1.1100318403609928
2000-06-13,,,KERVILCO,0.0,471.8219296493244,11.086458160474114,17.748304115405354,4.809555428027552,631.1828088792432,5.771579787368675,0.9010848125393216
2000-06-14,,,KERVILCO,0.0,601.9388477657646,10.484732181608358,18.96942058638889,0.1839113573678447,372.8081909659016,5.311223988366251,0.814706518504787
2000-06-15,,,KERVILCO,0.0,534.866650332334,9.152025910259812,20.51339285222389,4.8202625591185,545.4116902267124,6.444967445424819,1.0462118396385829
2000-06-16,,,KERVILCO,0.0,557.9327535300181,8.529634197136476,18.356842049330247,1.4753815157060115,428.6008295114616,5.350308926243309,0.8423884163196065
2000-06-17,,,KERVILCO,0.0,546.1821954496205,8.183147585894606,15.805156286669384,-0.5552360935778881,389.8870035238597,4.819718928215075,0.7385556372401042
2000-06-18,,,KERVILCO,0.0,517.8585115224366,7.468040982207808,17.5947705350705,2.253855783389312,468.7405094566776,5.265310489597036,0.9924519973318332
2000-06-19,,,KERVILCO,0.0,426.1907776017019,6.65515915870127,16.097054437870465,4.272725372892669,598.2055035675193,5.346348568467364,0.8361654473078602
2000-06-20,,,KERVILCO,0.0,514.6380642450479,6.073854398649667,17.683776583117318,2.531884793436796,443.2967156568291,5.590596664797221,0.8737260821016295
2000-06-21,,,KERVILCO,0.0,596.645186924497,5.653064412390911,20.77085252166933,0.8684443074468916,313.1576050196681,5.400275890674294,1.0374692623331476
2000-06-22,,,KERVILCO,0.0,529.2449873687226,5.014716001855075,20.60098527464857,4.496666685165745,455.3851056038801,5.072118932048609,1.153649314733707
2000-06-23,,,KERVILCO,0.0,494.9670101253489,4.539192988901805,18.50406880962809,4.070958030917162,480.8349631929837,4.431794518198825,1.0266650279033744
2000-06-24,,,KERVILCO,0.0,516.7121556957909,4.15976075311139,18.363565934271247,2.8560270801618466,424.8170955363838,4.951378331399076,0.9664273843234176
2000-06-25,,,KERVILCO,10.808902547718947,403.4774594645401,3.757403098232977,20.241212032110315,3.101916070401616,522.7636763605793,4.756746123283026,0.866425730153402
2000-06-26,,,KERVILCO,8.118963058052524,259.7619572661331,3.2942467997472487,13.79250010042666,4.288146834223366,783.5557734448283,4.44627225971441,0.7790014354790956
2000-06-27,,,KERVILCO,4.372290784295302,278.905417251752,2.8124837910671623,14.735283649152995,4.457631372650952,783.9829870173668,4.647201366263661,0.7395595555636558
2000-06-28,,,KERVILCO,0.0,501.2923589021386,2.4064047857114894,18.090420283270312,3.4157691940817467,515.6302196005967,4.911031046507462,0.9150121714175392
2000-06-29,,,KERVILCO,2.752504404759568,373.8452401912842,1.918540468866832,19.834860495737768,5.020646211664706,638.162025602212,5.2537308486621646,0.9545360223742628
2000-06-30,,,KERVILCO,0.0,511.18152474533537,1.4871165718216222,20.05026114888645,4.903517026821274,507.3990449400489,5.110133414934777,1.060318528588356
2000-07-01,,,KERVILCO,0.0,526.2052973222703,1.1804648583226744,20.20722102652389,4.37368972791554,475.9112971855725,5.35210705204917,1.0715398299432644
2000-07-02,,,KERVILCO,0.0,545.7579177003911,0.8973468546740271,22.056435630752382,5.047985433671351,472.8241892814606,4.855231296615088,1.1769542295319253
2000-07-03,,,KERVILCO,0.0,479.27050133547374,0.6806931574766476,18.84924130244429,5.082239539491322,549.4736562742021,5.203286008649822,1.043257886475007
2000-07-04,,,KERVILCO,0.0,525.7077985013775,0.5347908540857537,20.98706027125485,4.994544607371739,493.8909964673013,5.705854047574892,1.1458169800569311
2000-07-05,,,KERVILCO,0.0,562.7454156262805,0.4132358420371598,22.98736246605411,4.769829302721741,447.855089302694,5.61038134153669,1.2490732587179976
2000-07-06,,,KERVILCO,0.0,553.110052201622,0.2854024898366823,24.41506499504076,6.617046025504583,510.1925652385818,5.559406421739192,1.3134953307770665
2000-07-07,,,KERVILCO,0.0,535.3417435334704,0.2106991428602341,23.70836453969212,7.053666461577597,544.5878955167898,4.548786334557318,1.3278345053023235
2000-07-08,,,KERVILCO,5.49997471650743,395.63352055736993,0.1710345772934303,20.323412080433265,5.483381244371523,643.0484152282917,4.807625361883017,1.0782018953173227
2000-07-09,,,KERVILCO,0.0,477.64667502989073,0.1422272130283182,19.48131670991037,5.596074337086729,592.2392088407797,4.729609848810257,0.9220233165298674
2000-07-10,,,KERVILCO,0.0,498.0930666859261,0.1233569638970521,20.40052778507992,5.669554439417233,548.967124038955,5.015721864110994,0.9846206878148832
2000-07-11,,,KERVILCO,4.7834195346349295,399.0106259016249,0.1007597112984099,23.368503520415032,6.355934247134042,668.6637712328659,5.237284193197299,1.1192796856947405
2000-07-12,,,KERVILCO,1.9422604987468264,416.8520218763275,0.0759691857112663,19.68655182190185,7.215725604097266,726.4043470592588,4.3833482005164495,1.0809064841973384
2000-07-13,,,KERVILCO,5.752795239811249,380.4336410633661,0.0521799595414459,20.88570097985828,5.989162098972268,710.1595812336723,5.080601403568119,1.116817907979059
2000-07-14,,,KERVILCO,5.727546165677411,395.6124597126536,0.0322551670330248,22.58989229310488,5.871065870330545,705.2310234588505,4.768768075722307,1.0541746876473113
2000-07-15,,,KERVILCO,3.760884486904185,364.5411036629982,0.0110422284356139,21.39787859074277,6.759823321328219,813.845982165199,5.290640742896752,1.115777117403283
2000-07-16,,,KERVILCO,6.250346766736506,353.56249792629546,0.0028368440318125,19.027088943081083,5.8478193848284885,807.2118850143881,3.819338971773308,0.7482833731902793
2000-07-17,,,KERVILCO,0.0,423.9311176818095,0.0,18.04841498586645,6.328233693602923,779.0493331075938,4.855105037701271,0.904620575181284
2000-07-18,,,KERVILCO,0.0,524.3175017803799,0.0,21.94673762029985,5.839632630764731,645.6934529262899,5.252417203721608,1.1016168612984945
2000-07-19,,,KERVILCO,0.0,549.632369781349,0.0,23.22633189633938,5.4802841738747565,604.8336203677546,5.685875864442441,1.330253233041174
2000-07-20,,,KERVILCO,0.0,530.318375999164,0.0,23.207614137417806,6.444375558239202,663.4275055373397,5.5061052178532055,1.305892573280115
2000-07-21,,,KERVILCO,0.0,528.5357990191901,0.0,23.22571070117842,6.589007674094694,673.0000221719838,5.632148232008906,1.3099795648577308
2000-07-22,,,KERVILCO,0.0,526.8460614737336,0.0,23.65367172703022,7.0819366775667065,695.9052091628151,4.943732153075746,1.3088071723217731
2000-07-23,,,KERVILCO,0.0,534.7486721426117,0.0,23.335406571536417,6.312626535295627,655.3327765538253,4.973230318746879,1.3738919608799505
2000-07-24,,,KERVILCO,0.0,542.4039147081149,0.0,24.119328894292583,6.511212259555815,654.7199242560026,5.585122605337408,1.351165341528033
2000-07-25,,,KERVILCO,1.4446168146031555,463.3089862955634,0.0,23.023903672863607,5.104371892862848,675.92558177628,5.093602110393783,1.205287363401392
2000-07-26,,,KERVILCO,0.0,503.652901016961,0.0,21.894648178703303,6.239578375907268,693.895297109091,5.114236873285749,1.186594774642049
2000-07-27,,,KERVILCO,0.0,528.0069910906099,0.0,23.50763269860924,6.285339549608798,669.2242500960443,5.2867295237048655,1.2411457089781823
2000-07-28,,,KERVILCO,0.0,511.3246547824266,0.0,23.140832895923342,6.748369777425942,708.3226953266364,5.099204521830406,1.264212290797034
2000-07-29,,,KERVILCO,0.0,503.9948122991128,0.0,21.965341002027724,6.030837927716396,661.1909487737221,5.104285881335336,1.0943095876604807
2000-07-30,,,KERVILCO,0.0,511.3713100601292,0.0,21.38824039124231,5.118953783204048,593.2466363659644,4.858650809536164,1.0510284483406984
2000-07-31,,,KERVILCO,0.0,552.8643573787517,0.0,23.00716984588166,4.108452647018979,515.1994385413532,4.819717631134225,1.034587656553921
2000-08-01,,,KERVILCO,0.0,519.1267511246506,0.0,23.527729530508385,6.495271730373787,635.3419859913682,5.0758654554212885,1.1989749591047727
2000-08-02,,,KERVILCO,0.0,511.7025493926359,0.0,24.16653417185069,7.358859611816651,678.2519973785857,4.432006075609854,1.291735583099684
2000-08-03,,,KERVILCO,0.0,502.82826553054815,0.0,23.50260486750669,7.196944539572596,684.9295933068976,4.278103604102024,1.294258488937883
2000-08-04,,,KERVILCO,0.0,470.29792988699006,0.0,22.040092723380937,7.336645714840213,731.369757000664,4.812653822818096,1.1828099763344606
2000-08-05,,,KERVILCO,0.0,517.3964758770767,0.0,23.04557846143977,6.072063479049526,625.7977057349675,5.177308446662581,1.0853294676276308
2000-08-06,,,KERVILCO,0.0,513.498769176141,0.0,23.69334095722625,6.906987130568552,599.8286808848297,4.679953289993558,1.0581077876069105
2000-08-07,,,KERVILCO,0.0,544.9369490709381,0.0,23.69828791601052,5.159745786127439,439.7484256886178,4.700865858093302,1.2068037104437637
2000-08-08,,,KERVILCO,0.0,538.0644770061143,0.0,24.9108323073142,6.460548079575936,483.9267730149275,4.832900276509683,1.2393605310323217
2000-08-09,,,KERVILCO,0.0,507.6108724055824,0.0,24.486395453181768,7.636723877978936,559.2612654373797,5.21649658839035,1.2522456276191067
2000-08-10,,,KERVILCO,0.0,524.731356676357,0.0,24.294455409601387,6.537518220298332,502.8211939909674,4.543182825543141,1.0876525946593456
2000-08-11,,,KERVILCO,8.818428263982074,416.4982223721463,0.0,23.59998670011023,7.3286602685845885,664.3124681246633,4.482590504888409,1.0453909738167508
2000-08-12,,,KERVILCO,17.312538404503762,336.95161446671045,0.0,21.037273307429125,6.547432368910257,781.2192576717074,4.367681766166444,0.9274238308258874
2000-08-13,,,KERVILCO,0.0,485.4206610775436,0.0,20.83592225168356,4.934558911254687,621.4510885774783,4.074703736462485,0.8549625964248995
2000-08-14,,,KERVILCO,11.91083791000403,365.9795311085575,0.0,23.08636775274952,6.362059506627076,799.0103927002481,4.292142758825323,0.9931551646338952
2000-08-15,,,KERVILCO,13.091324735253488,355.1322811573923,0.0,22.96097562837584,6.766871325866796,873.7126656859446,4.062129992113142,1.0066717236332636
2000-08-16,,,KERVILCO,8.371550040206817,341.4219124465134,0.0,20.454076370150904,5.253543308941855,810.8073853347424,3.942183666437748,0.8283176990139444
2000-08-17,,,KERVILCO,9.896347522196098,297.084405094307,0.0,17.565343870108567,5.0436464713094304,836.811519416016,4.013615279890949,0.7650219186947577
2000-08-18,,,KERVILCO,0.2033057160149168,274.671222733101,0.0,13.885092041955875,5.655730915491659,900.7115752240561,3.2918834312359384,0.4680177253743169
2000-08-19,,,KERVILCO,7.3570506565821,323.8695195879003,0.0,19.07485643546596,5.218759088285204,846.1246652277231,3.921325473760647,0.6507533829103734
2000-08-20,,,KERVILCO,5.865214471320998,333.4491516765249,0.0,18.74244820442872,4.654553928056624,818.8774320268498,3.8269707151294097,0.7135692340499142
2000-08-21,,,KERVILCO,7.216711251209121,333.2561722555787,0.0,18.766798501752405,4.354433159245689,813.9478908194936,4.099246322753637,0.9004282656971389
2000-08-22,,,KERVILCO,0.0,438.3589116824154,0.0,18.869910142936707,4.943482076184358,785.3931484790472,4.000358650416274,0.8288108440949905
2000-08-23,,,KERVILCO,2.830266213473384,351.33079094823466,0.0,19.62401788434881,3.981326061756355,792.528261564309,3.655889354749098,0.8302630025917375
2000-08-24,,,KERVILCO,0.0,455.5810713959527,0.0,19.94714553540792,5.149611640280367,786.6445353527259,4.047649024254923,0.9617062367947384
2000-08-25,,,KERVILCO,4.414736614691899,348.0157947411439,0.0,21.327978433227752,5.674992156756279,894.1694609662435,4.004959425939381,0.943485409730461
2000-08-26,,,KERVILCO,2.798372100948324,298.1245713382627,0.0,17.75192439097152,5.330330754686269,892.31217724546,4.073037005324503,0.8298065969818729
2000-08-27,,,KERVILCO,0.0628588057679823,453.1276071309878,0.0,19.60256627815813,4.823900389768912,790.4761209674834,4.138072311094741,0.8413203997916022
2000-08-28,,,KERVILCO,4.205659060433624,355.90740793852774,0.0,21.36448412867244,5.082850481594216,867.5343130057811,3.6767507985619554,0.8589949833030159
2000-08-29,,,KERVILCO,4.728783070602765,320.6063209105395,0.0,18.64353603367988,4.886110276050257,865.6281258424806,3.8003253412105487,0.7664999053690946
2000-08-30,,,KERVILCO,6.905136932862913,304.27573540325693,0.0,17.104054451972562,4.507729521723327,846.6657566962825,3.875163044168972,0.6918587155397399
2000-08-31,,,KERVILCO,0.0,408.4754889984148,0.0,16.332720719495793,3.812309080378385,792.4327010090335,3.5645520710190626,0.674212206519149
2000-09-01,,,KERVILCO,0.0,407.4981688539152,0.0,16.467529874550735,3.9371022555376736,794.4831465565345,3.839571404237328,0.7688382436664192
2000-09-02,,,KERVILCO,0.0,430.7759815099407,0.0,16.497787387838123,3.107979789176612,748.0711326288116,4.496820910481312,0.882143096328238
2000-09-03,,,KERVILCO,0.0,421.6517145025414,0.0,16.357375146703937,3.248250969753208,754.0821286288085,4.002423160806289,0.94829192393941
2000-09-04,,,KERVILCO,0.555492976014021,464.7916671480263,0.0,21.98895771815802,4.84886425547717,807.0475593509266,4.800041091973275,1.17091150633456
2000-09-05,,,KERVILCO,3.5222768124191344,329.8964112266473,0.0,20.39300849123456,6.197292271741302,945.9072823087956,4.892059292278687,1.1313900482947723
2000-09-06,,,KERVILCO,0.0,418.06507679315786,0.0,17.044400442912416,4.14987254718755,816.8229837990424,4.614820332270265,0.9904123026933304
2000-09-07,,,KERVILCO,6.347430001106173,349.77366948477635,0.0,18.40287245880891,2.8874110660633585,752.6755472362024,3.836395939345892,0.8624219254568167
2000-09-08,,,KERVILCO,4.388500889931768,298.34698762652795,0.0,14.08847992413294,2.9896492674038866,755.4359422396639,4.528501055846853,0.9722575360334464
2000-09-09,,,KERVILCO,0.0,422.5987937886372,0.0,15.80617359868183,2.780671518244309,739.7980364918541,4.3520370596105975,0.8133073210664682
2000-09-10,,,KERVILCO,0.0,479.2170003366918,0.0,18.86475167140077,2.739890202683048,724.0784722916841,4.660759740715029,0.9752730814150178
2000-09-11,,,KERVILCO,0.0,461.2192673740449,0.0,18.259238641316248,2.99781071462987,742.0725209485997,4.771020580213174,0.9895982941487584
2000-09-12,,,KERVILCO,0.0,514.1648060774305,0.0,20.48662080669883,1.2507254324999328,638.517652437146,4.391565152283443,1.0453900111375731
2000-09-13,,,KERVILCO,0.0,511.1071225516963,0.0,22.646384890688577,3.034020505583483,719.9186332575443,4.536820786585846,1.1467100783241904
2000-09-14,,,KERVILCO,0.0,452.340898834002,0.0,21.90423442331165,6.193770918487999,925.307118846447,3.916751068684312,1.2133743362828844
2000-09-15,,,KERVILCO,0.0,469.4519998396119,0.0,21.685869734900788,4.903394568815775,843.3129883442127,4.5428325233473466,1.221834288770509
2000-09-16,,,KERVILCO,0.0,483.55957559018975,0.0,23.08186250083488,4.788686228149139,832.1202879604186,3.8428433175563166,1.350821125757666
2000-09-17,,,KERVILCO,0.0,429.2086120130202,0.0,21.251833576492963,6.239046924265209,943.3287479319016,4.161726691299126,1.3649548363881578
2000-09-18,,,KERVILCO,0.0,393.8417823509443,0.0,15.107472989036417,2.2737233388775016,723.3809390125649,3.8740514162070654,0.8621241877366295
2000-09-19,,,KERVILCO,0.0,436.4364744596864,0.0,17.341337782924636,2.08718379598216,707.1957650489451,4.271091716816563,0.7876493391953057
2000-09-20,,,KERVILCO,0.0,405.1698650004548,0.0,14.352357635854752,0.8733656120665596,651.5673236560672,3.621463749246952,0.6579750429306219
2000-09-21,,,KERVILCO,0.0,402.2284419485737,0.0,15.385165647755706,1.671170678175546,687.2140822332991,4.009032732976034,0.7284338850296065
2000-09-22,,,KERVILCO,6.340238260923737,266.18817288462,0.0,15.574740583664736,3.90429637106892,807.6374384899834,3.753241911866194,0.681136270352225
2000-09-23,,,KERVILCO,4.065488351069332,289.0114618746764,0.122618878829071,9.682492080415042,-2.825075699666094,499.1339474033467,2.830408748519317,0.4700611899109006
2000-09-24,,,KERVILCO,0.0,366.4822889873022,0.122618878829071,3.765720629101953,-7.649296187199332,346.74750068743003,2.0585898737959614,0.2561590683891239
2000-09-25,,,KERVILCO,0.0,502.36593732935086,0.122618878829071,13.880954091987103,-7.02567368452452,357.7187466741517,3.03095721963646,0.6655875933213561
2000-09-26,,,KERVILCO,0.0,470.8797414583604,0.095981829456234,15.28988353205872,-3.167761138574736,477.9068096138421,3.636620073849095,0.7345505510208462
2000-09-27,,,KERVILCO,0.0,444.3006097337165,0.0322282125595139,16.544939967488013,-0.3111886472025135,591.7783164677182,3.2780845056242303,0.7069489534498395
2000-09-28,,,KERVILCO,0.0,402.51975072755545,0.0,15.901446204451911,1.30412565091141,668.1691795923654,3.128100994799459,0.7239004617594058
2000-09-29,,,KERVILCO,0.0,368.072539642406,0.0,14.756399799046203,1.860588667307522,698.2577033349947,3.0901005637732606,0.6524318203531858
2000-09-30,,,KERVILCO,0.0,353.3879510189532,0.0,14.86237161867449,2.415809459251665,725.7379932406737,3.734454114680434,0.7132854585655359
2000-10-01,,,KERVILCO,0.0,368.7878145899124,0.0,16.759503567097003,3.2784815869717425,769.9845900214267,3.956891087683453,0.7703006088382601
2000-10-02,,,KERVILCO,0.0,387.1351990840831,0.0,17.79970218317231,3.2830787716973098,770.7535181869695,3.8632871667809847,0.8139652273570919
2000-10-03,,,KERVILCO,0.0,337.23739974481543,0.0,15.63045995930682,3.621203957181269,791.5502254098532,3.532265901057789,0.7431153682364287
2000-10-04,,,KERVILCO,0.0,283.2828585640658,0.0,10.32254067852844,0.7010239242768178,642.8418503404243,3.0295464757841444,0.6168596639414522
2000-10-05,,,KERVILCO,0.0,334.54281566196266,0.0,11.317497607646205,-0.4643785529400696,590.3198362811703,2.9700884605373568,0.5132614883223032
2000-10-06,,,KERVILCO,0.0,346.0299037676803,0.0,11.262302799846234,-0.9888709201481032,568.2143293392608,3.2073745447079296,0.5829752711735089
2000-10-07,,,KERVILCO,0.0,372.1468134938428,0.0,10.814104383810797,-2.572150678754603,505.5322041853801,2.5324877852913725,0.5103273757283318
2000-10-08,,,KERVILCO,0.0,252.2973693891324,0.0,6.278261962772277,-2.097074648192757,524.3698079343811,2.0984110989224227,0.4086331406370274
2000-10-09,,,KERVILCO,0.0,335.6626086046381,0.0,8.867707885103867,-2.8422634826714552,495.7284237452664,2.2018736910770027,0.4789288171432305
2000-10-10,,,KERVILCO,0.0326358522060869,300.35890879324336,0.0,8.674286408704601,-1.7327173793499562,538.0261090986227,2.1614262629283623,0.4086755595059727
2000-10-11,,,KERVILCO,0.0,286.60890894354105,0.0,10.44965692096604,0.7158527168389844,643.9629761485554,2.3145218994973606,0.3783352255140905
2000-10-12,,,KERVILCO,0.0,332.90719876450123,0.0,9.746622389007351,-1.7797627338954187,536.5736902173533,2.301246781277143,0.3880728405786035
2000-10-13,,,KERVILCO,0.0,289.0096565539308,0.0,5.732908057007576,-3.9038794197213775,457.69979877490334,2.073399279376306,0.3430074390468611
2000-10-14,,,KERVILCO,0.0,369.56827874425016,0.0,7.075160578167473,-6.143896706334124,386.15569432843085,2.11549053242201,0.359524593845643
2000-10-15,,,KERVILCO,0.0,413.67199908410095,0.0,10.640270893151133,-5.866309943577917,392.4813428946506,2.11889285919238,0.469320627280287
2000-10-16,,,KERVILCO,0.0,407.0568925425248,0.0,10.530779979577352,-5.59381485623229,400.893766376985,2.456095209594083,0.496266545566012
2000-10-17,,,KERVILCO,0.0,422.1866720292951,0.0,13.20693481020442,-4.918644311975422,419.4837439266252,2.0809158232639624,0.5955446770828198
2000-10-18,,,KERVILCO,0.0,405.6872434242569,0.0,14.561939003772933,-2.569702498008596,501.38850684792885,2.386178756576582,0.6785833758802637
2000-10-19,,,KERVILCO,0.0,374.442713407918,0.0,12.071772667426348,-2.700952030212796,499.6930287176352,2.6596407327099483,0.6189961207416396
2000-10-20,,,KERVILCO,0.0,366.8943054203283,0.0,12.218744786383644,-2.237722201913189,517.6506587229038,2.113526554072916,0.5473236104465478
2000-10-21,,,KERVILCO,0.1652484121173794,343.50520822162537,0.0,10.290363414050107,-2.965477362087192,490.8551768075408,1.9970314130700253,0.479716635834123
2000-10-22,,,KERVILCO,9.91458188316825,180.35418127755003,0.0,6.863543273930479,-1.6157202755213622,542.64006836165,1.8501439666252977,0.3218534926704343
2000-10-23,,,KERVILCO,5.337200447142944,122.72368875707728,0.0,4.189521810853093,-1.35269242433267,553.6987086654024,1.2998427555492125,0.1731198871744581
2000-10-24,,,KERVILCO,0.0,236.16663852135773,0.0,4.46434162754032,-3.6671874441365375,466.6003950845819,1.2686011732677818,0.1884865452887544
2000-10-25,,,KERVILCO,0.0,318.257920403722,0.0,4.6767112539521385,-6.632417887079352,373.4424884353499,1.495135443943923,0.2334273202073724
2000-10-26,,,KERVILCO,10.413680084818536,319.6926906063079,10.413680084818536,8.650560380123185,-7.507480599742091,347.9905845030489,1.642334382060617,0.3511195280668658
2000-10-27,,,KERVILCO,8.173043178586152,266.6236179358535,9.726379155946065,7.334580871944702,-4.3645329760860925,442.0286722928689,1.8281123164703648,0.3140041015050259
2000-10-28,,,KERVILCO,0.0,196.4421996275664,7.9989837504183745,3.9248777089470592,-1.886179155482516,532.5347851868783,1.4515367449490248,0.2282485398430899
2000-10-29,,,KERVILCO,0.0,316.65201037407155,7.607916233111234,4.208473924773487,-5.454687681107993,409.2272631206719,1.5967139739894394,0.2445204584398748
2000-10-30,,,KERVILCO,0.0,367.73836227883646,7.505547268014353,6.08859972298306,-5.990495504093211,390.9747094002696,1.7859770490033806,0.3511526094827236
2000-10-31,,,KERVILCO,0.0,330.1747901431337,7.479378095399415,2.085300654843241,-8.119659237526669,333.9303030926933,1.4194707854972823,0.2305739823593553
2000-11-01,,,KERVILCO,0.0,227.32279862393105,7.477457031736055,-2.3465791438898025,-8.90537122842147,313.8817011726023,1.1934597740446735,0.1685155077163128
2000-11-02,,,KERVILCO,0.0,348.9461253190541,7.477457031736055,0.6378060577469574,-10.386781142184882,278.78893361702995,1.0170030217730683,0.1720682348046801
2000-11-03,,,KERVILCO,0.0,313.1077355984654,7.475813487267033,1.5170942652363253,-8.208739106633146,330.39135818758166,0.9361750186411962,0.1653496348128168
2000-11-04,,,KERVILCO,3.032363323549524,298.4647015834394,10.508873248892868,6.768355784648341,-8.48762470806884,322.67200215302137,1.1072249513434702,0.2014989826041928
2000-11-05,,,KERVILCO,0.0,371.4114933801583,10.508873248892868,-1.5471664889362031,-14.397267031053165,205.1755110073049,0.9129186442761466,0.1261870567686391
2000-11-06,,,KERVILCO,0.0,371.1711963471913,10.508873248892868,-5.263711020248806,-17.990329100619082,150.6808849437666,0.928356951018752,0.1416867049277366
2000-11-07,,,KERVILCO,0.0,414.0120669353474,10.508873248892868,-2.7787923982320377,-19.797954161906347,129.063263938731,0.916339035014504,0.1438869985176824
2000-11-08,,,KERVILCO,0.0,407.940515681244,10.508873248892868,-0.3870190702848455,-17.231325066992895,159.48938934853228,1.3498128113391692,0.24849881559054
2000-11-09,,,KERVILCO,3.326053722413074,248.4407306102576,13.835320939097697,0.2583920726474694,-11.647016720789086,250.89042824585908,1.4729239890105017,0.3051059495040705
2000-11-10,,,KERVILCO,2.71518619132476,235.19931131165976,16.550627618243638,0.3641439511545041,-10.625375529945494,272.250925210894,1.3688092570007988,0.2668671345134363
2000-11-11,,,KERVILCO,0.0,299.0847958708234,16.550627618243638,-4.315832415149437,-14.365630443550527,202.0361311866425,0.8502600953339431,0.1320969677323795
2000-11-12,,,KERVILCO,0.0,294.71474216437446,16.550627618243638,-9.513426904095052,-19.49713511449685,131.3352761926328,0.7726238550138111,0.1125640928401141
2000-11-13,,,KERVILCO,0.0,352.94980849145804,16.550627618243638,-7.807063657762779,-21.000897735768845,114.97707584824514,0.8719115594528959,0.1331897831676978
2000-11-14,,,KERVILCO,5.614965228644715,302.9437011782727,22.16589671729001,0.7426674685114527,-17.933545414443298,149.1770949072856,1.0772379970896455,0.2116564512143718
2000-11-15,,,KERVILCO,0.0,242.6951962659168,22.16589671729001,-6.710569686712884,-14.768595061394691,194.55614136235727,0.9134794842490364,0.1382807944528926
2000-11-16,,,KERVILCO,0.0,326.5614072785657,22.16589671729001,-7.03118863857422,-18.62968684799409,140.88352459205584,0.8305981476165458,0.1346211545346624
2000-11-17,,,KERVILCO,0.0,359.22062707021115,22.16589671729001,-6.321042551993849,-20.01599120935074,125.01331314671351,0.8891280956274025,0.141342189561519
2000-11-18,,,KERVILCO,0.0,381.84714940493103,22.16589671729001,-6.100430628768714,-22.12352373551531,104.28695360368866,0.9736559650060252,0.1462902850384506
2000-11-19,,,KERVILCO,0.0,359.58547283278114,22.16589671729001,-0.2634767510265525,-14.88407509811928,192.58068794138012,1.4015331145693692,0.2245862030636066
2000-11-20,,,KERVILCO,0.0,367.8543270578608,22.16589671729001,1.7975391939211507,-13.676833719022069,212.72855112474977,1.31893273149805,0.2486238763282265
2000-11-21,,,KERVILCO,0.0,364.6194143113446,22.16589671729001,4.014732621905451,-11.802488105578188,247.3416350158629,1.3304667063772695,0.3026416874289699
2000-11-22,,,KERVILCO,0.0,321.0557509235034,22.16589671729001,5.253382258865703,-7.583624819329383,345.3841373412758,0.9393201519802628,0.3305746029279843
2000-11-23,,,KERVILCO,0.0,335.99861976786286,22.16589671729001,2.5212681731019178,-11.55659610131613,252.81512492503785,0.9362535561040686,0.2180452705225981
2000-11-24,,,KERVILCO,0.0,349.0544401391414,22.16589671729001,1.68571994993266,-13.79510830926846,210.4512643325682,1.3294640394666346,0.2560885378074449
2000-11-25,,,KERVILCO,0.0,314.98574934614726,22.16589671729001,-1.8672343778608147,-14.690666926862765,196.1921462994924,1.0422116428983572,0.1873830042997377
2000-11-26,,,KERVILCO,0.0,274.4926139976509,22.16589671729001,-0.8918485296563802,-11.726801444367798,249.036462978858,1.319407821009034,0.2267729121582872
2000-11-27,,,KERVILCO,0.0,287.69523333160777,22.16589671729001,1.8210185947023927,-9.84547072541301,289.2977906999833,1.140385042357209,0.198180250192017
2000-11-28,,,KERVILCO,0.0,244.01927296969592,22.16589671729001,1.8376706226677628,-7.856052387145898,337.80885341598974,1.2148733498002795,0.1976314031720966
2000-11-29,,,KERVILCO,0.0,340.0677736113583,22.16589671729001,5.93902197768298,-9.953626834367588,277.411941333847,1.249520519680955,0.2642699394183311
2000-11-30,,,KERVILCO,0.0,283.1892952355548,22.16589671729001,1.0872882799361974,-10.665944906515724,270.76096433842827,1.3459755147159187,0.2230746486360255
2000-12-01,,,KERVILCO,0.0,325.9480005430386,22.16589671729001,1.1518691566674115,-13.81489501206205,210.0156414703119,1.098582204036961,0.254127251446269
2000-12-02,,,KERVILCO,0.0,337.0034930090283,22.16589671729001,5.04361052677511,-11.500138769498552,248.86512731365707,1.329105025845032,0.3424113786985964
2000-12-03,,,KERVILCO,0.0,325.288129371556,22.16589671729001,4.192196583355935,-11.567794767783877,249.20303203822309,1.5270170001459065,0.3081760824729288
2000-12-04,,,KERVILCO,0.0,315.5371658580602,22.16589671729001,3.525255070198757,-11.473798924756128,252.5317934258465,1.3490405928128206,0.2958755380137186
2000-12-05,,,KERVILCO,0.0,286.6374838113952,22.16589671729001,1.8585042016738944,-11.201368350982037,258.399393691552,1.5147254711490503,0.2710914215062018
2000-12-06,,,KERVILCO,0.0,335.42133547834425,22.16589671729001,4.181846861474182,-13.07671522004867,218.61052271674856,1.3353556543871277,0.2530364241576355
2000-12-07,,,KERVILCO,0.0,289.2729987342848,22.16589671729001,3.858038674471624,-9.332389580517583,297.733646296982,1.4469331289415914,0.3236938210981571
2000-12-08,,,KERVILCO,0.0,226.6884240851832,22.16589671729001,0.5419769700626391,-9.084198834903948,306.5907368342146,0.9620516079086452,0.2015272339765733
2000-12-09,,,KERVILCO,2.475252740169174,91.65856067013502,24.64069218258069,-1.949366742841301,-6.8845425762672745,364.7748100771007,0.942603463845096,0.1655249301779151
2000-12-10,,,KERVILCO,0.8272749566662145,170.09248626852175,25.46780405231476,-2.133936971171757,-9.52801040506479,297.10288596320675,0.8686777092006923,0.167161846550091
2000-12-11,,,KERVILCO,0.0,214.18478522424965,25.46780405231476,-8.232380912425393,-16.678698230760045,167.85255525633485,0.9655531343991364,0.145828857839411
2000-12-12,,,KERVILCO,0.0,207.2002846336156,25.46780405231476,-4.975985183629064,-13.326279007683608,218.89714323063305,0.7662425613265272,0.1614042032725867
2000-12-13,,,KERVILCO,0.8486116926807568,147.27847638447065,26.31692722421221,-6.463355950075735,-12.628091223350742,231.62905498447648,0.8395543432779977,0.1442755436821212
2000-12-14,,,KERVILCO,5.72867592692292,132.3968408523727,32.04591029154703,-4.044427149279681,-10.921674131898843,265.73304074073434,0.8326385651788022,0.15619418853107
2000-12-15,,,KERVILCO,3.8477754427872495,129.33914352157527,35.893104666390364,-7.350433272282608,-13.25526672488445,220.3048784580252,0.9392241454712345,0.140810898167314
2000-12-16,,,KERVILCO,0.1170243906231395,270.50766507098257,36.01031536989484,-6.573478067981588,-17.549783699937176,154.99407057349438,1.1142431293516557,0.159809923531051
2000-12-17,,,KERVILCO,0.0,346.41566756354695,36.01031536989484,1.404336634489436,-16.274681458897348,171.1166788320613,1.446019197239431,0.2294303350196948
2000-12-18,,,KERVILCO,0.0,252.04946115884823,36.01031536989484,-10.123567252535029,-19.984270109407863,125.663385508846,0.833285832650245,0.1204319540915154
2000-12-19,,,KERVILCO,0.0,354.8902630217756,36.01031536989484,0.6490868867278667,-18.11857976510733,146.3085004536071,1.4097576927953877,0.2469335522855096
2000-12-20,,,KERVILCO,0.0,184.29091827094524,36.01031536989484,-6.63734286820935,-13.768085250259144,211.099300252884,1.0460533514236563,0.1601241362556626
2000-12-21,,,KERVILCO,0.0,305.2342195087201,36.01031536989484,-2.908089572478045,-15.684242426410924,180.21327547947547,1.0203362973707222,0.1651661551370387
2000-12-22,,,KERVILCO,0.0,273.3037559369897,36.01031536989484,0.531008280147255,-10.376585138764012,276.65195451302134,1.252480293162424,0.2245409925403835
2000-12-23,,,KERVILCO,0.0,288.6884938213681,36.01031536989484,-0.0989883869351114,-11.752454544049105,246.55748547070408,1.1192677666421282,0.2134179435619549
2000-12-24,,,KERVILCO,0.0470097506408473,317.7092605417672,36.05745256771832,1.580228277809702,-12.096135542597503,236.1927263787263,0.9172695927868106,0.2263756418951314
2000-12-25,,,KERVILCO,0.0,157.40226404147472,36.05745256771832,-6.126285641278718,-11.85941899180202,246.5529699811428,0.7621306108875425,0.1523285732950086
2000-12-26,,,KERVILCO,0.0,334.6464705587659,36.05745256771832,-0.3285807436660307,-15.160331419893067,185.7361021216731,0.7627267977833643,0.1685570248381488
2000-12-27,,,KERVILCO,0.0,356.9844602859222,36.05745256771832,3.63347044205222,-14.590840923746896,183.43620932254933,1.318742158131205,0.2524064221357071
2000-12-28,,,KERVILCO,0.0,333.95773169397023,36.05745256771832,2.235140590564625,-12.95405248189615,216.95557866263584,1.401060324560794,0.2666437641127821
2000-12-29,,,KERVILCO,0.0,327.9844015610881,36.05745256771832,0.0561635231188946,-14.342871471132238,197.9801849058545,1.3129985906181982,0.241012808376174
2000-12-30,,,KERVILCO,0.0,327.1555649148484,36.05745256771832,1.4115893040280685,-12.964230821888831,219.0526775558008,1.2210940755106627,0.2215272845898542
2000-12-31,,,KERVILCO,0.0,319.18952784284875,25.93512376136802,0.9579924151407005,-13.790037784492004,182.8684208727031,0.692401447757017,0.0996446983324021
2001-01-01,,,KERVILCO,0.0,311.22349077084914,15.812794955017711,0.5043955262533326,-14.615844747095174,146.68416418960538,1.0970475506669086,0.1906281008695128
2001-01-02,,,KERVILCO,0.0,302.76787934276786,15.812794955017711,-0.9307869879777372,-15.266881015319711,144.57494060024715,0.9284980615471958,0.1793109980263347
2001-01-03,,,KERVILCO,0.0,318.0365107608894,15.812794955017711,2.3579821020102822,-13.204275717089004,155.07389056620318,1.42986306136652,0.2741019870720308
2001-01-04,,,KERVILCO,0.0,340.91959078299,15.812794955017711,6.662826550732413,-11.228186383151694,157.30068826613538,1.4725777260821051,0.2974854993091672
2001-01-05,,,KERVILCO,0.0,349.5400696552272,15.812794955017711,8.595939560891122,-10.367454683771545,158.15439298846263,1.6224359472612508,0.3505782774096025
2001-01-06,,,KERVILCO,0.0,325.5051700094052,15.812794955017711,6.6335955371135045,-9.292243207172604,188.94522536937453,1.448985712349163,0.2882972444633229
2001-01-07,,,KERVILCO,0.0,301.2392179566506,15.812794955017711,-0.3666323936138341,-14.06761110485471,137.85574901441564,0.9081433079079352,0.1935106119288688
2001-01-08,,,KERVILCO,0.0,356.4512350173731,15.812794955017711,3.473459122883159,-15.434330638571828,70.59797343171292,1.1483543026622236,0.2922212717301128
2001-01-09,,,KERVILCO,0.0,337.1890359072277,15.812794955017711,2.526974803798191,-13.860554702587164,87.89766624008675,1.0901440419193469,0.2448509254860905
2001-01-10,,,KERVILCO,0.0,249.6392466029186,15.812794955017711,-0.7391314810643177,-11.260671909246335,159.9258974642806,0.9219866929853672,0.1570719847713036
2001-01-11,,,KERVILCO,0.0,358.8020734217976,15.812794955017711,4.0532235311893015,-14.458872277091416,73.40277618403637,1.1072293306336398,0.2365359693843986
2001-01-12,,,KERVILCO,2.838760443294843,232.7308555075716,18.651725859583483,1.842793582625568,-12.27672354621478,148.01572639166005,1.131907346206895,0.2057329336327128
2001-01-13,,,KERVILCO,0.0,178.41253197391885,18.651725859583483,-5.796457689267256,-12.94918435704692,195.0727894623614,0.7376245647338594,0.0988419960195885
2001-01-14,,,KERVILCO,0.0,296.75490882723483,18.651725859583483,-7.30093438939276,-19.82867589047188,90.33097892162831,0.8224106322730872,0.1326172432764382
2001-01-15,,,KERVILCO,0.1161119427039442,319.41220763579275,18.767714335467712,-5.564594186763352,-19.63961133613852,83.19268432578598,0.6203211113482773,0.0946450591030813
2001-01-16,,,KERVILCO,0.0,186.9764622311312,18.767714335467712,-11.717285915054358,-19.02325885586484,126.18689672360864,0.5787726996175139,0.0768313755773939
2001-01-17,,,KERVILCO,0.0,359.6968198821119,18.767714335467712,-5.235917286953629,-22.199904873781225,60.746174431907136,0.6816325539606576,0.1126108685562482
2001-01-18,,,KERVILCO,0.0,349.28885235716155,18.767714335467712,-5.99124523167729,-21.76856009752546,65.91617332098747,0.8359399929918874,0.137250323415701
2001-01-19,,,KERVILCO,0.0,371.819473073144,18.767714335467712,-3.2150690486707143,-21.031642550894684,60.05053538298044,0.8750354606400498,0.1391819318333924
2001-01-20,,,KERVILCO,0.0,230.00401827840847,18.767714335467712,-8.462529350281526,-17.545379851170743,125.478697728906,0.8608906644123979,0.1199807600424074
2001-01-21,,,KERVILCO,3.098187066140832,296.8151902487614,21.865643512833355,-0.4619097553465303,-19.82815480931207,70.45966455147892,1.1664732017218302,0.1981366542667078
2001-01-22,,,KERVILCO,0.0,397.57120153226487,21.865643512833355,5.94554723190161,-14.553893038295977,70.81933898598277,1.3675619390720035,0.2913131020963936
2001-01-23,,,KERVILCO,0.0,259.9674814787924,21.865643512833355,-1.0538258325646492,-10.96933313292127,175.14103815414427,0.9984717023860182,0.1837201549068715
2001-01-24,,,KERVILCO,0.0,358.00371188742326,21.865643512833355,1.441839206964893,-13.854239469677164,97.1762928434158,0.9832182123809324,0.1784230321353178
2001-01-25,,,KERVILCO,0.0461921404135659,203.293293705693,21.911835644289663,-4.9909843348361145,-12.551764639343215,192.20995582965705,0.9644009075023257,0.145586955538556
2001-01-26,,,KERVILCO,4.822716029946816,261.4160554706942,26.734364903384552,-2.343901039379765,-16.854740903578342,114.22492525214258,0.9092536171872404,0.1448766844342966
2001-01-27,,,KERVILCO,4.988115843629793,113.47245697456133,31.72205998962531,-6.762270795910622,-12.024019840398266,243.8849078865124,0.7801146082090922,0.1014462040208496
2001-01-28,,,KERVILCO,0.0,193.4892511090115,31.72205998962531,-6.948058303781154,-13.7013011424737,209.12790721644384,0.8051081626773307,0.1119198958776203
2001-01-29,,,KERVILCO,0.0,299.68652993889884,31.72205998962531,-5.954709965144733,-16.912897691754928,137.68211880557246,1.043438538041695,0.136092248929804
2001-01-30,,,KERVILCO,0.0,317.80993090453103,31.72205998962531,-6.554930620560655,-18.296697618671672,120.73126579158492,0.8660607179037678,0.1226546623878604
2001-01-31,,,KERVILCO,0.0,378.9096283703366,31.72205998962531,-6.063082106454351,-21.213586618109225,85.22096638239817,1.0516007144869015,0.1597332015811101
2001-02-01,,,KERVILCO,0.0,380.5648279029165,31.72205998962531,-5.607876618195445,-20.82942924887951,86.61906465119934,1.0413579312121708,0.1532025490574605
2001-02-02,,,KERVILCO,0.0,413.7032829783039,31.72205998962531,0.7970170687233523,-17.1568799725444,92.28587352885592,1.3945737826535003,0.2091815925814506
2001-02-03,,,KERVILCO,0.0,295.4200653109685,31.72205998962531,-0.3698765364717313,-10.89859609590236,198.17514549657267,1.5425989223849126,0.224527806789402
2001-02-04,,,KERVILCO,0.0,354.86177248575694,31.72205998962531,3.283407207467968,-9.603550290018902,175.66420124728398,1.4812287252709606,0.2213509712301432
2001-02-05,,,KERVILCO,0.0,353.7443319399828,31.72205998962531,3.610544745266897,-9.013066146334957,182.1242603155894,1.689796923016205,0.2774049088838379
2001-02-06,,,KERVILCO,5.4255405878854885,285.19559595976887,37.148155744030326,4.764135968192857,-9.368838930252188,193.8604344035428,1.3074611989294511,0.2175610646353098
2001-02-07,,,KERVILCO,11.266849684527244,141.0799834933171,36.68018522716704,1.0295664089591512,-4.886107609484708,413.9406997372452,1.4574211081198292,0.2454960501411982
2001-02-08,,,KERVILCO,12.696314250533106,255.85607939555737,49.37720303901845,-3.757313914169851,-14.676840373670109,197.7060567353086,1.0156843128356996,0.149142426891383
2001-02-09,,,KERVILCO,0.0,459.0959533090216,49.37720303901845,-1.6375438468403405,-20.298501515205217,104.19521506381454,1.113890381405776,0.1622432744394724
2001-02-10,,,KERVILCO,0.0,456.076118845237,49.37720303901845,0.815980170345394,-17.13792777063843,129.38502320205228,1.3812609002664047,0.240615340303091
2001-02-11,,,KERVILCO,0.0,317.1544115497428,49.37720303901845,-3.122885423513003,-13.079457242970204,212.767072717916,1.4737833565925584,0.2401747789376112
2001-02-12,,,KERVILCO,2.526597119584417,297.4034440569076,51.90298508907535,1.110853886058663,-12.33097298076826,227.72547384524023,1.3582433474440336,0.2489568990029249
2001-02-13,,,KERVILCO,0.0,408.7254391360778,51.90298508907535,2.558789057873009,-11.124698003640908,217.38215208096443,1.4080142949901724,0.2533968392083825
2001-02-14,,,KERVILCO,0.0,349.485651999836,51.90298508907535,-3.305384513638681,-14.004247495145956,197.74325769096995,1.1529548325965795,0.1715078110383643
2001-02-15,,,KERVILCO,0.0,393.9477131694318,51.90298508907535,-3.86220125141461,-16.50396991238603,157.02369874817958,1.2922917683129855,0.1852753308951044
2001-02-16,,,KERVILCO,0.0,478.9150792306237,51.90298508907535,1.427392093301098,-16.832046787995306,129.05004825409884,1.2734585815267654,0.2012481220421833
2001-02-17,,,KERVILCO,0.0,462.2492944022343,51.90298508907535,3.1079075658112334,-13.318669260188846,168.20714343213385,1.5547465970641487,0.255669887589181
2001-02-18,,,KERVILCO,0.0,287.8281760794452,51.90298508907535,-0.3675941003136993,-8.76584474470234,297.1531871206522,1.5284793944823911,0.264605262780054
2001-02-19,,,KERVILCO,0.0,394.7619813010997,51.90298508907535,2.392394589936887,-9.596043367789852,245.70955364954293,1.4637511589734122,0.2124804977381758
2001-02-20,,,KERVILCO,0.3191251582914666,443.83775045394833,52.22211731049441,5.787775786814527,-9.351304823537223,222.1738896542098,1.5481335130936973,0.2609809015030148
2001-02-21,,,KERVILCO,0.0,300.3406825771879,52.22211731049441,-0.3885358230080583,-8.552376292651635,300.88281609597834,1.5176743876536969,0.220562677249183
2001-02-22,,,KERVILCO,0.0,379.7462096621617,52.22211731049441,1.9621054301571008,-8.632659151876936,269.77949231200364,1.429138096218827,0.2108574296285783
2001-02-23,,,KERVILCO,0.0,412.62148863432014,52.22211731049441,2.181333073168264,-9.389356450103756,230.4974458297197,1.7265156363374616,0.2711509365808714
2001-02-24,,,KERVILCO,0.0,325.74633361119794,52.22211731049441,-4.448080248143092,-13.032246499183607,202.87631680897115,1.43834350768875,0.1863163736134431
2001-02-25,,,KERVILCO,0.0,430.9327951635459,52.22211731049441,-1.6889710857471776,-13.659997360356687,163.3790532555431,1.3169665466247156,0.1767059729437433
2001-02-26,,,KERVILCO,6.668714510478544,289.0230213622397,58.890792768991936,-1.1660929709334011,-11.499085219290158,236.5107191726295,1.2292217533602927,0.1700468553688033
2001-02-27,,,KERVILCO,6.769560424148023,264.5160557511825,65.66098330025746,-1.22024392048387,-10.338868267147168,278.6549535924427,1.1863273218334125,0.1621103094514664
2001-02-28,,,KERVILCO,0.0,422.0343061428548,65.66098330025746,-0.3219187350393959,-11.656814743804398,212.7219463915941,1.4149437178740636,0.1997219189708433
2001-03-01,,,KERVILCO,0.0,401.126631989209,65.66098330025746,-4.618740807671164,-15.06434060555283,175.73019854081718,1.3855967189241325,0.1704829425112563
2001-03-02,,,KERVILCO,0.0,526.3374724109965,65.66098330025746,1.0969951109464997,-15.386375858844737,136.59607323835087,1.3595725630155675,0.1681276484037143
2001-03-03,,,KERVILCO,0.0,511.8430955949107,65.66098330025746,-0.6913873156994604,-15.825258421932002,138.73259817847423,1.292120271056572,0.1684312302369924
2001-03-04,,,KERVILCO,0.0,543.6369872277108,65.66098330025746,4.975432084049505,-12.393537261419334,155.08495032728214,1.5290619549443925,0.2060800472834809
2001-03-05,,,KERVILCO,0.0,522.3344867040239,65.66098330025746,7.064517310477228,-8.645960181347567,203.5342151506908,1.652619331130005,0.3025712103483654
2001-03-06,,,KERVILCO,3.558035667226389,358.7178315723135,69.14136849047595,6.432690400338794,-6.957972434264351,298.61977841404973,1.735057727762405,0.2874815138297679
2001-03-07,,,KERVILCO,0.0,239.3561756542401,68.42737208691332,1.2975784385989215,-4.302716717815715,439.1604283439996,1.4660918261658866,0.1688004271138596
2001-03-08,,,KERVILCO,0.0020305480597154,424.985354335902,68.26212183279007,4.650210648242545,-5.88337096009317,306.77263912477525,1.5633578902929064,0.1863174774458054
2001-03-09,,,KERVILCO,7.12590066237258,313.5139973958333,71.17371623267202,4.666003788629473,-5.848611694156443,358.85429734254825,1.6132362773067672,0.1958863749097999
2001-03-10,,,KERVILCO,5.549530478048388,292.92552179727085,76.53068337775775,1.1053136234259986,-8.241720746255416,327.54379644498965,1.6013705818067046,0.2015224838857028
2001-03-11,,,KERVILCO,0.0,299.04393038680365,76.53068337775775,-4.316788781276304,-10.936962191251144,264.5292175933766,1.5366527574803606,0.1812633929024111
2001-03-12,,,KERVILCO,0.0,327.7744245198812,76.53068337775775,-2.555499658320962,-9.72068382947839,281.2901359970156,1.5764460575044672,0.1794547691553497
2001-03-13,,,KERVILCO,0.0,546.2707335802248,76.53068337775775,4.461866794480016,-9.78629531774984,211.28177191192373,1.6542010893223036,0.1824125225092404
2001-03-14,,,KERVILCO,0.0,552.0633279087577,76.53068337775775,-0.1990209997434412,-14.497788724207153,158.58380286162256,1.8635445429098152,0.2302980862491195
2001-03-15,,,KERVILCO,0.0,537.3117135145562,76.53068337775775,-2.645967196707617,-15.95988650072998,149.12324522250165,1.624445898640529,0.1892648575366513
2001-03-16,,,KERVILCO,6.950804624719029,397.1785884762099,83.48027043118701,-0.2007380784308378,-13.357412715524829,203.71961008418268,1.5003662303197698,0.1854778693928238
2001-03-17,,,KERVILCO,0.0,433.7625119988485,83.48027043118701,-1.592402569748617,-11.02153906168936,245.256776895314,1.4660311572179077,0.1518036541326472
2001-03-18,,,KERVILCO,0.0,532.2159092329905,83.48027043118701,-0.7043169989869156,-13.230067890450696,185.30674861097955,1.5140713619307582,0.1742180186384533
2001-03-19,,,KERVILCO,0.0,637.860468717666,83.48027043118701,6.240959687977321,-13.67526703643139,142.54247572700427,1.886584330714248,0.2233417245917128
2001-03-20,,,KERVILCO,0.0,616.1282068774101,83.4732314046935,10.206438736504458,-7.533552956769147,216.7426926288298,2.3593846889134187,0.3427593000011275
2001-03-21,,,KERVILCO,0.0,536.7035567448748,82.46233777621279,9.462032194617729,-3.590853215930013,324.1039135173087,2.4736661248776577,0.3772070821396845
2001-03-22,,,KERVILCO,2.377547831468854,327.05363868230256,81.3636346620068,6.326208782032015,-3.3851618906578205,439.1839633568573,2.0132940432294744,0.2813439258460709
2001-03-23,,,KERVILCO,1.590734094372407,471.0090202307932,80.38582205470124,7.971128055138628,-3.67090844877952,362.7719518074971,2.0546573309734777,0.2726520283310026
2001-03-24,,,KERVILCO,0.0,494.0702188085676,79.49931021207327,7.173270796480715,-3.890757064542288,353.4010612551517,2.057314676142172,0.2302282808240625
2001-03-25,,,KERVILCO,0.0,511.2817223537371,78.36674247521586,8.368862908198542,-3.302843836150327,353.63214789699623,2.212441488445423,0.2690257998820863
2001-03-26,,,KERVILCO,0.0,512.7011942825859,78.01943467828123,6.292714720680601,-5.2924045881793935,314.40106756867823,2.172712654874017,0.2817590634881001
2001-03-27,,,KERVILCO,0.0,477.3019258922432,78.00632402305101,2.451698449729359,-7.876582833202164,282.9937532017512,2.325758206967701,0.2912165893321785
2001-03-28,,,KERVILCO,0.0018741472410618,437.7738470078976,78.00820549099836,0.5713843181715681,-8.660115131597657,281.6854829669202,2.295643301756861,0.3058582250587811
2001-03-29,,,KERVILCO,0.0759046285831806,488.8465812149703,78.0840887961017,1.7810601916729822,-8.791091789910013,259.3786678034305,1.884043986176672,0.2227207834169371
2001-03-30,,,KERVILCO,0.0,497.7693394648289,78.08386019404324,2.5053848431149297,-8.289816008911789,262.43161934464825,1.9869943021089644,0.2167931738016724
2001-03-31,,,KERVILCO,0.0,535.5551051737439,78.08177639633516,5.031863826629658,-7.115122934470089,263.5114494690082,1.912910084312504,0.1953463190312707
2001-04-01,,,KERVILCO,0.0,549.878670014231,76.76933920447321,9.752712051315694,-2.8751269526213634,329.47181129665034,2.8392632861830966,0.4019862719601408
2001-04-02,,,KERVILCO,0.0,527.0420284783447,75.36327093707749,8.983046138224308,-2.6517656580715,347.0629627062379,3.040189781814465,0.5040712696600071
2001-04-03,,,KERVILCO,0.0,574.0037526821263,73.95266652380954,10.386547825879209,-2.6415220838089577,318.19072932460136,3.318123268599535,0.6005697372943398
2001-04-04,,,KERVILCO,0.0,578.1167856745584,71.93223812241256,11.762919386311234,-1.188027351311622,343.44654172237426,3.868564273524747,0.7532332021322696
2001-04-05,,,KERVILCO,8.054603521647197,307.02657412635347,70.14349697527247,6.234263401321714,-1.7415100920777182,506.8277015509588,3.19325548803337,0.6293771350242143
2001-04-06,,,KERVILCO,7.59298792099906,313.7114625981373,75.5214549007481,1.0687730833374216,-7.033554293542793,356.0568553133338,2.4294159848782626,0.3324995344599363
2001-04-07,,,KERVILCO,0.0,564.6274572982198,75.4743369203618,4.256360511134684,-7.6637795207496575,272.53717278191766,2.535616286284658,0.345104343072237
2001-04-08,,,KERVILCO,0.0,548.6680815688687,75.43675845755716,4.136969793939178,-7.265608781459334,284.2224191601735,2.688331976337072,0.37337720785965
2001-04-09,,,KERVILCO,0.0,644.0304333524124,75.43675845755716,7.239244954161013,-8.371456516367806,225.79266473598068,2.8152848954311973,0.4423946580737369
2001-04-10,,,KERVILCO,0.0,554.4901137142381,75.43491225477295,4.627544502203282,-7.171589943173445,281.4340801444023,2.3567106498663875,0.3471348782077945
2001-04-11,,,KERVILCO,4.804859736958167,399.2936327284552,80.23078059524961,1.2615407081699292,-8.00439185797246,312.4319651963163,1.9990478544630963,0.2238404914602369
2001-04-12,,,KERVILCO,0.0,536.4468289162329,80.23078059524961,0.7716611733256661,-10.277575773318665,242.41552035540644,1.9086063957615804,0.2477785666199524
2001-04-13,,,KERVILCO,0.0,661.9468418398196,80.23078059524961,6.671282830946355,-9.586165526207504,204.54955042410973,2.504712033218633,0.3320975075548238
2001-04-14,,,KERVILCO,0.0,591.1688970059495,80.2147485455603,5.925192527012562,-7.024236472068478,268.1972967981003,2.957295415881534,0.4163360007709483
2001-04-15,,,KERVILCO,0.0,671.0098395390598,80.16290939321914,10.060104169122338,-6.789734463632843,234.68013621787225,3.1770656643752906,0.4729187022663426
2001-04-16,,,KERVILCO,0.0,649.5700661719313,79.63557066194967,11.077307222909068,-4.743820179187495,274.5650667257387,3.358447496111367,0.570678401632415
2001-04-17,,,KERVILCO,0.0,649.9467696013785,78.44646201778431,13.0411141322324,-3.1697281200252414,298.899551804413,3.666236325137958,0.6657035920208281
2001-04-18,,,KERVILCO,0.0,653.3842779835319,76.22007292110605,15.449066922167273,-0.6983617855084883,342.5956996173726,3.72721619955264,0.7305267553714893
2001-04-19,,,KERVILCO,0.0,467.32399847119433,72.7134922304065,11.612787960127136,2.348028018591126,561.9378733703975,4.145072329838119,0.6963628803801846
2001-04-20,,,KERVILCO,0.0,422.0745887102604,71.12052001913777,5.877728504157293,-2.2058300909119426,450.9511056301943,3.369612807517624,0.4725755107890335
2001-04-21,,,KERVILCO,7.773632167298116,434.59173939113896,70.99836183740734,7.997312260238959,-4.360347754566298,379.5189138811515,2.8918574376017583,0.4259480000393137
2001-04-22,,,KERVILCO,11.58158893943178,313.16260567890725,79.14468664067952,0.1823360233165602,-7.257359484849343,356.7974145638004,2.240505566557633,0.2500415504016415
2001-04-23,,,KERVILCO,0.0,617.1165764030413,79.14445802408633,4.203029181299356,-8.868932834231222,252.41184804964053,2.622798987511712,0.3291515702430883
2001-04-24,,,KERVILCO,0.0,712.304542820012,79.1355771464019,10.714148620199138,-8.445618098303623,215.8080927127253,3.0196786373253697,0.4931921153950226
2001-04-25,,,KERVILCO,0.0,668.6804008157651,77.97568590881971,12.980579304356358,-3.2388090356003767,319.9003459682505,3.422478429712054,0.6132131865336288
2001-04-26,,,KERVILCO,0.0,666.1339620594209,76.13861760026522,14.711313429935888,-1.6261359072458306,351.8298379936723,3.5801847416852137,0.7155420594610339
2001-04-27,,,KERVILCO,0.0,638.1899431874829,73.59224809417668,15.109308523083088,0.0651043237167041,394.5571028001177,3.4796484015729043,0.7983689376873199
2001-04-28,,,KERVILCO,0.0,534.3066934658755,70.99114520874029,11.663980577944962,0.1910834890807299,452.9628684337214,3.564174245087812,0.6331752868320442
2001-04-29,,,KERVILCO,0.0,590.7385261908601,68.3148008242276,13.5469142488662,0.3730328414167809,419.0922060244167,3.851924933822639,0.6596785431873987
2001-04-30,,,KERVILCO,0.0,570.9155255564241,65.55357563438909,13.389608395777582,0.5740437907081894,435.2735734789597,3.4606950215216563,0.4783163415461759
2001-05-01,,,KERVILCO,0.0,641.241780066823,62.05917361498272,17.98447103951958,2.3206202926574178,424.7264064400253,4.222097707720613,0.6240972642739726
2001-05-02,,,KERVILCO,20.32256237299271,468.6833564834721,61.87356979323879,11.853111661114015,-3.187158168183052,388.1598335848264,3.85356499194258,0.516730631440298
2001-05-03,,,KERVILCO,18.232723611289178,184.2338014414599,71.32248116372405,-1.502631867853922,-6.078451654771487,390.1120197714667,1.7455580005478823,0.1293931719754824
2001-05-04,,,KERVILCO,8.621643171037183,347.9599782430822,77.317852631785,2.304243792324326,-6.662474144144167,372.4147622117757,1.5451359051578455,0.0632054094724253
2001-05-05,,,KERVILCO,0.0,276.86405698203697,76.45944374504396,1.3119263902050822,-3.88818907664741,459.629715787889,1.58674522286576,0.1054206808809037
2001-05-06,,,KERVILCO,0.0,546.0520805599314,75.58505404743273,7.412802579827304,-3.831772990030145,421.18250649615874,2.8648725522702603,0.297382049171533
2001-05-07,,,KERVILCO,0.0,661.0871180390635,75.06885397465572,11.028513528389018,-4.715512639000304,346.7877908844841,3.367426836495789,0.4119651114540779
2001-05-08,,,KERVILCO,0.0,704.1894510086438,73.8464052852571,16.23835777218483,-2.9375947594567267,352.1265038419875,3.787855194442536,0.6019060394507367
2001-05-09,,,KERVILCO,0.0,632.9316914419317,71.0505149452259,16.009765996777798,0.9626990779021952,473.4233817910757,4.321519526073546,0.700934679032142
2001-05-10,,,KERVILCO,0.0,611.267024358558,68.41008757092442,14.829528130571331,0.6345998455497376,448.7107601759221,4.186357303632208,0.6879703905303873
2001-05-11,,,KERVILCO,0.0,644.194959720412,65.98889173340439,16.09309631691793,0.2411566982311985,414.7999980172865,4.23649893331907,0.7721544596376223
2001-05-12,,,KERVILCO,0.0,606.8575919472054,63.38897669293124,15.37332464579096,0.9254720294599224,456.5427482741823,4.130751843777897,0.8112278576500345
2001-05-13,,,KERVILCO,0.0,632.8260783897197,60.58674863116708,17.30702938941001,1.635269044829867,456.9104477588296,4.165967375302864,0.7359178065757801
2001-05-14,,,KERVILCO,0.0,538.2876628164738,57.91876154111284,14.059864879269355,1.925821769724852,529.0446965459826,4.317939844136548,0.6267184399792067
2001-05-15,,,KERVILCO,0.0,602.0957965635664,55.18112780303569,16.69535651690456,2.2759478838467144,490.1897048922268,4.625741906635917,0.6780323222607314
2001-05-16,,,KERVILCO,0.0,546.2564947227247,52.35788766962422,15.405013792550744,2.9089760743362976,552.2948712591427,4.52121006611409,0.7262698340606764
2001-05-17,,,KERVILCO,0.0,463.14896764530255,50.5111971805625,10.415623083118115,0.7398472626250898,550.4205602510239,3.8848007115257497,0.6291446359771401
2001-05-18,,,KERVILCO,6.062677126859675,438.6071621247216,48.58985952197891,14.583581882706698,0.7744670687450673,544.8578187213167,4.308239859156728,0.6543766208587324
2001-05-19,,,KERVILCO,0.0,457.0043871229864,46.49827109368239,11.204761221239778,1.5386130276590524,589.1218874893474,3.992482279133334,0.6123621449851819
2001-05-20,,,KERVILCO,0.0,635.6338502479542,45.62483100524809,13.544426807908668,-2.479249937429828,359.4406451181835,4.3674728390952415,0.5643335368011582
2001-05-21,,,KERVILCO,0.0,628.8276558959471,45.62483100524809,8.190195652126398,-7.31765766762794,271.7636042973162,3.49028117619181,0.4021221175474961
2001-05-22,,,KERVILCO,0.0,637.5915480995134,44.77079825678831,13.817582416604246,-2.906320581447741,343.2918068793551,4.518050551957955,0.6309458443344635
2001-05-23,,,KERVILCO,0.0,619.9871767677568,42.97680930091493,16.39319488853152,0.3745655703964018,429.8773256992248,5.047726146171449,0.7516406826269075
2001-05-24,,,KERVILCO,0.0,615.975316075627,41.09355518421291,16.55179429010625,0.7939236622135998,443.80482416748623,5.209167711834184,0.8233120905603647
2001-05-25,,,KERVILCO,0.0,610.357036769182,39.23022062374802,16.235973183642468,0.7390249910645115,445.7178731581118,5.468109380202794,0.9132841622181642
2001-05-26,,,KERVILCO,0.0,600.1590308438546,37.074142623283294,16.94681180512416,1.824428802414078,482.54441517312006,5.518115199079118,0.9858175200760052
2001-05-27,,,KERVILCO,0.0,593.0684508231353,34.73402804596238,17.465093292050238,2.542623535443738,508.01982444054096,5.622885208479605,0.9860827456888897
2001-05-28,,,KERVILCO,0.0,545.8419337455916,32.07255206248353,16.83401217357017,3.800870533759241,571.0770299083275,5.086086266814586,1.0484055155331409
2001-05-29,,,KERVILCO,0.0,527.8072030975483,29.98459234242824,14.794258090637395,2.292700071213214,515.1154262322739,5.054698156027589,0.8355576191673325
2001-05-30,,,KERVILCO,0.0,583.557199219254,28.25025639810173,16.230894193122175,1.428744137387553,444.27268267155466,4.928641202632196,0.757147113537694
2001-05-31,,,KERVILCO,0.0,621.4431434842832,26.99563522851054,16.82277759200249,0.0475358583533534,381.2908797628261,4.9983724487041705,0.7958948176826108
2001-06-01,,,KERVILCO,0.0,644.7043929738393,25.68436622476821,19.71910875554704,0.8855498979953264,379.8987230994826,5.720868053755535,1.0119065657926951
2001-06-02,,,KERVILCO,0.0,597.2688370159727,23.73297386295026,20.06813546740185,3.601872493171808,485.6780715865712,6.1768974896727045,1.16883386528586
2001-06-03,,,KERVILCO,0.0,469.1348004280988,21.3475939649214,17.09968986690852,5.515099346322358,675.6979765481855,5.468802615825137,0.9219773439360416
2001-06-04,,,KERVILCO,0.0,515.7238617242939,20.223634648476185,13.654967147464353,0.5920475173551539,469.68080345261205,5.039460727511649,0.8305173397821889
2001-06-05,,,KERVILCO,0.0,586.1551736478325,19.07140012195768,16.58403448293556,0.296513590117241,395.8601840341879,5.101403086011946,0.870992790368991
2001-06-06,,,KERVILCO,0.0,624.9863426734286,17.633470384540118,20.33729293644636,1.4487091864375137,388.4801959258373,5.478326980295939,1.065752453746258
2001-06-07,,,KERVILCO,0.0,597.1783614888382,15.62470995793644,21.434720376617577,4.094137637175911,480.2617805173506,5.473059188601206,1.1786958137759236
2001-06-08,,,KERVILCO,0.0,539.3788516949165,13.699299865815242,19.336789797762304,4.725989483925379,528.7488170835899,5.097797833347133,1.1887823602672518
2001-06-09,,,KERVILCO,0.0,558.6521272357502,12.01160556382814,20.18728965418315,4.467127883340279,475.79368213075855,6.063887729005629,1.2273170953621897
2001-06-10,,,KERVILCO,0.0,569.9891674733194,10.132937682731738,21.851242842656333,5.326810750392926,486.159264961236,6.104813757492086,1.3366302655051108
2001-06-11,,,KERVILCO,0.0,562.2156481076897,8.312824545830983,22.36998933681232,6.029585030450905,513.7259655767407,6.3272110469598895,1.3881334880557394
2001-06-12,,,KERVILCO,0.9099524086285168,523.3130170348591,7.055375846718508,18.93114746122693,4.206340551051058,502.2048346962591,6.340840726512662,1.1973915975532825
2001-06-13,,,KERVILCO,0.0,460.2034672719382,7.019386370080247,8.151840542315691,-3.4697910221750066,371.1197254655287,4.520530404824315,0.6726071947402659
2001-06-14,,,KERVILCO,0.0,467.93584526706616,6.966891657456811,7.722139632241948,-4.360994306302008,339.51250913709555,3.629332228526629,0.4243654099455974
2001-06-15,,,KERVILCO,0.0,590.7663087537971,6.559193389772208,16.41979834629666,-1.3716508584704894,295.8318724445502,5.054634751458281,0.8100426118229714
2001-06-16,,,KERVILCO,0.0,573.4536995359844,5.802760926273905,19.403236880484428,2.066620741757152,372.43106715633394,5.4349023443478925,1.1503313092069771
2001-06-17,,,KERVILCO,0.0,555.2191865808109,4.889266858215615,21.21991349723247,4.587150496788491,447.865969630193,5.960672628216678,1.3007106220840017
2001-06-18,,,KERVILCO,0.0,525.7838648865613,4.017015698134517,21.111447555356914,5.617604065312709,507.0002807544072,6.007073251392864,1.2788015326732909
2001-06-19,,,KERVILCO,0.0,551.835393670482,3.41974476280744,21.163026959736392,4.424777210811971,447.4991488600645,5.762612161705855,1.2620904390984329
2001-06-20,,,KERVILCO,0.0,542.320023253763,2.866062344054779,20.88900473573944,4.443070109935968,454.9962439097675,5.950561102549492,1.2572613793368943
2001-06-21,,,KERVILCO,0.0,527.0211012118837,2.2915124209691733,21.118698600080272,5.508820336407143,490.5079356955157,5.591878313093328,1.0615083767286315
2001-06-22,,,KERVILCO,0.0,540.1307095950395,1.7862174405213156,21.680949941315685,5.309597342935666,461.94092803566144,5.8131451754319166,1.231220463269055
2001-06-23,,,KERVILCO,0.0,559.4018692656891,1.4522714835665782,22.501936010844567,4.871337060471992,427.461853639706,5.49530078530855,1.341469680682613
2001-06-24,,,KERVILCO,0.0,511.765895074118,1.1960749924311818,21.226024424040816,5.969493194529428,511.4476088972315,5.801832023299574,1.266265107132997
2001-06-25,,,KERVILCO,0.0,487.7665493248474,0.971941371308536,20.60684971591843,6.4263478829846346,555.1699167344065,5.296612658606507,1.159853703063053
2001-06-26,,,KERVILCO,0.0,411.4055804554458,0.7159192830186324,18.712603180338103,7.33968222582782,690.7086164539168,5.339176246145713,1.0154801781596186
2001-06-27,,,KERVILCO,0.0,477.5099443444112,0.5577641310007465,18.66512224986896,5.0678925938243085,527.7745545676596,5.292051340346686,0.9124423163983868
2001-06-28,,,KERVILCO,0.0,545.7517634714183,0.4096625816373396,22.37078706267146,5.345057070693622,454.3485824586486,5.40438170085703,1.1582904891945398
2001-06-29,,,KERVILCO,0.0,511.04159115010685,0.2570210675471897,21.946581459248524,6.560380357279166,528.6377660956923,5.323217511196899,1.3735487992138888
2001-06-30,,,KERVILCO,0.0,543.2596004070101,0.1074323648045945,23.870570046053345,6.810198323476187,496.5614970531138,5.4542408841591925,1.3487974749813902
2001-07-01,,,KERVILCO,0.0,526.2827916358109,0.0237659317926021,23.15917870631127,7.06396859742049,526.8694790450472,5.523133869675099,1.367790333427592
2001-07-02,,,KERVILCO,0.0,511.0243169568684,0.0,22.484738261405106,7.096320253962276,546.3719442257815,5.238795448065971,1.2985310015680471
2001-07-03,,,KERVILCO,0.0,541.3506361694884,0.0,24.2766716492394,7.121827258726061,507.1250903696464,5.031058502492403,1.112222766934534
2001-07-04,,,KERVILCO,0.0,527.9752659167567,0.0,23.90733053492951,7.360666880484315,531.1769916546738,4.950336906938585,1.227339690453415
2001-07-05,,,KERVILCO,0.0,492.8289047860173,0.0,24.27201286042489,9.42637050095892,594.2838057169267,5.001569845732675,1.278489569999474
2001-07-06,,,KERVILCO,0.0,514.435395934293,0.0,24.63958203934984,9.01493992446397,499.0701655127364,5.20307653399578,1.2665241047933866
2001-07-07,,,KERVILCO,0.0,521.35453644921,0.0,24.65968825464768,8.756223785266727,482.771677641824,5.123809471839972,1.1110744542644917
2001-07-08,,,KERVILCO,3.486651372260562,343.3589721173957,0.0,21.79541811540493,8.672584635767661,738.6449237488491,5.320612093528882,1.1354635577722143
2001-07-09,,,KERVILCO,12.684811864770838,380.0950729777852,0.0,22.077965761936,6.60986790606743,614.2276456815812,4.99327236530781,1.095492795070576
2001-07-10,,,KERVILCO,0.0,509.669114924672,0.0,20.23442406768763,4.997959808662075,492.4726094007296,5.110625529415394,1.015047585431449
2001-07-11,,,KERVILCO,3.3631536354459604,399.3700366258058,0.0,20.496004410065503,5.6497807163338685,611.7389764508083,4.92728560071853,0.8842738872240685
2001-07-12,,,KERVILCO,0.0,489.6536709493277,0.0,20.30830575663662,5.988262598393408,541.4695679464459,4.647788216367878,0.8969142910668643
2001-07-13,,,KERVILCO,4.103069775251537,313.70577652268486,0.0,19.49145053624749,7.621380993460765,837.5692181242734,4.584744066720969,0.8337507681407721
2001-07-14,,,KERVILCO,5.396860015019018,314.1584885985575,0.0,17.223662432987666,5.481936692120465,753.242205862745,4.566554845500074,0.8138868374827063
2001-07-15,,,KERVILCO,0.0,420.21715685771534,0.0,16.13782707340789,4.513199563534352,618.6783279439763,4.51709088427561,0.6900621134754206
2001-07-16,,,KERVILCO,0.0,509.0561694238856,0.0,19.41817387829707,4.403916350069834,518.7724084459658,4.826088049150672,0.874842814413634
2001-07-17,,,KERVILCO,0.0,406.5493499754846,0.0,17.717089949707468,6.62974177718793,721.6167936444083,4.758388215613038,0.9314865435043684
2001-07-18,,,KERVILCO,0.0,502.5518362608842,0.0,20.26210983076182,5.632644179259985,566.8044568059576,4.699608184435157,0.9258369977992053
2001-07-19,,,KERVILCO,0.0,473.268024809281,0.0,19.964941880265904,6.597389114450083,636.8708662802536,4.433720896404391,0.9752890812069768
2001-07-20,,,KERVILCO,0.0,496.778519529292,0.0,20.825775128649205,6.521831546820387,605.8386632637441,4.474080886861768,0.97331402045606
2001-07-21,,,KERVILCO,0.0,498.8765055714287,0.0,21.60796220761712,7.267735181190081,589.4172980406371,4.8479338252228255,0.9967324086613856
2001-07-22,,,KERVILCO,3.1278559753475994,446.7545731826209,0.0,21.961161332703096,6.270549072441311,550.3939665280611,4.711519558843624,0.9074266128407386
2001-07-23,,,KERVILCO,7.073999551285811,352.7367370814667,0.0,21.23895912980293,7.951248898648501,759.9752314355799,4.380692360512305,1.001918705165226
2001-07-24,,,KERVILCO,4.0220448634084285,318.1093831160854,0.0,17.6136351390185,6.202641821943747,775.2214324231168,3.9464058507433326,0.7853330856218329
2001-07-25,,,KERVILCO,5.344026143830698,378.7580058927493,0.0,20.26617281913979,5.541034581796021,673.2089881060433,4.169536747982734,0.843603222238288
2001-07-26,,,KERVILCO,4.829235971495618,262.04526511067263,0.0,15.691778004822018,6.546449707627936,909.472713680038,4.262507420832423,0.7584658957982374
2001-07-27,,,KERVILCO,0.0,506.04741963178384,0.0,20.009847633279566,5.522838182002827,590.224813018471,4.160475799285341,0.7514643427574006
2001-07-28,,,KERVILCO,0.0,548.9250156508839,0.0,22.299970131127328,5.46810720547722,538.5385420885165,4.676969837362504,1.018787900039525
2001-07-29,,,KERVILCO,0.0,541.6288511678584,0.0,24.3885970166914,7.733419189190994,624.7117357300048,5.110251401403828,1.1915436973449125
2001-07-30,,,KERVILCO,2.345422130373488,438.9921662521453,0.0,23.15720446350721,7.861736396208671,752.977359383417,4.910381216855462,1.0787293998807372
2001-07-31,,,KERVILCO,3.4668716473062275,296.76339425958463,0.0,18.634546926638745,8.020903763281225,974.8033587144206,4.073354081184685,0.6826233645204832
2001-08-01,,,KERVILCO,5.356062696450625,324.0067758071776,0.0,18.95962100146254,7.293754916473387,820.2469107672392,4.196072385107307,0.7635071205539848
2001-08-02,,,KERVILCO,0.0,475.4679349000743,0.0,19.292378962303744,6.53970815833843,523.2139196698946,3.8174009871583614,0.6335564691379126
2001-08-03,,,KERVILCO,1.0481557954286351,536.4817171800371,0.0,21.564583595491424,5.969344769423546,380.8682536298807,4.224259603845075,0.7718607020363834
2001-08-04,,,KERVILCO,0.0,513.4191702576484,0.0,20.96539612863033,6.668427004615328,429.44943101935047,4.1975858796555645,0.6772462268920316
2001-08-05,,,KERVILCO,9.459413011634748,385.1771295235276,0.0,21.63613691555593,6.899640944042855,582.9271201938882,4.471949390347779,0.8690085434992184
2001-08-06,,,KERVILCO,4.737441352447421,367.1534815943106,0.0,20.90061658735677,7.220865521215648,689.951609591169,4.3205573214004485,0.8832836926493174
2001-08-07,,,KERVILCO,4.734689041705883,364.905827242532,0.0,19.909846005600503,6.314997171499595,683.720872953479,4.306393145166148,0.824669196472315
2001-08-08,,,KERVILCO,0.0,532.558338408121,0.0,21.012746259926644,5.562734360512569,495.7794935357128,4.259727445514638,0.8177461485641221
2001-08-09,,,KERVILCO,8.702679443508528,335.8149680313164,0.0,17.376019100925344,5.446152890598488,719.1445646080052,3.5167024611538173,0.4952217656730405
2001-08-10,,,KERVILCO,6.210900469788824,340.77481076156545,0.0,17.58367175579246,5.36872916043743,744.487213426222,3.132836693817081,0.4139782812481439
2001-08-11,,,KERVILCO,2.82771588752307,386.28130783726414,0.0,19.44756405032465,4.8390845745313,686.8171681140107,4.009640910098575,0.6711667538262426
2001-08-12,,,KERVILCO,6.1034541267638005,380.0257726761154,0.0,20.146213107765824,5.326974468847498,723.9412260428435,4.197274828372884,0.827318706822583
2001-08-13,,,KERVILCO,9.056044747510422,332.0021118040168,0.0,18.009692839888153,5.979872204198967,844.4234978718144,3.982578918900626,0.7065572713308894
2001-08-14,,,KERVILCO,6.929113847745811,271.97973253208806,0.0,14.146560481342718,4.8609470620306094,861.0731037651846,2.815855046111348,0.3157599865418339
2001-08-15,,,KERVILCO,4.3253019882682135,353.04293388596966,0.0,16.187107577315505,3.1474959312193973,720.9280607407513,3.508739744501023,0.5219580632732426
2001-08-16,,,KERVILCO,0.0,499.6415557196159,0.0,17.487245662260527,3.2491900426909632,622.591564047337,4.148295936408025,0.7137513815620802
2001-08-17,,,KERVILCO,0.0,507.9506225789045,0.0,18.564340616977503,3.726634387354944,616.2351046758923,4.407853720688052,0.8785439115396371
2001-08-18,,,KERVILCO,0.0,541.832553277186,0.0,20.84700842098224,3.869168103830156,589.3638958363069,4.22906354338368,0.9510062881477792
2001-08-19,,,KERVILCO,0.0,529.1046067063595,0.0,22.21837646908612,5.695784182458235,673.1166952297633,4.64943435858468,1.210896271914874
2001-08-20,,,KERVILCO,0.5547382799600279,395.8849843652834,0.0,17.111309072617583,5.771536711960056,813.2688363660362,4.44373173965344,0.921360782746138
2001-08-21,,,KERVILCO,0.2252583928022689,438.2812386555567,0.0,17.765537948426868,5.258900855679327,749.333553976713,3.6094391906262646,0.618601851284054
2001-08-22,,,KERVILCO,0.0,433.2473139920762,0.0,14.21169018877917,2.6144211431994675,648.6849513541823,3.541457346578885,0.7001850403542089
2001-08-23,,,KERVILCO,0.0,516.2365987160208,0.0,16.763801933060847,1.2903943294148832,530.7933818884038,3.8837830929592574,0.6502936128681265
2001-08-24,,,KERVILCO,0.0,526.4551242298899,0.0,20.332586250845942,3.850759375048161,610.7331750501686,4.346680769606648,0.9399442578475964
2001-08-25,,,KERVILCO,0.3768793026471368,465.3551270924552,0.0,19.40280421719305,5.0691734052276445,715.5702430156658,3.9921680011747993,1.005230143480319
2001-08-26,,,KERVILCO,0.0,548.4982605539006,0.0,22.97502349967001,4.128817675002685,598.7575436272499,3.875780070912188,1.1111950009663587
2001-08-27,,,KERVILCO,0.0,501.96618712767554,0.0,21.973811227634013,6.108718519746188,730.3653864805157,3.868145188485234,1.188754822282695
2001-08-28,,,KERVILCO,0.0,526.4437341762737,0.0,21.87061530666016,4.534755246035728,640.6872859819135,4.272061223868883,1.1595360455820516
2001-08-29,,,KERVILCO,5.292728611405118,425.4247526702166,0.0,20.40747591918497,3.619836948885147,684.727325414065,4.486677304967931,1.0798806274323205
2001-08-30,,,KERVILCO,0.0,477.0761677082959,0.0,18.303716356823887,3.604607846779672,665.5238285913297,3.4571324169272795,0.8588979876575752
2001-08-31,,,KERVILCO,0.0,401.0445065806342,0.0,15.02012018022718,3.4084020477654944,717.4500074929588,3.47838528031482,0.7634937319575935
2001-09-01,,,KERVILCO,0.0,477.7537332865916,0.0,17.874401889558694,2.958407376210094,639.8845515419198,4.171931946203436,0.8004883671020305
2001-09-02,,,KERVILCO,0.0,478.50357130508354,0.0,18.48434297258828,3.3699757162574406,655.8661539258588,4.125420777152127,0.9846213346197894
2001-09-03,,,KERVILCO,0.0,510.2509725643733,0.0,21.64633693868343,4.290818616271334,663.9605332697927,4.202548926168026,1.0731496240790324
2001-09-04,,,KERVILCO,0.0,488.9050261365577,0.0,21.875311382613976,5.657984748259072,747.0497394135373,4.128137089584059,1.1024081970898711
2001-09-05,,,KERVILCO,0.2865418797225422,445.9177560439734,0.0,19.127946106908578,4.605762550523089,736.7277047131042,4.196321824272043,1.0017716023657055
2001-09-06,,,KERVILCO,0.0,467.04726528195545,0.0,17.269036656207348,2.379231640641063,630.7591430383775,4.697938095174142,0.9212755003604932
2001-09-07,,,KERVILCO,0.0,423.6762269603914,0.0,10.702775267355737,-1.855919608183649,512.0467987329662,3.4555331461640075,0.4968027102007476
2001-09-08,,,KERVILCO,0.0,389.7136316422888,0.0,8.397111912661634,-2.877571470751104,487.4122672263632,3.155274389738299,0.437283829427282
2001-09-09,,,KERVILCO,0.0,548.8342068158612,0.0,16.76122361658211,-4.719620960190595,352.3263486953769,3.772971411440949,0.7654700241629638
2001-09-10,,,KERVILCO,0.0,506.9694791407098,0.0,18.81123727741529,0.4342664130196194,526.384664514133,4.302973464556311,1.0157303953582542
2001-09-11,,,KERVILCO,0.0,486.1538212279116,0.0,20.244978794285657,2.98780374437167,636.1622162205439,4.090256157327914,1.0657659417789302
2001-09-12,,,KERVILCO,0.0,458.060675584823,0.0,20.069862493552016,4.244242452416008,716.7643851013983,4.414889826131483,1.095184234516668
2001-09-13,,,KERVILCO,5.696037084408668,327.2087550701976,0.0,19.276235642708787,4.591100483780705,834.2506577624192,3.85524013753239,0.9522879009540222
2001-09-14,,,KERVILCO,0.0,429.7480102723889,0.0,17.6873850809596,3.1208904736577803,704.9637524188211,3.771548184565922,0.7812447190514811
2001-09-15,,,KERVILCO,0.0,436.1822057419785,0.0,17.69554993694608,2.683558947131351,680.9321459508419,4.115826101185046,0.8178829081597766
2001-09-16,0.0796678790485478,3.84,KERVILCO,0.0,418.2799716048312,0.0,17.19855976748961,3.044264758741165,713.1317984970797,3.784247530164792,0.8300271274476141
2001-09-17,,,KERVILCO,0.0,390.3232947592609,0.0,15.180008290829605,2.454234127096221,710.9507410928442,3.435093446839595,0.6730249409016938
2001-09-18,,,KERVILCO,0.0,397.7742186935366,0.0,12.788345832094167,-0.1924724673771065,588.3547869947588,3.6044325253907226,0.6254585271601492
2001-09-19,,,KERVILCO,0.0,443.9402149494054,0.0,16.513346376571715,0.794879702998014,599.4261366455833,3.84359970677812,0.7529369691323411
2001-09-20,,,KERVILCO,0.0,439.4385682685788,0.0,18.756047113172382,2.797676942125619,685.5154443521046,4.071033777276164,0.9257166121415475
2001-09-21,,,KERVILCO,0.0,437.1066113764235,0.0,18.852141991974182,2.8214155883702747,688.7628734236107,3.7714430992624974,0.9648099712042448
2001-09-22,,,KERVILCO,0.0,392.5069482130623,0.0,17.886923539714292,4.022782266606095,777.7006341254378,3.889926575847976,0.9880713394491818
2001-09-23,,,KERVILCO,0.0,443.6477035294475,0.0,18.98504340040526,2.33837875605526,663.4155162704523,3.405745862450704,0.9544512546818958
2001-09-24,,,KERVILCO,0.0,457.1921403251519,0.0,20.48192735023139,2.515904969135451,659.2746397611689,3.958001401007012,1.057886290768808
2001-09-25,,,KERVILCO,0.0,438.669179315127,0.0,20.61274704373516,3.741140052405956,731.0796078185642,3.593488361882211,1.090645254261264
2001-09-26,,,KERVILCO,0.0,391.9526608801497,0.0,17.843101658204972,3.572870107733396,757.6678148551273,4.201904658838689,1.038523530161546
2001-09-27,,,KERVILCO,0.0,443.130063098868,0.0,21.696679686624112,4.123268803916737,746.2046578433852,3.2500793495288027,1.1082719501145994
2001-09-28,,,KERVILCO,0.0,418.5505958342094,0.0,20.93718043795711,4.812591939538787,804.3661538385234,3.3750050726644902,1.1067809209121944
2001-09-29,,,KERVILCO,0.0,360.5587852406688,0.0,17.81298791099549,4.825882007673391,846.2890298325532,2.623505406679439,0.9788540389719418
2001-09-30,,,KERVILCO,0.0,405.1341233300607,0.0,17.41578211185679,2.099448936540377,685.874631288837,3.079462567199577,0.8245173243332897
2001-10-01,,,KERVILCO,0.0,424.5592171642762,0.0,17.58158358913195,0.9013157590639468,622.4593076129306,2.9779267585843643,0.7654169611968771
2001-10-02,,,KERVILCO,0.0,411.0644055343952,0.0,16.6725274168161,0.7171984271452461,623.8959582796164,3.367112901999325,0.7653619859830372
2001-10-03,,,KERVILCO,0.0,417.402143988886,0.0,17.49702897125312,0.9138983719861372,628.3057853244537,3.468256465829609,0.8040111816459792
2001-10-04,,,KERVILCO,0.0,381.59251710548295,0.0,15.174481066113234,0.6912295745989351,634.3007727073938,3.801039381862809,0.7427534997564381
2001-10-05,,,KERVILCO,0.0,388.6755881030082,0.0,12.781766373846745,-2.0048317844421595,524.918416808288,3.42210442445222,0.689559696657932
2001-10-06,,,KERVILCO,0.0,417.0238638118096,0.0,14.091285797249382,-2.814759243086434,487.29960521378,3.430799884473396,0.7001725753541124
2001-10-07,,,KERVILCO,0.0,287.541161348949,0.0,10.09314764922901,-0.1877874268138236,602.6238041528946,2.734457566898313,0.5849292926709233
2001-10-08,,,KERVILCO,5.76635320894072,218.33329836216504,0.0,11.160258542384206,0.5804256095234317,637.0405727438648,2.658373728055834,0.511295886718034
2001-10-09,,,KERVILCO,7.76449435854715,240.4593904712373,3.1664836309201383,5.457243991516572,-5.302129734796576,415.401670741486,1.8296565530835749,0.2795334107454104
2001-10-10,,,KERVILCO,0.0,398.79188539374826,3.1664836309201383,5.473203204127663,-8.807239355293115,315.78176584923216,1.98833065964625,0.3459627812445086
2001-10-11,,,KERVILCO,0.0,432.4964562694999,3.1664836309201383,8.189085233541167,-8.513445462162162,321.2095674688234,2.8019764520876738,0.5038591271938172
2001-10-12,,,KERVILCO,0.0,288.8653418613406,3.1664836309201383,1.8083684451570388,-7.637547150383669,345.91641454502127,1.7693857313380612,0.231524456969367
2001-10-13,,,KERVILCO,0.0,349.1563351346088,3.1664836309201383,6.016461009342719,-6.206148876064389,384.4819600228197,1.998877361076159,0.2589390730887403
2001-10-14,,,KERVILCO,0.0,351.29583486149727,2.721348388132123,9.856955192754803,-2.7125433348628767,498.5094143453444,2.786751714515502,0.4433459699905627
2001-10-15,,,KERVILCO,0.0,376.1478992640001,2.5757259273881323,9.551306476109374,-4.226796443972278,445.4066288461147,2.703750353828056,0.4982245221383473
2001-10-16,,,KERVILCO,0.0,427.1173227315322,2.3082995580074246,13.3955329436319,-4.406260363603645,422.9039690357204,3.2121593125794505,0.725860847053796
2001-10-17,,,KERVILCO,0.0,383.1424587102885,1.57826828121175,13.700774663919017,-1.3513470448625218,543.2762201575844,3.227210449992328,0.7715398878833982
2001-10-18,,,KERVILCO,0.0,314.90518382848285,0.7026877632744404,11.267210078213258,-0.4248454288276832,590.7650670069378,3.322807505644004,0.6143352726075795
2001-10-19,,,KERVILCO,0.0,365.3481998195436,0.0787218401771881,13.738928808380038,-0.9507024697849094,565.8017555539698,3.3091918333949857,0.6609820497737724
2001-10-20,,,KERVILCO,0.0,372.2692310899028,0.0001341053493121,13.931389276772936,-1.7719024350205137,531.677920697656,3.0354761881525407,0.7042363672235686
2001-10-21,,,KERVILCO,0.0,298.3506071091905,0.0,9.910265507973682,-1.5627090609937238,544.3079463073584,2.487705948198026,0.6348771473531625
2001-10-22,,,KERVILCO,1.6805004805186627,190.3547619716851,0.0,6.97465574187386,-1.3147958389419765,554.8342037205371,2.476533272183798,0.4350137087797858
2001-10-23,,,KERVILCO,0.0,296.4621235081798,0.0,9.782118718360948,-1.505582511038246,546.2296515337177,2.713591227765161,0.4338646159476003
2001-10-24,,,KERVILCO,0.0,304.52402463460226,0.0,2.789929451815858,-8.557192744766352,321.3616802008284,2.50146438817939,0.3702154846474009
2001-10-25,,,KERVILCO,0.0,323.4879744305897,0.0,6.890204325939652,-5.705058392976661,396.33631350162574,2.546773346568229,0.4630646054084074
2001-10-26,,,KERVILCO,0.0,373.0962628322705,0.0,10.88447574642327,-5.205099323998555,399.75298904500687,2.405761763952817,0.5552767374536081
2001-10-27,,,KERVILCO,0.0,369.5377472818506,0.0,12.451616946482504,-3.780672871448852,440.8484180114427,2.74800159541554,0.6263426498358609
2001-10-28,,,KERVILCO,0.0,228.2414537114806,0.0,9.766592147873864,1.1119829614044787,660.5761403916566,2.2787148965178203,0.568375669169603
2001-10-29,,,KERVILCO,0.0,322.17558151427414,0.0,13.0773155754376,-0.0609364078785318,594.5055006931736,1.8895738657443304,0.5300958801801858
2001-10-30,,,KERVILCO,0.0,304.4734938428159,0.0,12.892552638719543,0.7783567947921434,636.1765698203191,2.440230035658093,0.6288129841284462
2001-10-31,,,KERVILCO,0.0,198.6970642446294,0.0,6.20428171965567,-0.9908452265694494,568.8137838231569,2.4008800525609124,0.4405222711144683
2001-11-01,,,KERVILCO,0.0,241.8208533740831,0.0,5.664377231367806,-3.3894635733064664,474.2209221536931,1.9815207887285355,0.3569473110168872
2001-11-02,,,KERVILCO,0.0,357.7136580155047,0.0,10.903269116412243,-4.64842466249517,408.61074881604287,1.94130805409382,0.4990718787101093
2001-11-03,,,KERVILCO,0.0,332.9272898710539,0.0,11.847191117844492,-2.073798538868862,503.14959042893696,2.02724957746982,0.5899264419488606
2001-11-04,,,KERVILCO,0.0,343.34476032366894,0.0,12.463925975265012,-2.39086020451402,465.6081079685694,1.766807205807703,0.6047053919715663
2001-11-05,,,KERVILCO,0.0,302.20466641899606,0.0,10.576856332445525,-1.5763698374406698,512.1565704574198,1.8572991942055064,0.5176219066257808
2001-11-06,,,KERVILCO,0.0,294.9457999886317,0.0,9.879724495375454,-1.9382090366905,494.62096786130894,1.5445829948876444,0.5538312405063202
2001-11-07,,,KERVILCO,2.57116602641414,154.6488928911488,0.0,6.895795844854056,-0.9966709932064376,567.8377958581253,1.829667557809545,0.394239212037192
2001-11-08,,,KERVILCO,0.0,232.5831791789935,0.0,2.9441908850655003,-5.695821413291378,398.44223676967584,1.0512144997379256,0.2104158407486712
2001-11-09,,,KERVILCO,0.0,335.529467509807,0.0,7.564213480458617,-7.005275344464638,303.9671335422489,1.3042869277057711,0.4340684392716755
2001-11-10,,,KERVILCO,0.0,341.1436132559431,0.0,8.836741552349416,-6.458232665870407,301.8544457129586,1.2920959924946238,0.4218901181981859
2001-11-11,,,KERVILCO,0.0,308.92345055032416,0.0,7.50471367842663,-5.507261649847691,325.530824096432,1.45645936480505,0.3117066900222013
2001-11-12,,,KERVILCO,0.0,284.00759539522164,0.0,8.5213829967798,-3.1837705883470924,355.0238671650772,1.3540761519508202,0.2960604089693294
2001-11-13,,,KERVILCO,0.0,273.8277732851914,0.0,8.969153111558017,-2.177081947679556,342.17787957189074,1.2808334333187117,0.3708037405626965
2001-11-14,,,KERVILCO,0.0,285.4465626381522,0.0,8.937533860864955,-2.8299614048286594,282.43004423100035,1.404281793912157,0.3480416584216611
2001-11-15,,,KERVILCO,0.0,281.45999659465633,0.0,8.979617298266236,-2.5821330350574563,292.24686177977827,1.0941945087143692,0.2654843404678365
2001-11-16,,,KERVILCO,0.0,309.4353578591688,0.0,9.43499152148085,-3.908257632068157,241.83580349979343,1.0171641550172468,0.2892207587714569
2001-11-17,,,KERVILCO,0.0,288.0178667964493,0.0,7.660580690766066,-4.343403211643897,259.88497135385387,1.5097601796096234,0.3028155017834703
2001-11-18,,,KERVILCO,0.0,289.0198688185285,0.0,4.719526812570063,-7.327340218006189,220.7500193757324,1.2011023269057148,0.240776878863465
2001-11-19,,,KERVILCO,0.0,327.01249623686607,0.0,5.300652537043292,-9.93784902690116,159.2109922223915,1.3020926549912204,0.269785607988408
2001-11-20,,,KERVILCO,0.0,341.62745375301773,0.0,9.29290740736146,-8.453413520675385,154.51617504047653,1.9500220246943527,0.4528005315463621
2001-11-21,,,KERVILCO,0.0,306.27998725459764,0.0,6.041237876274906,-8.157652677805318,189.6232697672624,1.7210433560636993,0.3495736198975145
2001-11-22,,,KERVILCO,0.0,195.9954200108148,0.0,2.2896665766874142,-5.541364354494784,334.81580248310945,1.0581460416521284,0.2090975310373161
2001-11-23,,,KERVILCO,0.0,147.3623866861639,0.0,-3.9857662125437896,-9.830715791869135,279.1479423497308,0.5840835008301763,0.0649146258082644
2001-11-24,,,KERVILCO,5.756127577566483,185.8960708105831,5.756127577566483,-2.303596887754992,-11.379827326750195,233.2316955036301,0.6251280283869208,0.0852802339587651
2001-11-25,,,KERVILCO,4.868712524134668,144.34140846567507,10.625278701600068,-3.656468323599357,-10.275464362897583,279.89402910580185,0.8031494767024175,0.1235457911579429
2001-11-26,,,KERVILCO,0.0,231.25091406549384,10.625278701600068,-7.401236246637466,-15.262694137409238,185.17259320247703,0.5136592565265212,0.0643140667912039
2001-11-27,,,KERVILCO,0.0,309.4857298500752,10.625278701600068,-8.79451534157882,-20.397271309433343,116.83567908386918,0.3950922460421116,0.0539145782642644
2001-11-28,,,KERVILCO,0.0,359.7576592499864,10.625278701600068,-5.800470198875998,-21.85590066408692,85.25820366520917,0.4989788861529554,0.0732857335421708
2001-11-29,,,KERVILCO,0.0,309.4444187485849,10.625278701600068,-3.93058368128979,-15.973250153719183,143.4161997777301,0.5840667684367167,0.0872417522550263
2001-11-30,,,KERVILCO,0.0,172.33538112670217,10.625278701600068,-6.177207404835437,-12.31844562913117,229.6475527431004,0.8028978278934767,0.1261159367172594
2001-12-01,,,KERVILCO,0.0,327.4999254959198,10.625278701600068,-0.7792050198281102,-14.415482975758987,147.87081653013206,0.7837706293457896,0.1338350978502963
2001-12-02,,,KERVILCO,0.0,275.55819374438136,10.625278701600068,2.836906925246677,-7.722585257307783,258.06869346941335,0.7945799618391172,0.1511757753351579
2001-12-03,,,KERVILCO,0.0,226.0334952827508,10.58578880335193,1.6655219476059504,-6.394111343875813,322.4738183186727,1.0752258289654095,0.2647131670622543
2001-12-04,,,KERVILCO,0.0,259.70708957725566,10.58578880335193,1.7427985747951755,-7.830162394681885,270.01702201472347,1.012621884762374,0.2107258545803368
2001-12-05,,,KERVILCO,0.0,224.9624131794147,10.58578880335193,-3.9965059491113855,-11.947791065591684,224.1460683382846,0.8562086188129915,0.1465824138550283
2001-12-06,,,KERVILCO,0.0,307.6466625810626,10.58578880335193,0.7569465233208098,-11.285805764791274,190.8230083920405,0.9998521830891932,0.1681404696264059
2001-12-07,,,KERVILCO,0.0,317.4280466452475,10.58578880335193,-5.319741434403131,-18.25919568788976,123.4412557868441,0.7292660250201136,0.1103298782399589
2001-12-08,,,KERVILCO,0.0,361.18721096905455,10.58578880335193,-0.6510984677461776,-19.43463683765441,93.4138743834172,0.989024787743569,0.1782699598795995
2001-12-09,,,KERVILCO,0.0,352.5894195443918,10.58578880335193,3.95137170528097,-13.744950892544365,135.59939122600673,1.2108454807324875,0.2837510309881119
2001-12-10,,,KERVILCO,0.0,324.1887919392421,10.58578880335193,1.307737514461123,-12.943282391861482,161.71735605521235,1.1652908843728549,0.2401057504689466
2001-12-11,,,KERVILCO,3.029504839534835,213.8357170409386,13.615275323809472,-3.648676927661084,-15.335618433787786,177.70901919028512,0.6796274587870527,0.1347938067911082
2001-12-12,,,KERVILCO,0.0,256.7328690944633,13.615275323809472,-7.336055053418532,-17.043022446836922,156.44870911020283,0.651491218923527,0.1098913410275928
2001-12-13,,,KERVILCO,0.0,300.8937821272888,13.615275323809472,-6.059695851187562,-18.55629001768618,118.66368549554215,0.8600026773966509,0.1344003884660964
2001-12-14,,,KERVILCO,0.0,322.7570216772438,13.615275323809472,0.536709926334882,-13.814970532906306,145.59865318268635,0.8982120354137249,0.1705713506392193
2001-12-15,,,KERVILCO,0.0,299.12717659001913,13.615275323809472,-3.709886851208504,-16.120798632244213,138.59662471224254,0.8011952720522737,0.1581078300964181
2001-12-16,,,KERVILCO,0.0,313.8656647402828,13.615275323809472,-4.991265181463069,-18.622599537291435,112.87482051742096,0.7976356092429486,0.1285165287990623
2001-12-17,,,KERVILCO,0.0,347.48911787095733,13.615275323809472,3.755481686267925,-14.132518043669132,125.4046330118905,1.1679567803634725,0.2366770839253613
2001-12-18,,,KERVILCO,0.0,252.8444623550772,13.615275323809472,-3.231730038851247,-13.540497152853964,181.4387974667513,0.96588383796453,0.162327446344232
2001-12-19,,,KERVILCO,0.0,317.7345933619999,13.615275323809472,0.9127726127640512,-13.326043043567878,151.63652105319684,1.15917367139381,0.2171434730426241
2001-12-20,,,KERVILCO,0.0,325.1893337011488,13.615275323809472,4.591317783659229,-10.342775288391724,173.9003874651903,1.2788009724578608,0.2906041954636618
2001-12-21,,,KERVILCO,0.0,287.2274330781227,13.615275323809472,0.9572117374648677,-10.804445778866196,197.02974611789924,1.1059897482674843,0.2086515988728012
2001-12-22,,,KERVILCO,0.0,181.7755160601317,13.615275323809472,-7.25719010467351,-14.203179265341188,192.0914352511944,0.8061789878027351,0.1223611386747535
2001-12-23,,,KERVILCO,0.0,343.7074118235248,13.615275323809472,-0.2910611980185392,-17.647837697787235,104.90574721576634,0.8627770674085464,0.1707520087981501
2001-12-24,,,KERVILCO,0.0,321.32759293179856,13.615275323809472,-1.816312937322816,-16.681995626273586,122.67940654223392,0.955245826003246,0.1787908862782736
2001-12-25,,,KERVILCO,0.0,312.06478798664347,13.615275323809472,-2.764310334394492,-17.117954830461517,122.55017683317271,1.1710542448744925,0.1946677336545718
2001-12-26,,,KERVILCO,0.0,325.1023903904786,13.615275323809472,1.4109919781521651,-14.343904697773262,136.58739518809847,1.133318181839375,0.2234128039205163
2001-12-27,,,KERVILCO,0.0,268.6674609066687,13.615275323809472,-1.6698712090523755,-13.142276766200952,178.3510807988521,0.9172296804924154,0.155405038115651
2001-12-28,,,KERVILCO,2.1975152258396804,215.38866611493532,15.812794955017711,-0.9198509190363712,-12.95292533761408,199.8589365193937,1.087725913091046,0.1697867495570896
2001-12-29,,,KERVILCO,0.0,272.0302633401229,15.812794955017711,-0.7157146202700387,-12.125520954504651,197.02779338184584,0.8579114575645244,0.1488997297351142
2001-12-30,,,KERVILCO,0.0,153.75426329835224,15.812794955017711,-4.65951716031121,-10.654576205163192,267.3082527357911,0.5687028465979168,0.0929373803442354
2001-12-31,,,KERVILCO,0.0,262.4198207945988,15.812794955017711,-3.671501449485663,-14.306527873536826,177.15147758789314,0.6437444158647427,0.1020201253265113
2002-01-01,,,KERVILCO,0.0,265.618051465016,17.20343280469299,-6.350816282494993,-17.51703908536991,154.19028070269636,0.7029644467769884,0.1150387704499099
2002-01-02,,,KERVILCO,0.0,338.2924873946388,17.20343280469299,-3.584781219908627,-20.81700433203831,113.74432030560666,0.9992170833711446,0.1709379538323953
2002-01-03,,,KERVILCO,0.0,352.36876645741484,17.20343280469299,3.306576821709715,-16.49699481618705,156.49323400458275,1.1435266737235632,0.2132963354899115
2002-01-04,,,KERVILCO,0.0,218.51827024724065,17.20343280469299,-4.616377811067566,-13.492898363396035,214.8643066090422,0.8593210341101228,0.1514857577399316
2002-01-05,,,KERVILCO,0.0,306.9540650929228,17.20343280469299,-4.260840908497694,-17.96783264270977,146.60616936203976,0.9918013814146128,0.1554473848232279
2002-01-06,,,KERVILCO,0.0,225.1803649880002,17.20343280469299,-1.993946622404944,-11.267241668821764,254.2964533525024,1.0043282220337515,0.1518918260830813
2002-01-07,,,KERVILCO,0.0,216.3920643688943,17.20343280469299,1.806348538532428,-7.295482021406177,342.59872791602174,1.0301361019522264,0.1590776994875483
2002-01-08,,,KERVILCO,0.0,332.1489900508574,17.20343280469299,8.817765150247594,-7.337277607459052,308.24328566110063,1.3874311901948553,0.2943619555683963
2002-01-09,,,KERVILCO,0.0438714186398107,288.63334389846176,17.175273695942852,6.267548171673624,-6.143918357987615,364.0316136203304,1.1584976591852392,0.2497470884258698
2002-01-10,,,KERVILCO,0.0,280.5467334351386,17.175273695942852,-0.1686146844959793,-11.889474207920737,239.572088241006,0.6847651160670566,0.1180242648999218
2002-01-11,,,KERVILCO,0.0,321.0102669161563,17.175273695942852,0.2665422088204861,-14.127574445102418,195.8916047065692,1.3708871417123187,0.2500519935470712
2002-01-12,,,KERVILCO,0.0,343.21929505881263,17.175273695942852,3.294839771800477,-13.07069744374652,206.79670862075577,1.1866598515291429,0.1990817563176207
2002-01-13,,,KERVILCO,0.0,270.3868812463799,17.175273695942852,-3.670914462585901,-14.547909218492793,195.32917893341087,1.0441715032589196,0.1535769908604263
2002-01-14,,,KERVILCO,0.0,369.9465690684642,17.175273695942852,0.6836617751371993,-18.80497650784235,129.1897097647216,1.0802999099163102,0.1963814976373959
2002-01-15,,,KERVILCO,0.0,255.65009752484104,17.175273695942852,-1.256392463934232,-11.298003700988549,253.13345131676212,1.163410049013034,0.2298871869716759
2002-01-16,,,KERVILCO,0.0,147.5983334707899,17.175273695942852,-5.1809637085248434,-10.749094510022102,268.6073433250632,0.7890532436491761,0.1314994640917866
2002-01-17,,,KERVILCO,0.0,298.84963259653006,17.175273695942852,-3.99832916595762,-15.967426129948192,173.1738276035273,0.9016336617380613,0.1582678094945597
2002-01-18,,,KERVILCO,0.0,283.3250068029085,17.175273695942852,-8.675718271150387,-19.66451902587237,127.89019017503418,0.8716226031683372,0.128718395432848
2002-01-19,,,KERVILCO,0.0,376.6742584247812,17.175273695942852,-3.2313746630794413,-21.68435996947584,103.55242513660616,1.0123916807073454,0.1647533145156272
2002-01-20,,,KERVILCO,0.0,210.9057736412815,17.175273695942852,-8.758270600683769,-16.510435245940815,167.8611605007206,0.9373622135387548,0.1296235072650845
2002-01-21,,,KERVILCO,0.0,337.12110480958825,17.175273695942852,0.5191727385301992,-13.440224632987256,196.49044025008968,1.000364035184497,0.1613012981164979
2002-01-22,,,KERVILCO,0.0,292.50187517574693,17.175273695942852,-0.8769961092315515,-12.020304125139416,215.6907262455259,1.0643874567077307,0.1900923106656873
2002-01-23,,,KERVILCO,0.0,330.28551719543424,17.175273695942852,-6.623192605377336,-19.627167108241327,118.17623731748924,0.669268799626067,0.0978896096528512
2002-01-24,,,KERVILCO,0.0,389.8769042365527,17.175273695942852,-4.175808127511326,-22.59230943862415,83.86085888067743,0.9815180370690308,0.1504493844301953
2002-01-25,,,KERVILCO,0.0,377.92330687875375,17.175273695942852,2.6466230682238794,-14.12687172041904,140.313844135512,1.3624874575555177,0.2426030271072396
2002-01-26,,,KERVILCO,0.0,359.095544242878,17.175273695942852,5.743546952614508,-9.009933458223967,189.1679496532836,1.3215682206544692,0.301268590446784
2002-01-27,,,KERVILCO,0.0,336.2268569030792,17.175273695942852,5.13200626834721,-7.807511904787801,219.60827027860017,1.2490727188567277,0.2814603428858131
2002-01-28,,,KERVILCO,0.0,253.49210521445008,17.175273695942852,0.8964307351495727,-7.803669102834328,281.57450934028617,1.2098476792475907,0.2155836633260641
2002-01-29,,,KERVILCO,0.059426973673005,187.1803444416201,17.23460249473028,-5.531199629911907,-11.973625497410834,227.67677229796587,0.8823586553607917,0.1356948034591213
2002-01-30,,,KERVILCO,0.0,228.13290666162123,17.23460249473028,-8.911354033920256,-16.579606039996698,156.64389342845357,0.7009693413456168,0.1127008676330833
2002-01-31,,,KERVILCO,0.0,318.4968218426868,17.23460249473028,-11.30792188131886,-22.64237722148237,88.99636001081694,0.799998309768094,0.1109499657072712
2002-02-01,,,KERVILCO,0.0,424.7519784979224,17.23460249473028,-1.0426088986669595,-21.51567100117932,71.30336678150684,1.1458631995009814,0.2123074809525724
2002-02-02,,,KERVILCO,0.0,398.6296584908845,17.23460249473028,-0.5143030208654902,-16.84369267049889,107.36252079427013,1.2773100071265016,0.2705967352649606
2002-02-03,,,KERVILCO,0.0,399.9089096164289,17.23460249473028,-0.4579454900964082,-16.921934655944717,106.12991218202572,1.2629675649691374,0.2390196054488592
2002-02-04,,,KERVILCO,0.0,412.80773281429856,17.23460249473028,0.2480706118554506,-17.32966521096418,97.9081235512859,1.4730112405946891,0.265349072760018
2002-02-05,,,KERVILCO,0.0,382.71067392118783,17.23460249473028,-4.51676649709382,-19.398189807952907,96.24220946050042,1.008502707037568,0.1656958689784664
2002-02-06,,,KERVILCO,0.0,436.1438922524743,17.23460249473028,2.757035373511844,-17.84789092420704,71.30232917445697,1.5859018002074947,0.270265643861281
2002-02-07,,,KERVILCO,0.0,435.8034557824778,17.23460249473028,5.319317804978044,-14.804679049742944,62.63080845029575,1.7295482404251623,0.3218249820656501
2002-02-08,,,KERVILCO,0.0,399.3369501563327,17.23460249473028,0.4113776579901885,-15.465873659234258,61.31086124319759,1.846413921573619,0.2812472080025854
2002-02-09,,,KERVILCO,0.0,311.0619443619431,17.23460249473028,-7.510612277210123,-18.412368910938863,80.87175057051854,1.2544540770497925,0.1653003502062071
2002-02-10,,,KERVILCO,0.0,452.0950036467953,17.23460249473028,0.9063651804391052,-20.476383474788623,37.620980555259656,1.3335529446328154,0.2195588036811807
2002-02-11,,,KERVILCO,0.0,450.18672922677774,17.23460249473028,7.08386545632549,-13.715249068090188,68.73491616274634,2.190352091999173,0.3847795591432202
2002-02-12,,,KERVILCO,0.0,424.33291684674,17.23460249473028,1.2853502435895756,-16.232520033192873,55.345774564856974,1.5897301401712276,0.2680000491686492
2002-02-13,,,KERVILCO,2.0047599104596343,413.68392307702544,19.238859297733285,3.1780656299187724,-18.431273177532404,46.36957944364963,1.3478301742232297,0.2487379037128153
2002-02-14,,,KERVILCO,0.0,299.1195410860823,19.238859297733285,-1.574107678918756,-11.703081126506785,113.22261812892329,1.561901278838688,0.2494538188444779
2002-02-15,,,KERVILCO,0.0,442.96548409614456,19.238859297733285,1.758489230671733,-16.16827852773347,55.472154397638576,1.285315185139681,0.2256765584652763
2002-02-16,,,KERVILCO,0.0,463.9865389319928,19.238859297733285,6.512467462549767,-13.547263004034756,69.79016593701313,1.5489282484264977,0.325262844438069
2002-02-17,,,KERVILCO,0.0,388.4696910576727,19.238859297733285,5.448626333257135,-8.74570496788176,105.19537905860332,1.592980226257796,0.3166926940839537
2002-02-18,,,KERVILCO,0.0,293.00708257733515,19.238859297733285,1.1247339475438036,-8.601091798587689,128.92113986387733,1.3984917638020284,0.2261003338796938
2002-02-19,,,KERVILCO,0.0,228.861882491872,19.238859297733285,-2.806191793852286,-10.234421497835088,168.546220628169,1.3955102041514953,0.1861378511413373
2002-02-20,,,KERVILCO,0.0,205.8076209511672,19.238859297733285,-3.875555895109621,-10.353202842768766,183.90170414645883,1.4656081338328797,0.1973711373421131
2002-02-21,,,KERVILCO,0.0,425.2916090071196,19.238859297733285,-1.3967655017612617,-16.539278539301083,54.64143916830747,1.5080928249782168,0.2120301419551279
2002-02-22,,,KERVILCO,0.0,474.397823775875,19.238859297733285,5.7081148762706295,-13.091129415638456,72.89524899447468,2.0438143829907296,0.314448301609013
2002-02-23,,,KERVILCO,0.0,423.9342494346526,19.238859297733285,8.091459531743755,-6.750693810251503,124.1282505848964,2.0201449152364224,0.3750143323098239
2002-02-24,,,KERVILCO,0.0,303.8593286686477,19.238859297733285,0.8435875605140987,-8.497760152123359,119.9613443799695,1.62575262263509,0.2260828996777896
2002-02-25,,,KERVILCO,0.0,363.9300599645479,19.238859297733285,-7.136450720977428,-18.42580043820905,65.18126257226527,1.2768106224263105,0.1586419944197246
2002-02-26,,,KERVILCO,0.0,468.8194892007156,19.238859297733285,-7.251253197266219,-23.89282751862474,30.29052703077753,1.2967842726623202,0.1601140349637267
2002-02-27,,,KERVILCO,0.0,376.30171491261103,19.238859297733285,-4.530140736849923,-16.504078396417665,63.25908137131028,1.6629031278587956,0.2178449368267415
2002-02-28,,,KERVILCO,0.0073954279000443,440.3006505456837,19.24627136711686,0.1236161873173976,-14.89237700501661,61.99441052432039,1.8635100095404007,0.2750484054348266
2002-03-01,,,KERVILCO,1.8258863198832933,404.2639353217938,21.0728481443094,-7.171593623456295,-24.167660068177995,36.03473907126186,0.9904931519440991,0.1492715021608685
2002-03-02,,,KERVILCO,0.0,410.18137825263295,21.0728481443094,-14.035928920415678,-27.4286386330494,36.37508726695989,0.9354501212402088,0.1235840178225061
2002-03-03,,,KERVILCO,0.0,480.5157202573742,21.0728481443094,-9.793961900652535,-26.785423139681512,25.78062129933872,1.157387539121078,0.1387621424493467
2002-03-04,,,KERVILCO,0.0,515.5121283777296,21.0728481443094,0.9627603056095037,-18.648255944795483,44.21434935401283,1.705836255420826,0.2317746840232676
2002-03-05,,,KERVILCO,0.0,456.8484796782562,21.0728481443094,2.1717806489757785,-13.271832231443728,71.44392466614129,1.9644576687847872,0.2894635664622743
2002-03-06,,,KERVILCO,0.0,451.89676538735074,21.0728481443094,4.849689188214203,-10.082562023786249,93.98901199219466,2.053784059076308,0.3175138550897013
2002-03-07,,,KERVILCO,3.103167277827032,171.21445245429575,20.801534645406903,1.244350270795747,-5.35327176099482,265.23603806329527,2.0603017295157824,0.3200783971568788
2002-03-08,,,KERVILCO,0.0,484.1640532820686,20.801534645406903,-2.0706891731485912,-17.815337263126782,49.173333824028,1.7659136849565842,0.229465535766852
2002-03-09,,,KERVILCO,0.0,551.9397207831812,20.801534645406903,1.001253535604541,-19.81508472219593,40.18912810012427,1.860303071107624,0.2616972704345639
2002-03-10,,,KERVILCO,0.0,509.7780114828555,20.801534645406903,7.570418280573925,-9.519765728210466,98.56490240623528,2.117188710939634,0.366180931464443
2002-03-11,,,KERVILCO,0.0,370.4202886759582,20.801534645406903,2.2193404405131827,-8.477233716142083,109.6699664421294,2.1379639018589938,0.2892657099794673
2002-03-12,,,KERVILCO,0.0,519.9509675673751,20.801534645406903,8.760705421531918,-8.490065593925125,107.7120115644408,2.4002019470572886,0.3628694650587444
2002-03-13,,,KERVILCO,0.0,464.7328779437588,19.73667963182646,10.407284648409457,-3.465026447005067,162.08288015882448,2.567794717253515,0.4282600268915463
2002-03-14,,,KERVILCO,0.0,503.49340273451634,19.73667963182646,-1.3143016887451673,-16.79281192358859,54.02333105527195,2.294709691798715,0.3530875217436172
2002-03-15,,,KERVILCO,0.0,498.0506140903239,19.73667963182646,-3.1239542975768377,-17.876270946791983,48.37304984573154,1.5188809112956496,0.2224904496948801
2002-03-16,,,KERVILCO,0.0,421.85636465229976,19.73667963182646,-4.509218675248823,-15.956624748472688,56.67011345820849,1.6045596843503491,0.2433616271727391
2002-03-17,,,KERVILCO,0.0,427.2882354524085,19.73667963182646,-4.314891356289931,-15.83974569516866,58.16486253852968,1.431081057154182,0.2141867107877691
2002-03-18,,,KERVILCO,0.0,439.0424141051278,19.73667963182646,-1.3073478376380732,-13.00262388390141,73.31790904345668,1.7303375036306845,0.2698651557456459
2002-03-19,,,KERVILCO,0.0,536.4351541974186,19.73667963182646,3.009759414254677,-12.898605378668767,74.11505829303746,2.07009337224967,0.28063748723905
2002-03-20,,,KERVILCO,0.0,558.1848345351559,19.73667963182646,5.781418610082675,-11.71826232825614,81.94609247439753,2.5670411517658094,0.3798524995880917
2002-03-21,,,KERVILCO,0.0,537.1012148498352,19.73667963182646,7.317358166341366,-9.066034703836884,102.481103265247,2.5781585361187105,0.4253247106580273
2002-03-22,,,KERVILCO,0.0,538.6675360363132,19.72926394977186,10.43001162905466,-6.310533453250249,128.71483067941608,2.662674430824827,0.4907922228994569
2002-03-23,,,KERVILCO,0.0,431.7273517273646,19.07167785179443,7.636642384111004,-4.327769130213495,151.2326374173914,2.872623089169002,0.5181216062838883
2002-03-24,,,KERVILCO,0.0,380.3082493454569,19.07167785179443,0.70588565493078,-9.048455982469116,102.96730059427944,2.364220042985742,0.3707886541666459
2002-03-25,,,KERVILCO,0.0,422.7250049783128,19.07167785179443,0.7005886690699977,-10.275225111206163,92.74745885028896,1.9903262041558496,0.2698486556136418
2002-03-26,,,KERVILCO,0.0,448.9986034524188,19.07167785179443,4.4009676795946975,-7.902516718375057,112.862687838938,2.211030670035235,0.3101863099027763
2002-03-27,,,KERVILCO,0.0,490.653779574073,18.93243817774242,8.226702267967095,-5.654889694153065,135.808013038601,2.674699644824875,0.3955565902380408
2002-03-28,,,KERVILCO,0.0,404.6056469916061,17.96322048173356,7.7249552199922515,-3.1244151536797395,167.98109148133477,3.17742680231508,0.4604545344753332
2002-03-29,,,KERVILCO,0.0,531.3367596822056,17.85747795267068,9.741267161997522,-5.6733982222103485,135.80118860117364,2.9850481807727403,0.4736868561173012
2002-03-30,,,KERVILCO,0.0,539.674840122256,17.708132831144916,10.425011171286554,-5.42666833569161,138.4170058922801,2.916437861947251,0.4186281576509194
2002-03-31,,,KERVILCO,0.0,554.9936601358826,17.53119699174341,11.211960981238974,-5.347573795301469,139.3341902869025,3.134784249171517,0.5009613680381759
2002-04-01,,,KERVILCO,0.0,456.5424777207362,15.664447103882432,12.082515721915984,-0.1818964435327191,210.0066637915901,3.576003176182751,0.603891996404168
2002-04-02,,,KERVILCO,0.0,522.898006912825,15.004995512316135,10.671183668695582,-3.862989254550947,157.02456471124336,3.305527804730986,0.5322772210382002
2002-04-03,,,KERVILCO,0.0,508.5642964384456,14.584997485760692,9.26126451236207,-4.768198750204805,145.95966573774052,3.1133240664018365,0.5062416677788202
2002-04-04,,,KERVILCO,0.0,520.7839951034251,13.665692005493732,11.378229368316534,-3.0084446424938256,168.08856016447646,3.2666068412925098,0.5724620036006053
2002-04-05,,,KERVILCO,0.0,523.8090651054749,12.567396774493828,12.293443840929152,-2.229661886689905,178.81834082235173,3.301261636017684,0.7079787397736904
2002-04-06,,,KERVILCO,0.0,492.295934240892,11.548602675499842,10.742552988295396,-2.415294663060592,176.2145688825985,2.944777268378977,0.6498892553645773
2002-04-07,,,KERVILCO,0.0,474.32111331654966,10.950297500776902,8.51072808484786,-3.654973546255329,160.02048582077217,3.058596724492136,0.5076044886448446
2002-04-08,,,KERVILCO,0.0,543.1849564043943,10.641759704858837,10.06493594587665,-4.775809470367395,146.03704654083913,3.0480334972257084,0.4672721853621498
2002-04-09,,,KERVILCO,0.0,516.7064957213931,9.823872491280488,10.598023024022988,-3.073862108278703,167.22054594540762,3.2544628085996803,0.5931653170773108
2002-04-10,,,KERVILCO,0.0,417.0422162867153,8.068971088192738,10.398726476440377,0.108491563719407,214.8255831054005,3.4480702298353414,0.664844688012602
2002-04-11,,,KERVILCO,4.6227207128459975,341.8611844006223,7.338718515129848,7.993924678762378,-3.168899527040681,166.41729599232087,3.428074359251161,0.5351738879934197
2002-04-12,,,KERVILCO,0.0,478.3536726527712,6.74149877697089,8.14017106974519,-3.698324189749873,159.20168927087877,3.0365147921079925,0.564659492423509
2002-04-13,,,KERVILCO,0.0,534.2958610752755,5.904688673389762,11.56060831090828,-2.5512854887686984,174.49971977975986,3.668890581841534,0.5869551842950362
2002-04-14,,,KERVILCO,0.0,528.9606188735744,4.460419985141133,14.411630885929746,0.3855315952392798,219.46980781069,3.884478688727979,0.754302833289427
2002-04-15,,,KERVILCO,0.0,459.5205029369588,2.80563676182354,13.530536413502174,2.118644630586457,250.78197221075888,4.200589267851562,0.8233344201093381
2002-04-16,,,KERVILCO,0.089212341215927,427.5666365825153,2.6544304832455152,6.067393752799064,-4.106222084901768,155.03964216566098,3.2995193111952448,0.4929079494576761
2002-04-17,,,KERVILCO,0.0,436.63349085525977,2.12667364527876,8.574092742186934,-2.0327300158543804,181.8891317164385,3.668175463557286,0.5639383429648068
2002-04-18,,,KERVILCO,0.0,506.0348815237568,1.7947179746372546,10.01381983754956,-2.822398252695208,171.19357244052296,3.809839361015682,0.6237101979943697
2002-04-19,,,KERVILCO,0.0,522.5670468083898,1.56664170154077,9.836476349663222,-3.531265832628808,161.46760278796802,3.820960122278846,0.5995260331570097
2002-04-20,,,KERVILCO,0.0,497.9836504728257,1.56664170154077,4.841763689932535,-7.289447928485745,119.21061098395096,2.793813836367879,0.4304654756148426
2002-04-21,,,KERVILCO,0.0,522.3033344870119,1.56664170154077,4.528107226843885,-8.440802614191663,108.50451428920933,3.0556192677341003,0.4099845551176242
2002-04-22,,,KERVILCO,0.0,570.7018026833225,1.56664170154077,9.394161233988932,-6.2809810042599485,129.02376219800323,3.740938823531185,0.5897211266501742
2002-04-23,,,KERVILCO,0.0,570.4672884506172,1.1931007228426511,13.285834757572664,-2.816059031743091,170.69127297741792,4.2092674904419285,0.7090803143137215
2002-04-24,,,KERVILCO,0.0,513.9746215552213,0.662323389106531,13.11392565982036,-0.3541689127145505,207.21689079238723,4.493731093309092,0.7665031220880324
2002-04-25,,,KERVILCO,0.0,496.85548607893935,0.4400575689723268,10.834456419398128,-1.978292564263436,182.4388668251603,3.4470854116705585,0.74858632658465
2002-04-26,,,KERVILCO,0.0,445.9439204288583,0.2881028918727124,9.885238446228076,-0.9877984049545264,197.24432820284616,3.585355261995338,0.6493587594814402
2002-04-27,,,KERVILCO,0.0,445.520750019563,0.2865728263366894,6.524163562594836,-4.321637563771137,151.81127313745466,3.202823283902334,0.4453142201159467
2002-04-28,,,KERVILCO,0.0,551.0530797473398,0.2681008935019794,11.667696892142136,-3.4307790187975207,163.00409072795242,3.817549804844463,0.5871213461780649
2002-04-29,,,KERVILCO,0.0,538.2271662110367,0.1615932918555693,13.317814069874675,-1.2552783639691791,193.11546872798343,4.107690837545041,0.8216411855957766
2002-04-30,,,KERVILCO,0.0,532.8780437778075,0.0478426677677453,14.811222537306245,0.6468270587251135,223.949045974464,3.9846411427143726,0.6520446797715764
2002-05-01,,,KERVILCO,0.0,522.0617484618598,0.0379055604129887,9.90026386639968,-3.61199695152164,160.34148352220177,3.554790000225923,0.4746816447699812
2002-05-02,,,KERVILCO,0.0,504.34763374390815,0.0379055604129887,6.051364334281628,-6.638594698149853,125.80348349339526,3.01878016154733,0.4381401426932733
2002-05-03,,,KERVILCO,0.0,551.935432607991,0.0379055604129887,10.017712233082506,-4.895869014893969,144.68023699716997,3.522855061397177,0.4676439546881444
2002-05-04,,,KERVILCO,0.0,542.0090073630608,0.021164021128319,11.91092845673276,-2.691237565241439,172.4304091847165,3.606300878237577,0.5809184044578709
2002-05-05,,,KERVILCO,0.0,565.1979324052919,0.0035386509948639,14.57964090923157,-1.2783351608320142,192.77876023134533,4.206444383615632,0.7216826457536335
2002-05-06,,,KERVILCO,0.0,561.9081296212132,0.0,15.376638735920686,-0.3864663398749727,206.7054381996204,4.332792623781459,0.778646707820407
2002-05-07,,,KERVILCO,0.0,546.1548291650939,0.0,15.3120625011219,0.4406708566149811,220.3991278577639,4.520827464036135,0.8158152547240765
2002-05-08,,,KERVILCO,0.0,515.4572465374944,0.0,9.589837258161433,-3.67209810823225,160.00138774195355,4.256864654645361,0.6244296921770854
2002-05-09,,,KERVILCO,0.0,586.1526409112487,0.0,10.457272318213926,-6.6879561403056265,125.07864906433156,3.81140277331048,0.5440696631299926
2002-05-10,,,KERVILCO,0.0,455.1847507329177,0.0,11.223878732152375,-0.0011560334723458,213.0341023257289,4.405805568211742,0.7360155418476032
2002-05-11,,,KERVILCO,0.0,555.7824938286878,0.0,14.757843658787724,-0.7074143942562665,201.5923919449241,4.45422101624575,0.7312187236885251
2002-05-12,,,KERVILCO,0.0,462.23767501842735,0.0,8.318444957426037,-3.142802897354421,166.77472343748218,2.9262251208687027,0.410291067889707
2002-05-13,,,KERVILCO,0.0,568.2031640124549,0.0,12.596676328202769,-3.558307218986407,161.0652106826721,3.8292651883512767,0.6401098583138196
2002-05-14,,,KERVILCO,0.0,477.1083065181608,0.0,12.983190892504432,0.7674366879144257,226.05650500706005,4.39354138639159,0.8435772882158921
2002-05-15,,,KERVILCO,0.0,530.9430609220025,0.0,15.354998478631304,1.0946780435218066,231.84182515080408,4.77554459097556,0.8889793269047384
2002-05-16,,,KERVILCO,0.0,501.4164239812909,0.0,13.493743249340302,0.2750054890996692,217.6220383879103,4.465862683371449,0.829235691261952
2002-05-17,,,KERVILCO,0.0,557.2917914788999,0.0,15.348296217067734,-0.4401996631101149,206.0265655400792,4.633803948479869,0.7959686357075869
2002-05-18,,,KERVILCO,0.0,575.0432237405072,0.0,17.5949696252074,0.5121090830096738,221.7155081854419,5.279426689762977,1.1272459024815888
2002-05-19,,,KERVILCO,0.0,517.5500608834367,0.0,16.450913595235324,2.495453063598557,258.3235446360856,4.830763075420026,1.1303107278473403
2002-05-20,,,KERVILCO,0.0,494.12234347483314,0.0,14.964701614857184,2.023238825314408,249.4627897162227,4.841774024597156,0.9431206583302376
2002-05-21,,,KERVILCO,0.0,589.4034299649583,0.0,16.034891646934437,-2.443006225219933,177.22328212921218,5.153003351283208,0.8096916867466382
2002-05-22,,,KERVILCO,0.0,557.3242572668782,0.0,11.266823069314857,-4.679865893054249,147.75215226461214,4.331708901773685,0.5982435920304664
2002-05-23,,,KERVILCO,0.0,507.0337253522445,0.0,9.140622918750438,-4.363586905688789,151.05272678191054,4.053037582826331,0.6722005958047542
2002-05-24,,,KERVILCO,0.0,399.9117233196649,0.0,7.033275438091499,-2.8971312065568173,169.67370402008075,3.910423942256627,0.6053425464363235
2002-05-25,,,KERVILCO,0.0,599.1267942784216,0.0,14.403699090383936,-4.408650958253629,150.6810388498102,4.782273728345057,0.8350291004343868
2002-05-26,,,KERVILCO,0.0,557.0584283878053,0.0,15.49359223710206,-0.6967971111477301,202.2745461321913,4.678642914587242,0.9796418386990728
2002-05-27,,,KERVILCO,0.0,532.0766551679852,0.0,17.139790109340723,2.062851147566325,249.98018033598663,4.393759145248292,1.1003970203274782
2002-05-28,,,KERVILCO,0.0,565.7948121250515,0.0,17.80811061289802,0.8322158991662736,227.53258453142683,4.6934139378268975,1.1402086650848016
2002-05-29,,,KERVILCO,0.0,552.4784676251383,0.0,19.193036910265857,2.832271808915629,265.0281623281031,5.573888229429654,1.267198183330965
2002-05-30,,,KERVILCO,0.0,584.4587355203024,0.0,23.00422012998333,4.253727341582068,295.2303966603332,5.506530752563149,1.4325034301739792
2002-05-31,,,KERVILCO,0.0,554.5999717228758,0.0,24.642594222169425,7.655828427698789,379.3585822223558,5.483582042591777,1.6551427210489214
2002-06-01,,,KERVILCO,0.0,518.0116945855538,0.0,23.55440239850616,8.397618372370284,400.0533305630185,6.286841605698256,1.5166317523210082
2002-06-02,,,KERVILCO,0.0,534.4578081966064,0.0,21.356893616735643,5.603698708682536,326.40007683857203,6.122193993564009,1.1628366592981538
2002-06-03,,,KERVILCO,3.90006056764448,407.88637155479074,0.0,18.297653385448097,1.934349599321172,247.79249805461745,5.20576158358029,0.9848694987417812
2002-06-04,,,KERVILCO,0.0,434.0670666456789,0.0,12.294282102754623,0.7696998431017408,226.47699302065803,4.230051268785791,0.6802746438878154
2002-06-05,,,KERVILCO,0.0,561.2273231108516,0.0,16.76911080599601,-0.2935925597022925,208.6683822707493,4.620471993364124,0.7454340759142757
2002-06-06,,,KERVILCO,0.0,585.5450025951163,0.0,20.80295092704662,1.832248189961755,245.5611397188908,5.516522857806541,1.037520400883017
2002-06-07,,,KERVILCO,0.0,534.9662309882528,0.0,22.108139075089174,5.973152966559784,335.0089863457304,5.896293364294414,1.3690571772874105
2002-06-08,,,KERVILCO,0.0,499.4889452711072,0.0,22.195377851079176,7.776274655766624,382.42180931576473,6.551033918903036,1.320939151803442
2002-06-09,,,KERVILCO,0.0,473.23289602317175,0.0,22.29398484845863,8.891860488901,414.65553283132886,6.73204502229988,1.2880561492839069
2002-06-10,,,KERVILCO,0.0,551.922451424863,0.0,21.212090725343543,4.346197132151724,297.79563940418325,6.071383309520619,1.117090443105635
2002-06-11,,,KERVILCO,0.0,573.6397932149787,0.0,21.040395621305176,2.5531892367263933,259.4517340266421,5.924296778968669,1.0986431306211617
2002-06-12,,,KERVILCO,0.0,570.0132119370866,0.0,21.728669564238658,3.394388547217697,276.3622177564253,6.218686007329944,1.1991518689413396
2002-06-13,,,KERVILCO,0.0,529.278632300431,0.0,20.06860009209573,3.955535596144791,288.3539820379085,6.146656630713666,1.1650163496196346
2002-06-14,,,KERVILCO,0.0,548.2488959320914,0.0,22.25353747568394,4.983247488208516,311.2933018425967,5.614415453918795,1.144364404637089
2002-06-15,,,KERVILCO,0.0,547.6244593683741,0.0,22.00135446849122,4.69710824874462,305.1577311642717,6.253578028073231,1.3347996597892853
2002-06-16,,,KERVILCO,0.0,549.8835277574509,0.0,21.60498751015486,4.092077138463511,291.42718235120094,6.082260599501625,1.1992658263875111
2002-06-17,,,KERVILCO,0.0,557.5010324509694,0.0,24.30423180546277,6.114959196339694,338.5315086616344,6.2823404714885145,1.4998977009157053
2002-06-18,,,KERVILCO,0.0,554.5118096761549,0.0,24.344114011371204,6.210863876142843,340.9190499665381,6.462237015369033,1.5923696226266164
2002-06-19,,,KERVILCO,0.0,542.7874448297108,0.0,24.716717197448297,7.1761818141581175,365.9889502441391,6.245376784925808,1.5727888581629883
2002-06-20,,,KERVILCO,0.0,434.8450843496477,0.0,21.158970776907303,8.550457235223773,404.4989634473203,6.744789143512462,1.4061361807149793
2002-06-21,,,KERVILCO,0.0,541.4342661410744,0.0,22.646836371934505,5.526250384245923,325.5994718427932,6.262368283435703,1.329823110300841
2002-06-22,,,KERVILCO,0.0,505.6738611610831,0.0,21.600807261218648,6.291252222169374,344.0017323160896,6.15790722497168,1.1808177895293823
2002-06-23,,,KERVILCO,0.0,538.0942158909284,0.0,23.66680046459319,6.366566501216427,345.33563586231213,5.8756443566004375,1.4116313092375607
2002-06-24,,,KERVILCO,0.0,550.1506321151018,0.0,24.6269418922646,6.592504409580462,350.95281531731354,5.438358448328526,1.6475977822709316
2002-06-25,0.0,0.0,KERVILCO,0.0,481.2176737199349,0.0,23.542799238428564,9.00912480082815,418.194558997832,5.430159891660485,1.7047213780527315
2002-06-26,0.0,0.0,KERVILCO,0.0,513.7549669031479,0.0,23.69323183652316,7.715602821710485,380.8038909588158,5.63691788594666,1.482753458469268
2002-06-27,0.01825722228195887,0.88,KERVILCO,0.0,505.900163218216,0.0,21.266450592057016,5.729993345320854,329.30484809836145,5.23751826575265,1.5215912378114782
2002-06-28,0.029667986208183166,1.43,KERVILCO,0.0,553.0563949407751,0.0,23.68108426363456,5.5016571841126165,323.5261823312641,5.523366834307223,1.420895832401556
2002-06-29,0.03921153421920712,1.89,KERVILCO,0.0,562.7462785798325,0.0,25.172138391003305,6.262426878377675,342.2820212159917,6.578616748177142,1.5167267463880905
2002-06-30,0.023236464722493112,1.12,KERVILCO,0.0,553.7650401950149,0.0,26.434761587496286,7.976645385281649,388.1860864697738,5.966963223508778,1.6641173485388456
2002-07-01,0.019294564457070174,0.93,KERVILCO,0.0,556.6865546811796,0.0,27.29755551814001,8.527919193118796,404.49275115665193,6.318731220616411,1.7755180464533176
2002-07-02,0.01991696976213695,0.96,KERVILCO,3.3047512644027743,382.83305209350505,0.0,25.896750233478105,9.80128012191896,442.9282686189664,6.0161063620573785,1.80203690796556
2002-07-03,0.02468874376764893,1.19,KERVILCO,2.0896309564952302,476.0564760295275,0.0,23.63845126119765,6.4521250600390525,347.9595732644316,6.123222092035699,1.432918348045327
2002-07-04,0.02136924880729277,1.03,KERVILCO,0.0,449.9970024286352,0.0,18.412818512064952,5.162447198457335,316.1467490048819,4.784379511909959,1.0404980649016218
2002-07-05,0.030082923078227686,1.45,KERVILCO,7.089049301640629,385.76117266398273,0.0,20.523154959409386,4.314945578364889,296.93382824109506,4.7520186776135205,1.034501247705745
2002-07-06,0.027800770292982828,1.34,KERVILCO,0.0,465.3207056112113,0.0,19.169050258723946,5.395046084491486,321.85890591321095,4.662959635299376,0.9707045208328414
2002-07-07,0.02655595968284927,1.28,KERVILCO,9.695123294519194,407.539644703207,0.0,23.34165548842693,6.241233251482859,342.9377740275613,5.181120771468571,1.153691040704359
2002-07-08,0.017634816976892093,0.85,KERVILCO,9.312217261905396,412.4826685117882,0.0,25.2725692454648,6.761714097160391,355.8235382550268,5.303581231763282,1.2069307376884522
2002-07-09,0.016804943236803056,0.81,KERVILCO,0.0,550.7368228467174,0.0,25.17973413931059,6.653555283058202,353.5432468284955,5.601095182194074,1.3192416422676754
2002-07-10,0.03423229177867288,1.65,KERVILCO,0.0,519.9650638165607,0.0,24.238678948850925,7.523658111818913,375.8406082350842,5.04981010301566,1.220587754974722
2002-07-11,0.029667986208183166,1.43,KERVILCO,0.0,549.2465885651457,0.0,23.62950452441705,5.263873058572785,318.9730981074849,4.941337398878014,1.1999479105700983
2002-07-12,0.01825722228195887,0.88,KERVILCO,0.0,554.234647926731,0.0,25.16705169447972,6.363048807221412,345.2809870183172,5.631421004947159,1.3071905637433232
2002-07-13,0.011410763926224296,0.55,KERVILCO,0.0,548.7598732524988,0.0,25.59339019468449,7.037696247945621,363.1696482851305,6.121794520906157,1.4021979037911907
2002-07-14,0.009336079576001697,0.45,KERVILCO,0.0,509.6429650577499,0.0,23.818694207256627,7.499362418371597,374.9328444439864,5.343391478023992,1.3742356117003922
2002-07-15,0.009543548011023957,0.46,KERVILCO,0.0,544.5446804072401,0.0,24.48005123943867,6.191659834003227,340.57187347346104,5.6072605796227,1.3777847407816304
2002-07-16,0.010580890186135256,0.51,KERVILCO,0.0,552.5657364129744,0.0,24.5508006270652,5.722348319223086,329.1515274629241,5.403439615614652,1.2541558489097833
2002-07-17,0.008921142705957175,0.43,KERVILCO,0.0,542.8308135589258,0.0,25.381054537367145,7.079631661215201,363.7570768081308,5.3013599422473,1.2772176824236137
2002-07-18,0.006431521485690057,0.31,KERVILCO,0.0,544.5476496758896,0.0,25.67174571075597,7.218197403364756,367.55073860094586,5.341973660388992,1.342139706526822
2002-07-19,0.005601647745601018,0.27,KERVILCO,0.0,531.0876483691919,0.0,25.182198231908345,7.5489397647793295,376.64995004707816,5.256446875889907,1.2946605502613011
2002-07-20,0.004564305570489717,0.22,KERVILCO,1.3807713508145802,458.5707704058456,0.0,23.08172933564465,6.653157289371464,355.0478132040441,4.605966438957866,1.1710658716360491
2002-07-21,0.012655574536357855,0.61,KERVILCO,0.0,516.28223052813,0.0,22.977829740565618,6.170825940329501,341.33365490884745,5.360938340398714,1.0810323076328936
2002-07-22,0.012655574536357855,0.61,KERVILCO,1.1091777321217375,371.4128895438708,0.0,20.152747960881005,7.8256383975021615,423.7032719953878,4.434469180092679,0.7988916587017963
2002-07-23,0.014107853581513674,0.68,KERVILCO,2.831455842773712,425.6131790494734,0.0,22.275562111166952,6.468752458009787,357.56284478130345,4.521707356057427,0.9303665872397848
2002-07-24,0.013485448276446895,0.65,KERVILCO,3.419338142204229,404.2650397806801,0.0,24.098100244850173,5.756689646903271,337.5292468877534,5.055396536242242,1.1674469690117235
2002-07-25,0.02199165411235955,1.06,KERVILCO,0.0,503.8462797306266,0.0,22.575763180665987,6.38597750681212,347.46391843501465,5.084959503275506,1.253044868282366
2002-07-26,0.028215707163027348,1.36,KERVILCO,0.0,487.0143162263802,0.0,21.16594787372464,5.8404222878555805,337.0124824460203,4.940506720478645,0.9128643150420992
2002-07-27,0.016804943236803056,0.81,KERVILCO,0.0,483.0576669046167,0.0,21.220308125988986,6.034631150577523,343.4774563032071,5.148139411338153,1.0807623968858746
2002-07-28,0.008506205835912656,0.41,KERVILCO,0.0,519.6189897218676,0.0,22.167702970352103,5.1026165513705735,318.0399974188168,5.697127139039543,1.1525680044717572
2002-07-29,0.005186710875556498,0.25,KERVILCO,0.0,570.5378889640053,0.0,26.156907010168087,5.545750882231983,325.50205652384767,4.943280685301418,1.2668519377835383
2002-07-30,0.0060165846156455365,0.29,KERVILCO,0.0,492.7306552188916,0.0,24.275528554467968,8.375481007686332,406.1869631989388,4.626550526584206,1.430021654396842
2002-07-31,0.009128611140979435,0.44,KERVILCO,0.0,557.4542142452882,0.0,27.95613465872919,8.124228793909648,393.4152301164922,4.938299034380533,1.509040476851311
2002-08-01,0.0076763320958236165,0.37,KERVILCO,0.0,451.1746148663563,0.0,22.050146187765183,8.184285714453278,405.0689378908314,5.832526034743316,1.36368226443292
2002-08-02,0.010165953316090735,0.49,KERVILCO,0.0,476.461310215383,0.0,20.448544458654155,5.623353944118795,332.12957257635185,4.660968971261961,0.9434716979230188
2002-08-03,0.011825700796268813,0.57,KERVILCO,5.433819826190899,270.2517959525164,0.0,18.088288940751355,7.455495637989074,545.3508968845168,4.103045954822816,0.7903400565089452
2002-08-04,0.013070511406402373,0.63,KERVILCO,2.664763902618994,315.80356996316704,0.0,18.66564640210697,6.1578083998399045,478.5822498440478,4.326698900383803,0.9225335205015036
2002-08-05,0.016804943236803056,0.81,KERVILCO,0.0,441.5648032926546,0.0,20.748518251324693,7.3746657281869075,416.9805405253616,4.455076881535758,0.9356205856172124
2002-08-06,0.03423229177867288,1.65,KERVILCO,0.0,439.1277047971899,0.0,18.579515104607047,5.43383846521449,372.82830830146526,4.476186059793933,0.9748140354092388
2002-08-07,0.03755178673902905,1.81,KERVILCO,0.0,416.3766799728223,0.0,17.4321743575536,5.149906170490774,392.74540500996943,4.143319459997801,0.8945667551565931
2002-08-08,0.02697089655289379,1.3,KERVILCO,0.0,430.5965426706729,0.0,18.33444403491319,5.539906155570789,396.65808135122114,4.556945985908505,0.9582131197637328
2002-08-09,0.019709501327114694,0.95,KERVILCO,0.0,522.0862905182366,0.0,22.270337729948963,5.364704662502111,334.19900053474385,5.104542643523038,1.1263247190039547
2002-08-10,0.014937727321602713,0.72,KERVILCO,0.0,546.0207254357048,0.0,23.32436925752172,4.920954711314017,316.5925934862556,4.801062859432426,1.1307682578867002
2002-08-11,0.007053926790756837,0.34,KERVILCO,0.0,540.0449336185452,0.0,23.56505740320801,5.498595721772983,330.783910224729,5.943001397155627,1.3206022528260284
2002-08-12,0.0031120265253338987,0.15,KERVILCO,0.0,542.0297341443377,0.0,23.93801670570168,5.703626831463818,332.71715547456864,6.120992833019109,1.3139026118278474
2002-08-13,0.0014522790451558195,0.07,KERVILCO,0.0,494.325616055164,0.0,19.29162046257254,3.726265012490001,315.61276745670057,5.265740723733851,0.981400413015893
2002-08-14,0.0008298737400890397,0.04,KERVILCO,0.0,545.3176822830551,0.0,22.840389358402707,4.185933913332798,303.7326576527668,5.778841991788881,1.1819817789330598
2002-08-15,0.0008298737400890397,0.04,KERVILCO,0.0,568.6479049275899,0.0,25.376093260107616,4.813248492204378,309.9301593053528,5.336148309356968,1.3965210863478488
2002-08-16,0.0006224053050667797,0.03,KERVILCO,0.0,536.0037821415266,0.0,25.311321182443937,6.993894052808564,369.67679711945743,5.9873701459552,1.5125939120611955
2002-08-17,0.0006224053050667797,0.03,KERVILCO,0.0,528.7885997988399,0.0,25.73350932014108,7.80307478087702,393.3199169241065,5.768672135819502,1.5449100140267606
2002-08-18,0.0006224053050667797,0.03,KERVILCO,0.0,495.639561777571,0.0,24.34431133395301,8.375046739847683,418.6515615338285,5.025269658040857,1.4227664096197323
2002-08-19,0.0006224053050667797,0.03,KERVILCO,6.212506760361152,372.9383044978322,0.0,23.71812350480776,7.323063491430188,457.68557937894747,5.259415068018202,1.340349603292728
2002-08-20,0.0010373421751112995,0.05,KERVILCO,5.165535577715848,281.2426623798584,0.0,15.990223917015893,6.239353760408009,644.8571516048856,4.554850770432971,0.9665311303302488
2002-08-21,0.004149368700445198,0.2,KERVILCO,5.1220641496998605,331.3947455229838,0.0,17.921118774190646,4.302755635301032,522.5855019418244,4.267009788486019,0.9097240674492127
2002-08-22,0.015975069496714015,0.77,KERVILCO,0.0,445.9015854626725,0.0,17.583143346309896,3.936971821819406,429.4109747590474,4.2813898814442135,0.9888564878892774
2002-08-23,0.009128611140979435,0.44,KERVILCO,0.0,466.8232177945604,0.0,19.36813811282224,4.716209770895227,431.5506585977911,4.569291755746976,1.0554149254205951
2002-08-24,0.007261395225779097,0.35,KERVILCO,0.0,523.536899756173,0.0,21.97297172505765,4.2464939552648095,366.63730050129794,4.51511799381131,1.0888958804294242
2002-08-25,0.004149368700445198,0.2,KERVILCO,0.0,548.8981507418023,0.0,23.260914116023823,3.475068055136677,328.7688300068107,4.61381568598004,1.235354061140752
2002-08-26,0.0022821527852448587,0.11,KERVILCO,0.0,550.8393326275346,0.0,25.232240197424574,4.872260517195131,354.6874987661357,5.143468868156855,1.466130242808354
2002-08-27,0.0012448106101335594,0.06,KERVILCO,0.0,490.79715670189296,0.0,22.218851374523062,5.932324037580126,430.786043284725,4.86764343029798,1.343902127178912
2002-08-28,0.0008298737400890397,0.04,KERVILCO,0.2716508571853504,446.23917937122457,0.0,19.32322914319279,5.019683550560179,457.0667589605321,4.891149015856016,1.189182394967294
2002-08-29,0.004149368700445198,0.2,KERVILCO,0.0,484.441987407215,0.0,17.719319480409048,1.9619749759510985,351.45308179748395,4.440078776678719,0.9836856053516652
2002-08-30,0.014107853581513674,0.68,KERVILCO,0.0,525.9615386397244,0.0,19.60811692903309,1.2765285695013024,305.4264333097317,3.775435264953691,0.9854494146148576
2002-08-31,0.010995827056179776,0.53,KERVILCO,0.0,499.3502458083223,0.0,21.25711326009481,4.241240882694232,392.3441171198336,4.25304485055231,1.0694818841764833
2002-09-01,0.007053926790756837,0.34,KERVILCO,0.0,443.6438895471125,0.0,20.45698983826926,6.042029226850913,502.6629360762973,4.617810684433992,1.0443866350385724
2002-09-02,0.004979242440534238,0.24,KERVILCO,0.0,505.8246742998248,0.0,22.21695409318239,4.4411247649616,372.2058127424427,4.227042752523589,1.1179686268650673
2002-09-03,0.004149368700445198,0.2,KERVILCO,0.0,438.2529114334164,0.0,19.143089416074595,4.840463222701562,449.180257301601,4.483406760181581,1.0812702574573942
2002-09-04,0.005809116180623278,0.28,KERVILCO,0.0,469.3386870240107,0.0,20.33790992644023,4.327032720708225,405.86390532741495,4.2117502759258345,0.9591888117614096
2002-09-05,0.0060165846156455365,0.29,KERVILCO,0.0,495.7758166159034,0.0,22.74746789462888,4.8663175750193695,394.86498202181457,3.952159083277122,1.126952353862553
2002-09-06,0.003734431830400678,0.18,KERVILCO,4.188748458059277,328.99979872676744,0.0,21.65280216900363,6.338733123156524,618.7006542633219,4.136468884853757,1.09722512198591
2002-09-07,0.004564305570489717,0.22,KERVILCO,3.4267425497281705,283.8425310994341,0.0,18.796018745652383,6.201075530092649,722.0136207838767,3.44516708275581,0.715232104659061
2002-09-08,0.022614059417426332,1.09,KERVILCO,8.190880820737783,275.7569856900414,0.0,18.15078063016089,6.05686100060593,752.9101827491407,3.3307877625210285,0.6689829343256073
2002-09-09,0.02033190663218147,0.98,KERVILCO,6.629932771565766,287.0156014448697,0.0,18.1186715446214,5.464593199230756,761.2525553239185,3.0061054433714283,0.5100163269894264
2002-09-10,0.07344382599788,3.54,KERVILCO,7.340582342085312,116.3814024474434,0.0,8.062435549523988,3.518533490230024,789.3323630528785,1.4969346624401176,0.1026385679861123
2002-09-11,0.052696982495654014,2.54,KERVILCO,6.128352820625329,189.7556028276913,0.0,12.046048014434753,4.38519284298827,826.5206676969466,2.194219641882086,0.2959626184286824
2002-09-12,0.044813181964808144,2.16,KERVILCO,2.342478805197476,336.2166741242849,0.0,14.45647332723127,2.8038208364026174,660.527229119433,3.1090315859677413,0.5610504844915347
2002-09-13,0.03941900265422939,1.9,KERVILCO,0.0,357.7033114770158,0.0,11.31312404133977,0.4446111584211726,561.3773997777996,2.535530892201048,0.4363650265563043
2002-09-14,0.034024823343650624,1.64,KERVILCO,0.0,444.9653354007661,0.0,14.732132410583423,0.2345665695107856,488.6158357736836,3.1672122087983543,0.5209616691370955
2002-09-15,0.028215707163027348,1.36,KERVILCO,0.0,502.2990443538872,0.0,19.11373305469102,0.6988805667061632,453.0353153839726,3.085999097456286,0.7693576183355905
2002-09-16,0.023443933157515365,1.13,KERVILCO,0.0,487.85625068690206,0.0,19.02569055108199,1.5248916832016326,491.9052437749949,3.772163104155723,0.9215580069924756
2002-09-17,0.02157671724231503,1.04,KERVILCO,8.309758411057242,312.435030691152,0.0,17.274893960327258,3.442097768724542,722.5387673962078,3.954778393787981,0.683358791671749
2002-09-18,0.02676342811787153,1.29,KERVILCO,0.0,261.1858741989002,0.0,7.5198342589517875,-0.0629093840471329,599.0231612352346,2.9080320088019453,0.4870144334919522
2002-09-19,0.058298630241255034,2.81,KERVILCO,0.0,403.0998132845388,0.0,9.395733946429123,-3.2854161266736965,434.6379204566919,2.248856930120872,0.2748130477717194
2002-09-20,0.050829766580453684,2.45,KERVILCO,0.0,476.029689506883,0.0,15.139430024438145,-1.8672163925178864,429.1765417318797,3.4966262279026994,0.5797988630466534
2002-09-21,0.04377583978969684,2.11,KERVILCO,0.0,458.0752145211784,0.0,16.38961931287475,0.1655998131849918,503.3167466868822,3.8974993249143552,0.7127192765975138
2002-09-22,0.038796597349162604,1.87,KERVILCO,0.0,466.57759758037,0.0,16.92241725973677,-0.1564899668563483,486.1583414213903,3.688780705768778,0.6937803160128337
2002-09-23,0.034439760213695145,1.66,KERVILCO,0.0,475.7347300157766,0.0,18.12249714562367,0.1671857835458361,489.06819201323424,3.2563813928716656,0.759589284258767
2002-09-24,0.03215760742845029,1.55,KERVILCO,0.0,444.3619755828749,0.0,17.525802109301864,1.6508602007649824,568.3250994194067,3.7692806332612223,0.7863305258213801
2002-09-25,0.030290391513249946,1.46,KERVILCO,0.0,413.3165080168971,0.0,15.32098005989864,1.2930305207899486,583.3801916512846,3.476768613087747,0.757907409211141
2002-09-26,0.03547710238880644,1.71,KERVILCO,5.797317890290879,262.3389997608924,0.0,11.084310300853744,-0.1283258476810677,599.0057374956066,2.93279314699643,0.5700444767452995
2002-09-27,0.04149368700445198,2.0,KERVILCO,6.001713407578744,265.786341606212,0.0,10.89693058944138,-0.433165618988277,590.3658246272681,2.964312363748308,0.6053017924184675
2002-09-28,0.05663888276107695,2.73,KERVILCO,4.236649703885874,240.4052630308952,0.0,10.963514364958565,0.9070510106214356,651.6993065991105,2.4619931825833508,0.4520157709619073
2002-09-29,0.056016477456010176,2.7,KERVILCO,0.0,261.757661359742,0.0,8.282977600199173,0.3614425483352455,620.947510533363,2.503599731570127,0.3980515242557129
2002-09-30,0.051244703450498204,2.47,KERVILCO,4.289784368955055,283.9727442179269,0.0,12.521426929379814,0.1770516761714765,615.601598715696,3.137172259220026,0.5555944179079149
2002-10-01,0.045435587269874914,2.19,KERVILCO,6.579288545771449,300.2791678188827,0.0,13.202176308616824,-0.2276606425633794,598.6842297801583,2.517589802813567,0.4358232983959396
2002-10-02,0.04937748753529786,2.38,KERVILCO,2.50294731659864,223.22788879297045,0.0,8.037578450189901,-0.0428694550284295,608.2712328210338,2.518456290317318,0.3764933218802594
2002-10-03,0.051452171885520454,2.48,KERVILCO,0.0,306.51460504355737,0.0,4.335918281698544,-4.657567147300042,432.9148253186056,1.6830603228500456,0.2376406182892044
2002-10-04,0.047095334750053,2.27,KERVILCO,0.0,411.5891640126094,0.0,8.552302749774757,-4.899902855995702,411.9415964164226,2.2035595398291017,0.3177913905468396
2002-10-05,0.045435587269874914,2.19,KERVILCO,0.0,352.4189951469099,0.0,9.4701593871331,-1.4389704186378205,537.7546755182125,2.7464419265169613,0.4556403175248771
2002-10-06,0.0429459660496078,2.07,KERVILCO,0.0,424.9189990277434,0.0,12.355790842829414,-2.2441096759065413,477.7462464526452,2.851963045600965,0.5515285923758195
2002-10-07,0.04211609230951876,2.03,KERVILCO,0.0,447.214263868286,0.0,14.616822132837845,-1.961567653161287,456.2783604105523,3.2199053171133154,0.7050502451331893
2002-10-08,0.04170115543947423,2.01,KERVILCO,0.0,435.3365082186213,0.0,14.387750183792988,-1.5906212764577163,476.0750049876555,2.543332926425945,0.6403642879905431
2002-10-09,0.04107875013440746,1.98,KERVILCO,0.0,414.5539075129085,0.0,13.528342491751095,-1.2651345983213576,501.4739336986986,2.579648630356678,0.5678141153750096
2002-10-10,0.03921153421920712,1.89,KERVILCO,0.0,428.0736837301719,0.0,14.302171954529165,-2.1092033434745647,464.456400046638,2.936917553320569,0.6865525880985255
2002-10-11,0.038381660479118083,1.85,KERVILCO,0.0,389.3500815896099,0.0,15.36725398757994,1.084625134483629,604.8819140974748,3.7136146446412215,0.7388067397316467
2002-10-12,0.03713684986898453,1.79,KERVILCO,0.0,379.3049514179981,0.0,11.306651743298294,-2.401821917112781,486.083825373046,2.9264323647052164,0.6628310068128258
2002-10-13,0.03609950769387322,1.74,KERVILCO,0.0,404.0548488742235,0.0,11.979260570106208,-3.6454254358303766,433.3997620041209,2.7008180877086647,0.6575250800570442
2002-10-14,0.03796672360907356,1.83,KERVILCO,0.0,397.8070655353834,0.0,12.866752210272235,-2.6040564389209937,469.7338089558463,3.04134546960278,0.6407872383231383
2002-10-15,0.03817419204409583,1.84,KERVILCO,0.0,410.46025211933016,0.0,12.08442248243218,-4.425457721906773,408.82428174004417,3.106423454044116,0.6832484069469469
2002-10-16,0.03506216551876192,1.69,KERVILCO,0.0,383.63721854630177,0.0,10.804463120610588,-3.947720587200017,434.4231286975716,2.998317892097372,0.5814365888767716
2002-10-17,0.03423229177867288,1.65,KERVILCO,0.0,418.6313799317041,0.0,13.071728059564869,-4.758966735062207,395.21153144472106,2.796544423250427,0.6056686338936127
2002-10-18,0.028838112468094125,1.39,KERVILCO,0.0,390.7565383720722,0.0,12.563833130857466,-3.4142913993616992,449.3426113422532,2.361951147045004,0.5473096247465298
2002-10-19,0.03360988647360611,1.62,KERVILCO,0.0,382.0307154270033,0.0,11.903322354723205,-3.708226015919168,443.8353900328669,2.2396068411029555,0.5063751755286438
2002-10-20,0.0346472286487174,1.67,KERVILCO,0.0,361.2729682273696,0.0,10.471734728782549,-3.850468882316085,446.5795632075132,2.496960854872282,0.5343042946614338
2002-10-21,0.032780012733517064,1.58,KERVILCO,0.0,344.13955664002384,0.0,10.007620719319268,-3.312421556693465,470.8020941415788,2.204843715734241,0.5518430948211829
2002-10-22,0.03340241803858385,1.61,KERVILCO,6.473682425239591,241.5103784158565,0.0,8.140783377373811,-4.068080960159146,451.99305597192114,1.472416895680934,0.2731087031440725
2002-10-23,0.04232356074454102,2.04,KERVILCO,9.653329045708054,142.256134785708,0.0,3.744833119305999,-2.898190722664336,493.3775107169291,1.1566633923645369,0.1846454939173832
2002-10-24,0.04315343448463006,2.08,KERVILCO,0.0,189.09131440256,0.0,1.2520698116811655,-5.15737880244596,416.9384095073045,1.1107526042489884,0.1702033017766747
2002-10-25,0.04024887639431842,1.94,KERVILCO,0.0,293.16698175499937,0.0,4.7570050823137535,-5.5335522904094105,404.5722801165591,1.6079082612622253,0.2836684241763472
2002-10-26,0.03817419204409583,1.84,KERVILCO,4.787628038461654,223.45796257791608,2.93584606963336,3.532572961115071,-6.146762542084193,386.3518136091658,1.4677155880256685,0.2865442671150755
2002-10-27,0.04439824509476362,2.14,KERVILCO,3.417425698886667,141.7831148955751,2.535005490215228,1.996204804634728,-4.211073486956737,447.1669863472089,1.297723486466653,0.2235966602570979
2002-10-28,0.041286218569429725,1.99,KERVILCO,0.0,265.8575917760893,2.534241789236453,2.214877382506491,-6.266257029714879,382.9627965415744,1.3852438485974274,0.2144335749224118
2002-10-29,0.03858912891414035,1.86,KERVILCO,0.0,296.6018426887589,2.534241789236453,-0.7928258649919826,-10.506236433312443,275.5294413229404,1.057240220329051,0.1540680900883037
2002-10-30,0.02510368063769345,1.21,KERVILCO,0.0,305.9431037726385,2.534241789236453,-1.2728049094409368,-11.636338881472655,251.4207298144505,0.9629476235387396,0.1306627257219912
2002-10-31,,,KERVILCO,0.0,301.20903332336326,2.534241789236453,3.9072057590197753,-6.4178572947132215,378.0866109492525,1.6223853140288929,0.2769522466230843
2002-11-01,,,KERVILCO,0.0,247.3815280604191,2.486490303805766,2.560390668448275,-5.900958027261607,393.3811400979257,1.6394839262606118,0.3359103160810361
2002-11-02,,,KERVILCO,0.0,335.2905945218244,2.486490303805766,3.391292473383482,-8.611825601332065,319.45285012549,1.4596147949253442,0.2685704557331408
2002-11-03,,,KERVILCO,0.0,381.720089049503,2.486490303805766,1.0533230206061237,-14.184664433214548,206.11211778244,1.6940571032666574,0.3052103345912648
2002-11-04,,,KERVILCO,0.0,296.9743767651674,2.486490303805766,2.02117432860344,-8.470868863193397,322.70165792107684,1.633451343427652,0.2950133577781065
2002-11-05,,,KERVILCO,0.0,358.3639601292712,2.486490303805766,1.207941164739581,-12.6775830961544,232.1222657408716,1.5358414230027428,0.2282964200243066
2002-11-06,,,KERVILCO,0.0,390.3357392144456,2.486490303805766,7.775593109953752,-9.544947957457811,295.7415748289757,1.87905798111179,0.3849435278654994
2002-11-07,,,KERVILCO,8.580894461820888,269.6448533297228,3.394360924055882,9.134867706234092,-5.773499361286823,397.2229691498737,2.018750528821786,0.4618558038538939
2002-11-08,,,KERVILCO,15.757070363791694,107.21845932453668,2.592589939911193,1.8528328448442777,-3.0634091969262487,487.38061248839216,1.4092182883117164,0.2668691345023073
2002-11-09,,,KERVILCO,13.407699353738314,261.40057185580736,16.00021395794838,2.012290770918442,-9.158466580060788,307.72424215615274,1.146094679923697,0.1796462007221721
2002-11-10,,,KERVILCO,0.0,296.2574441600119,16.00021395794838,-2.142183289014532,-12.085785156406898,243.0279989837589,1.1417548467738392,0.1620306157692362
2002-11-11,,,KERVILCO,0.0,343.6356418535107,16.00021395794838,-3.2141312998893845,-15.5976593028622,183.4331367738688,1.1269523432074622,0.1741093814651691
2002-11-12,,,KERVILCO,0.0,398.0401699577356,16.00021395794838,-0.0347495922496282,-17.53589331755832,156.02081570582948,1.1796292353757771,0.1928260270769571
2002-11-13,,,KERVILCO,0.0,384.1029692119831,16.00021395794838,7.672392284821354,-9.279494228460148,302.85537164233733,1.5393241432906268,0.3045341463014571
2002-11-14,0.03112026525333899,1.5,KERVILCO,0.0,293.3792825994435,16.00021395794838,-1.0918092681375478,-11.216738909144778,260.8016374086661,1.0430536869599578,0.1594770160865943
2002-11-15,0.04377583978969684,2.11,KERVILCO,0.0,325.10855123662014,16.00021395794838,-2.9241156674108177,-14.671862175522472,197.7838727883708,0.8616028797971219,0.1202884572878401
2002-11-16,0.041286218569429725,1.99,KERVILCO,0.0,386.3025499249746,16.00021395794838,1.3474094068152964,-15.835162494857835,179.33077712133763,1.3531529052432638,0.2221318341625268
2002-11-17,0.05103723501547593,2.46,KERVILCO,0.0,377.27445863292974,16.00021395794838,6.883723673243394,-9.943363967780757,287.26153925980464,1.5096205911843903,0.2914940290541535
2002-11-18,0.05207457719058724,2.51,KERVILCO,0.0,335.28491725504625,16.00021395794838,1.3746414404316698,-11.561308440065346,252.92133781608536,1.156748397194174,0.185632286953748
2002-11-19,0.04730280318507525,2.28,KERVILCO,0.0,338.79642210069875,16.00021395794838,2.976522576944028,-10.625950581785215,272.17050082344554,1.3701805189672889,0.2265265416073159
2002-11-20,0.05103723501547593,2.46,KERVILCO,0.0,375.20919209479314,16.00021395794838,7.944627115307645,-9.771814242396587,291.7358570548884,1.2863413017485004,0.247749612780126
2002-11-21,0.051452171885520454,2.48,KERVILCO,0.0,348.9266123302464,16.00021395794838,8.743039867325848,-6.469840233077867,376.5527628137961,1.5254001858143091,0.3185485050864182
2002-11-22,0.0543567299758321,2.62,KERVILCO,0.0,360.5905808057211,16.00021395794838,10.637353808648744,-6.562475098234209,373.9137635686896,1.914979190878938,0.4696542257231401
2002-11-23,0.04896255066525334,2.36,KERVILCO,0.0,323.9931362452062,15.98546372314907,7.715364210229006,-6.242133057433626,383.23184790060174,1.5140968038097145,0.4093830470518998
2002-11-24,0.04834014536018656,2.33,KERVILCO,0.0,269.7451162156415,15.98546372314907,0.9984636037892468,-9.587256298989953,295.6771402170185,1.1246254034857324,0.1861970585046234
2002-11-25,0.04211609230951876,2.03,KERVILCO,0.0,294.3185742664391,15.98546372314907,-0.2126441805533814,-12.235734958076812,239.4220169375595,0.8969541003032001,0.1687153146181133
2002-11-26,0.03630697612889548,1.75,KERVILCO,0.0,326.51990649607427,15.98546372314907,-2.2828867460883147,-16.81565970980361,164.5766257121398,1.0678049968421996,0.2068468569699653
2002-11-27,0.04211609230951876,2.03,KERVILCO,0.0,329.9286690257179,15.98546372314907,-0.8267871189293117,-16.197833720961214,173.08272357890024,1.1283855855808071,0.1942903923214698
2002-11-28,0.04854761379520881,2.34,KERVILCO,0.0,354.30606447839125,15.98546372314907,5.899171070371676,-13.090505458055796,223.4093119333852,1.185346574776344,0.2424233316847585
2002-11-29,0.045435587269874914,2.19,KERVILCO,0.0,313.4235687321868,15.98546372314907,6.395909283372283,-8.684750279548469,317.161153852172,1.4903575385105967,0.3031948759870709
2002-11-30,0.047095334750053,2.27,KERVILCO,0.0,331.82409981715585,15.98546372314907,8.246037083256683,-8.945245095114274,310.7571714724373,1.232926034940459,0.2607587106524163
2002-12-01,0.049584955970320116,2.39,KERVILCO,0.0,220.71522192180524,15.98546372314907,0.9136887219265312,-8.705000436324646,316.6118275313397,1.0047244798450448,0.1870127867815924
2002-12-02,0.04792520849014204,2.31,KERVILCO,0.0,312.74672444306015,15.98546372314907,4.786883639407069,-10.79122820494278,268.77803921687627,0.9473299677985024,0.2179582303022411
2002-12-03,0.04668039788000848,2.25,KERVILCO,0.0,171.97383762763417,15.98546372314907,-2.4325802694035,-9.628824676492606,294.48316895599595,0.6987701453054566,0.1845841612668705
2002-12-04,0.04834014536018656,2.33,KERVILCO,0.0,267.83761960999715,15.98546372314907,-0.017628038338076,-12.08580115925932,242.05383066448584,0.8045795690413938,0.1442918031031743
2002-12-05,0.046057992574941704,2.22,KERVILCO,0.0,251.9590526234389,15.98546372314907,-1.5852214608703197,-12.687458995780888,230.54953239242627,0.7497353023377709,0.1299638966612451
2002-12-06,0.03195013899342803,1.54,KERVILCO,0.0,263.7078760667616,15.98546372314907,-1.495028440986233,-13.32989819432007,218.84543786955405,0.8904135636091512,0.1613705938557437
2002-12-07,0.02676342811787153,1.29,KERVILCO,0.0,298.07449953538065,15.98546372314907,0.4356996441054632,-13.73797672923316,211.6350440706082,0.987227483889152,0.2011701467548851
2002-12-08,0.034854697083739665,1.68,KERVILCO,0.0,266.52645220278447,15.98546372314907,-0.5135669308823008,-12.914754925914735,226.3039811974592,0.7837231814859316,0.1744859201507515
2002-12-09,0.0398339395242739,1.92,KERVILCO,0.0,305.69962946535816,15.98546372314907,1.809962728066516,-13.663477397180031,212.93678915704143,1.1819287494971893,0.2210358614039094
2002-12-10,0.030290391513249946,1.46,KERVILCO,0.0,304.380210979287,15.98546372314907,2.877697922803332,-12.692658116514329,230.43272420974515,1.2196842453245005,0.249346809151117
2002-12-11,0.029253049338138645,1.41,KERVILCO,0.0,260.2033390617543,15.98546372314907,-2.733138662773324,-14.93273536276172,191.93727334978297,1.017236924507444,0.1764265369000477
2002-12-12,0.06638989920712317,3.2,KERVILCO,0.0,167.52195784886234,15.98546372314907,-4.869514142647091,-12.36928721798553,236.56998703349737,0.8018518044559348,0.1173895957214739
2002-12-13,0.050829766580453684,2.45,KERVILCO,0.0,244.4509774951593,15.98546372314907,0.140496159836051,-11.091960989525669,262.1653191832186,0.9275609299385316,0.1490532757145946
2002-12-14,0.03153520212338351,1.52,KERVILCO,0.0,276.3785757926939,15.98546372314907,2.3211643497072294,-10.92041260646086,265.72790756040257,1.2022658919860454,0.2288773228304306
2002-12-15,0.028838112468094125,1.39,KERVILCO,0.0,241.3767981607781,15.98546372314907,3.2734754228214027,-7.843366591253082,338.76657203506,1.2528211554669015,0.2323568646288812
2002-12-16,0.044813181964808144,2.16,KERVILCO,1.2176529888876515,240.2162193726638,17.20343280469299,2.1267412137425503,-10.185738224954813,281.97922250639084,0.9356245570546012,0.1884110638130041
2002-12-17,0.037344318304006786,1.8,KERVILCO,0.0,164.73683692978088,17.20343280469299,-3.4679288508256536,-10.43168513424436,276.35378728435427,0.722046205976324,0.1188498570698646
2002-12-18,0.04439824509476362,2.14,KERVILCO,0.0,251.77662512811068,17.20343280469299,-4.024617830065341,-15.06350302048037,189.776992089522,0.7342918185863487,0.1188325173168564
2002-12-19,0.08319484244392622,4.01,KERVILCO,0.0,229.16883697514845,17.20343280469299,-8.876360829620449,-18.74701041930297,139.1604663495601,0.7246195162440658,0.1064204318170412
2002-12-20,0.058713567111299554,2.83,KERVILCO,0.0,300.38082318723133,17.20343280469299,-1.3185587810647297,-15.515112947851986,182.7895877489428,0.9226805432866824,0.1686521065895726
2002-12-21,0.04730280318507525,2.28,KERVILCO,0.0,242.5609213548597,17.20343280469299,-6.340326132669151,-16.63809553068104,166.4663051963071,0.7580863788155193,0.1213697870130098
2002-12-22,0.05352685623574306,2.58,KERVILCO,0.0,303.27921151596,17.20343280469299,-3.970391016776684,-18.055733207838973,147.75746492498408,0.6485045530743211,0.1237333502532071
2002-12-23,0.034854697083739665,1.68,KERVILCO,0.0,139.59918567055388,17.20343280469299,-9.689435625991855,-15.224070087962334,187.22450642603044,0.613763025963645,0.095371608399265
2002-12-24,0.022406590982404072,1.08,KERVILCO,0.0,234.2762628604616,17.20343280469299,-8.040093837270385,-17.561300432450775,153.92784492010566,0.6318399878231475,0.1067144933042094
2002-12-25,0.016804943236803056,0.81,KERVILCO,0.0,223.0377965622912,17.20343280469299,-8.947214395717225,-17.886032403818533,149.72927067229122,0.6351983293755584,0.0994273460127096
2002-12-26,0.012240637666313335,0.59,KERVILCO,0.0,271.83378914973383,17.20343280469299,-7.311004296447478,-18.855437748460176,137.84363195371012,0.6882581295421573,0.1002004992369674
2002-12-27,0.008713674270934916,0.42,KERVILCO,0.0,316.8377340750339,17.20343280469299,0.7858104613244815,-14.102663142443667,204.0268526420328,0.9985095357693382,0.1618687502097946
2002-12-28,0.004979242440534238,0.24,KERVILCO,0.0,339.388855153616,17.20343280469299,7.448803684571903,-10.672542680555852,261.0133716240132,1.1152821101268349,0.2713948176233888
2002-12-29,0.0031120265253338987,0.15,KERVILCO,0.0,292.4736427768433,17.20343280469299,2.861509426418176,-9.766962146597182,289.73958743910595,1.1043715159102274,0.238015478595827
2002-12-30,0.002904558090311639,0.14,KERVILCO,0.0,245.504292818176,17.20343280469299,-3.67221788676577,-13.424045128860566,216.1863130951106,0.8626246869927028,0.1405052918693966
2002-12-31,0.0022821527852448587,0.11,KERVILCO,0.0,311.6816127706394,17.20343280469299,1.2512735038752023,-12.568142880870122,225.5108614153548,0.8371444590398902,0.1456808995252571
2003-01-01,0.005186710875556498,0.25,KERVILCO,0.0,185.2643023037696,7.157687927196081,-4.944694354367991,-12.359199026032329,227.32639195019263,1.0043982487780685,0.1539547635080382
2003-01-02,0.002697089655289379,0.13,KERVILCO,0.0,333.71595600203466,7.157687927196081,0.5914352274741285,-15.268675595415813,100.61152029378631,1.3269194989631878,0.2285751389287315
2003-01-03,0.002697089655289379,0.13,KERVILCO,0.0,296.5921757393942,7.157687927196081,2.2777664685550403,-10.538873602001484,152.40289502104037,1.2518175219399403,0.2233049842582274
2003-01-04,0.002489621220267119,0.12,KERVILCO,0.0,306.7515509888073,7.157687927196081,5.224306005276577,-8.094584518611734,163.3495977322459,1.2863698018429854,0.2402402413859906
2003-01-05,,,KERVILCO,0.0,248.83400356641428,7.157687927196081,2.3097154796314405,-7.617599742868206,219.5342535660164,0.9920730012942264,0.1956149598020218
2003-01-06,0.002697089655289379,0.13,KERVILCO,0.0,306.58400574319467,7.157687927196081,3.503647800474841,-9.652634133467805,151.5968598187464,0.8865605263177508,0.1654514613647829
2003-01-07,0.002489621220267119,0.12,KERVILCO,0.0,358.6339112140547,7.157687927196081,8.781587615845696,-9.840110445684266,111.53079231376206,1.2838181630612484,0.3378296436909365
2003-01-08,0.002489621220267119,0.12,KERVILCO,0.0,363.0582523981286,7.157687927196081,9.223946651100642,-9.86905028569251,108.56543821182704,1.5896731209173398,0.39764724744187
2003-01-09,0.002489621220267119,0.12,KERVILCO,0.0,331.2007486971043,7.157687927196081,2.905769512945394,-11.840709468607605,120.3478228084847,1.0865263662510107,0.2035099864184553
2003-01-10,0.002489621220267119,0.12,KERVILCO,0.0,198.99799335727656,7.157687927196081,-1.570859214629899,-9.25000502637871,240.7608285686672,0.8825507153806539,0.1529680456941244
2003-01-11,0.002489621220267119,0.12,KERVILCO,0.0,129.2879630567976,7.157687927196081,-3.728405054130681,-8.550165724870961,296.5478685756107,0.7883784706721647,0.1462725068401832
2003-01-12,0.002489621220267119,0.12,KERVILCO,0.0,259.1127140039708,7.157687927196081,-1.84082593762705,-11.955214137598777,165.91813311545587,0.9995340037110254,0.162593531984594
2003-01-13,0.002489621220267119,0.12,KERVILCO,0.0,344.8903132659504,7.157687927196081,3.739139801632533,-11.591721029409513,113.2864566244566,1.373888900450893,0.2471497388497901
2003-01-14,0.002489621220267119,0.12,KERVILCO,0.0,339.58010158467107,7.157687927196081,5.474281722418475,-9.236258701438585,130.66251629736774,1.2492999517974357,0.2653439685646293
2003-01-15,0.002489621220267119,0.12,KERVILCO,0.0,217.8424952993425,7.157687927196081,-2.8783138700791926,-11.062907091516305,203.39554884382105,1.2650306478387197,0.1917149916232725
2003-01-16,0.002489621220267119,0.12,KERVILCO,0.0,320.86472216389035,7.157687927196081,-2.6191175008532768,-15.53429868635348,108.0757464637082,1.234255866375086,0.1929745874766669
2003-01-17,0.002489621220267119,0.12,KERVILCO,0.0,309.5903770469881,7.157687927196081,-3.130071214927676,-15.338313534638166,114.09159919266808,1.2278241075270149,0.1950702824270994
2003-01-18,0.002489621220267119,0.12,KERVILCO,0.0,365.6412801555633,7.157687927196081,0.4496945313126156,-15.890107840738944,83.58201760577067,1.3619508296295928,0.2165813695989327
2003-01-19,0.002489621220267119,0.12,KERVILCO,0.0,356.7228074232628,7.157687927196081,5.014569558631893,-10.27692418045928,114.3083278156748,1.5869383233854464,0.29026520325665
2003-01-20,0.002489621220267119,0.12,KERVILCO,0.0,356.30657977365405,7.157687927196081,5.302878443617451,-9.73427609384034,117.81689083498846,1.6405043048527963,0.3019805852168689
2003-01-21,0.002489621220267119,0.12,KERVILCO,0.0,312.0469383739131,7.157687927196081,2.516525237526222,-9.40554026780496,150.08947169420136,1.3178783259329585,0.2237116214847301
2003-01-22,0.002489621220267119,0.12,KERVILCO,0.0,266.4443865640204,7.157687927196081,1.119264924109021,-8.670423964486815,191.56092264508567,1.2489488105865802,0.2016083016495257
2003-01-23,0.002489621220267119,0.12,KERVILCO,0.0,305.94321810007136,7.157687927196081,3.4510359066782685,-7.913433484541456,165.84157338433891,1.2971178562302923,0.2141246202310299
2003-01-24,0.002489621220267119,0.12,KERVILCO,0.0,290.2087696744799,7.157687927196081,2.7389411352698043,-7.691809247787342,180.4824597764692,1.0571354789419074,0.1849692652116583
2003-01-25,0.002489621220267119,0.12,KERVILCO,0.0,316.54606876663354,7.157687927196081,0.7124947578046902,-10.93175269466427,136.8839398493549,1.1066932894180657,0.1762428401037244
2003-01-26,0.002489621220267119,0.12,KERVILCO,0.0,382.5044074507744,7.157687927196081,3.866628720276157,-12.129105859070805,92.68778246226816,1.410261535135975,0.2371378550612467
2003-01-27,0.002489621220267119,0.12,KERVILCO,0.0,347.0160988089861,7.157687927196081,6.20038100848884,-6.932241515809259,142.63930550800865,1.535991159224367,0.2859837384277453
2003-01-28,0.002489621220267119,0.12,KERVILCO,0.0,348.0023449454775,7.157687927196081,5.717832691899306,-7.294435445609645,139.2793247077808,1.7526741647422024,0.3447132690303485
2003-01-29,0.002489621220267119,0.12,KERVILCO,0.0,314.452700778651,7.157687927196081,3.070780689795713,-8.115748242274176,157.12027628339035,1.7234196012926393,0.3220193421313863
2003-01-30,0.002489621220267119,0.12,KERVILCO,0.0,269.9729646485537,7.1441419614198,3.01751388990021,-6.36775049484612,211.41833843175223,2.0889883527644355,0.3517144990470747
2003-01-31,0.002489621220267119,0.12,KERVILCO,0.0,377.3083244101076,7.1441419614198,7.250596316244505,-7.531347720167853,116.42231374185045,1.7977865681442458,0.3157776636414423
2003-02-01,0.002489621220267119,0.12,KERVILCO,0.0,359.65548732763034,6.51181092096769,8.70587034228003,-4.4943256390550586,149.200711516151,2.0232310519710826,0.4892398767382295
2003-02-02,0.002489621220267119,0.12,KERVILCO,1.5618275603392466,381.2418532253308,8.072800583404806,5.346928220926429,-9.2909952870566,101.21841487025767,1.6890757152044156,0.3293366413292625
2003-02-03,0.002489621220267119,0.12,KERVILCO,0.0,343.6722437680326,8.072800583404806,-5.018412031852397,-16.838197407153306,77.8856860398175,0.9310829770878024,0.1339615553152358
2003-02-04,0.002489621220267119,0.12,KERVILCO,4.4642804077963145,240.14267983908968,12.538550503515522,-5.183797549139876,-15.973554924971925,116.56602351365838,0.978735619073525,0.1459374742742417
2003-02-05,0.002489621220267119,0.12,KERVILCO,0.8323729680836537,334.8100960280772,13.370493492768029,-5.978832653185989,-16.983530700934683,81.42938189947492,0.7140440743146678,0.1125258843418421
2003-02-06,0.002489621220267119,0.12,KERVILCO,0.0,280.7315617666987,13.370493492768029,-11.181911430328425,-20.000704745929628,88.41990933680569,0.6239383328552435,0.0903308986628247
2003-02-07,0.025933554377782487,1.25,KERVILCO,0.0,414.1781653308111,13.370493492768029,-7.26126650629224,-22.16186778766178,44.38312183067982,0.8052116142351149,0.1149872400218395
2003-02-08,0.039626471089251644,1.91,KERVILCO,0.0,428.7513887229521,13.370493492768029,-5.064614179404038,-20.86116831018057,41.83054767956589,0.9702903572435864,0.1380371142673768
2003-02-09,0.06307040424676702,3.04,KERVILCO,0.0,199.47277565950688,13.370493492768029,-10.153156969195091,-16.098333119132203,139.88622206730165,0.8572308092259165,0.10462766697057
2003-02-10,0.03423229177867288,1.65,KERVILCO,0.0,385.7647572724594,13.370493492768029,-3.634467738130289,-16.53891486359303,62.67012127560231,1.0770767899738694,0.1377851471712988
2003-02-11,0.03195013899342803,1.54,KERVILCO,0.0,379.7610881447828,13.370493492768029,-0.6217200829480469,-13.185916900444354,76.57340835881536,1.32534313334002,0.1881988711040518
2003-02-12,0.0356845708238287,1.72,KERVILCO,0.0,458.23625800799294,13.370493492768029,5.85923564740693,-12.24944261327044,78.1288081318887,1.302439301348198,0.2033151965595149
2003-02-13,0.04854761379520881,2.34,KERVILCO,0.0,257.5631157064322,12.281369685730018,4.109767405791456,-3.40691159034203,204.69425865290887,1.209835621307886,0.2348493920943927
2003-02-14,0.05684635119609922,2.74,KERVILCO,0.0,284.89642741870495,12.09058899390892,2.596805113379729,-5.60261457152289,158.15474974637436,1.4126519390138068,0.2098282622915052
2003-02-15,0.05622394589103244,2.71,KERVILCO,2.934440792969534,289.2174696915798,15.02538916911624,2.096552188281077,-9.992645848329362,116.29562471535814,1.4749650558391258,0.2270937048810908
2003-02-16,0.06182559363663345,2.98,KERVILCO,0.0,396.41723727662645,15.02538916911624,0.6907790069959258,-11.44826262483803,84.17005146909234,1.3215423078331665,0.2229723433365913
2003-02-17,0.07178407851770192,3.46,KERVILCO,7.544359949709259,246.4915803371898,22.56915919049473,1.1384486390376851,-8.056271377877149,165.07687714475068,1.5153125406307286,0.2254013038819881
2003-02-18,0.06804964668730125,3.28,KERVILCO,0.0,265.04258102970965,22.56915919049473,-4.393940295898383,-11.33637284840615,168.1945964875053,1.0990056024804131,0.1384098291957915
2003-02-19,0.06390027798685606,3.08,KERVILCO,0.0,456.6334312215296,22.56915919049473,-0.7122967646572451,-15.057313199376658,64.66210877406236,1.0006947368437953,0.1318010479461722
2003-02-20,0.05809116180623278,2.8,KERVILCO,0.0,480.10090350980977,22.56915919049473,0.3489927128826344,-15.76026523584122,58.27200575326472,1.0696795037858189,0.1454529586078235
2003-02-21,0.052282045625609494,2.52,KERVILCO,3.080306484331835,302.6001251089701,25.650224651585347,-1.7740208295658564,-13.32075675238128,120.96157589861924,1.2496925909377734,0.1522233865388793
2003-02-22,0.07842306843841423,3.78,KERVILCO,0.0,363.13257296783297,25.650224651585347,-4.06627299285284,-13.76067155504984,116.18997159632092,1.2351763622224683,0.154019451357603
2003-02-23,0.13983372520500317,6.74,KERVILCO,0.0,431.1311328846431,25.650224651585347,-5.39804331553819,-17.679060910109943,75.7799389080606,1.0507328038758943,0.1234149180181863
2003-02-24,0.12551840318846724,6.05,KERVILCO,7.454952190356392,329.9485971169568,33.1048953175755,-1.768035996947337,-14.607543855755784,111.54028878191828,0.9617082924280488,0.109956468756203
2003-02-25,0.08941889549459402,4.31,KERVILCO,9.436391101709075,258.21830388593713,42.54113525005232,-0.7876845993294243,-9.58232136997049,229.26793269343733,1.068441760557463,0.1145919370404702
2003-02-26,0.10228193846597414,4.93,KERVILCO,7.340668212426913,282.8885964884274,49.88247437813664,-1.993001909179332,-11.53768861182323,218.6096327644169,1.0693562348183847,0.1186863978326961
2003-02-27,0.10331928064108545,4.98,KERVILCO,5.578089233277974,299.93190883359614,55.45987087517727,-1.428852281575609,-11.589975016727443,224.6413361943306,1.102059570881243,0.119384635432606
2003-02-28,0.10746864934153062,5.18,KERVILCO,0.0,282.0095975579512,55.45987087517727,-4.584771582845431,-11.156348875852547,245.56129911029927,1.2895172431280058,0.1606716315318516
2003-03-01,0.10103712785584057,4.87,KERVILCO,0.0,477.8856133304259,55.45987087517727,-2.2565901196222686,-15.006755170510829,143.00281318582546,1.0694340294595368,0.1264770880303348
2003-03-02,0.09771763289548442,4.71,KERVILCO,0.0,475.168441626733,55.45987087517727,-3.341039229555418,-15.756419720623857,137.1966370541357,1.2617891357129976,0.1495661286332913
2003-03-03,0.09024876923468306,4.35,KERVILCO,0.0,541.0435325874155,55.45987087517727,3.0965162534859885,-13.46498582652792,130.16655894675503,1.394218822893519,0.1708857443650142
2003-03-04,0.09128611140979437,4.4,KERVILCO,0.0,442.235745126636,55.45987087517727,-2.429784364919003,-13.190233237286945,171.98213005948162,1.4000312420442087,0.1714726928032075
2003-03-05,0.08692927427432691,4.19,KERVILCO,0.0,339.5387462722472,55.45987087517727,-5.597736504015799,-13.266081318514608,197.2673909858612,1.2327428992141851,0.1478048354471084
2003-03-06,0.27385833422938305,13.2,KERVILCO,0.0,446.42465198180855,55.45987087517727,-0.8013573578749118,-11.570062578047756,184.6241654461464,1.3997207790169877,0.1602118025915639
2003-03-07,0.19419045518083525,9.36,KERVILCO,0.0,508.35046856298095,55.45987087517727,4.734462083620716,-8.466546512975828,189.67848326871007,1.5632869239567655,0.1849175218591546
2003-03-08,0.08236496870383718,3.97,KERVILCO,0.0,489.2723689227013,55.45987087517727,4.750915080200321,-7.628844287668322,207.60069706044004,2.5507870562631703,0.389332261846282
2003-03-09,0.08132762652872588,3.92,KERVILCO,0.0,470.54811539620925,55.43465173294855,4.562628198738467,-6.808534856509189,201.2028578896956,2.8187825591951903,0.4606930799525667
2003-03-10,0.08257243713885945,3.98,KERVILCO,0.0,456.6564543726186,54.91373382037239,6.025209465521449,-4.760222625480127,235.0858813434317,2.9024801890483767,0.487085869906647
2003-03-11,0.09149357984481662,4.41,KERVILCO,0.0,439.6903875208205,54.44623286112158,5.441896105195507,-4.887567803663827,242.35005048353432,2.7639652126573497,0.4327353052555679
2003-03-12,0.12780055597371212,6.16,KERVILCO,0.0,498.1940847613097,53.93688213392438,7.438386394126194,-4.787155169091295,208.9234626041126,2.729952776453063,0.4588019051157826
2003-03-13,0.14688765199576,7.08,KERVILCO,0.0,588.2346379441083,53.85344592448555,11.566584783014388,-6.026823400510956,147.37302885702627,2.758338850741181,0.6458039912694402
2003-03-14,0.14709512043078227,7.09,KERVILCO,0.0,509.2912619733792,52.5650023599103,9.396353531651783,-2.9328528180629663,221.7255216364116,2.810589497539471,0.647452817346478
2003-03-15,0.14958474165104937,7.21,KERVILCO,0.0,556.5029521864834,52.15918122132541,9.526545545431324,-5.091269521006196,169.60520847672566,3.0129831318672657,0.6046049497799211
2003-03-16,0.10290434377104091,4.96,KERVILCO,26.042176203768825,282.15721960005226,51.032329487223805,4.872770289520526,-3.3175634605182966,372.655343901817,2.2359457842931034,0.4369992176005419
2003-03-17,0.07946041061352555,3.83,KERVILCO,23.383195601835872,231.6575422154652,67.07732089473215,-0.0705327587744231,-6.362901420046784,379.1018712920703,1.823967515361127,0.2458034905915149
2003-03-18,0.0713691416476574,3.44,KERVILCO,27.81288347189996,216.17318122464928,91.85627428589042,-1.903478079108556,-7.467380789130673,350.07474302353006,1.517698491588773,0.1555971338524821
2003-03-19,0.06431521485690057,3.1,KERVILCO,18.2519892471086,310.32214378318093,110.10836461476488,-0.4703124662720095,-8.735536593739665,316.4437349480736,1.1086249828937624,0.1174466477800064
2003-03-20,0.06369280955183379,3.07,KERVILCO,10.422116722403212,463.9367101897234,120.52997295040328,6.107687935869307,-10.387749187656976,274.3474929625253,1.5439312031160302,0.1434121999881802
2003-03-21,0.06244799894170023,3.01,KERVILCO,0.0,499.04490957900856,120.52997295040328,0.2080799405353362,-10.090572734715472,283.5556815798194,1.4096961947654647,0.1368074804739818
2003-03-22,0.06037331459147764,2.91,KERVILCO,0.0,644.5905328048441,120.52997295040328,5.663053135169884,-11.576968155733612,232.27517914572903,1.8397030562657275,0.2087346113751381
2003-03-23,0.06369280955183379,3.07,KERVILCO,0.0,598.7489685036253,120.36114988364793,8.290813605038242,-5.949082234493609,357.1941573287813,2.161518720798074,0.2680675032840885
2003-03-24,0.06991686260250159,3.37,KERVILCO,0.0,604.8182901851687,120.34392216901313,6.984111659352521,-7.510895160068782,320.643934064735,2.614123064025081,0.3969023344735012
2003-03-25,0.06804964668730125,3.28,KERVILCO,5.26901101855001,435.7048275357836,125.254233475648,5.019125477670529,-8.351999562773063,326.04812998424325,2.676406844253885,0.3814084714218517
2003-03-26,0.06867205199236803,3.31,KERVILCO,0.0,607.2425300055091,124.97985055603635,9.08234667512233,-5.406093279806289,372.9442038926892,2.2516703123554587,0.2816061808548769
2003-03-27,0.07116167321263515,3.43,KERVILCO,0.0,580.2926412001453,124.97985055603635,-2.749695845838489,-15.569997676973642,185.3487364114063,2.026759274445978,0.2666324178283574
2003-03-28,0.06742724138223447,3.25,KERVILCO,0.0,651.8618717199316,124.97985055603635,-2.577997743620146,-19.304489409934263,133.7488734600195,1.2824005892477408,0.1409519259281406
2003-03-29,0.06701230451218995,3.23,KERVILCO,0.0,635.034599266371,124.97985055603635,-2.8732634612529337,-18.40478850456685,142.30808445395843,1.3606953733134224,0.1516382595820655
2003-03-30,0.06638989920712317,3.2,KERVILCO,0.0,667.7748475561112,124.97985055603635,3.9189121722589935,-14.5016542064787,184.4017326763984,1.6816320166699372,0.1700483376247597
2003-03-31,0.0692944572974348,3.34,KERVILCO,0.0,585.3848344553355,124.63050786634318,8.844586514747501,-5.1974896151889975,376.4401900771375,2.878555705855085,0.4314681086471675
2003-04-01,0.08195003183379267,3.95,KERVILCO,0.0,627.2147200467217,123.59858661925932,12.508588785752451,-3.543538651590613,403.5764685751997,2.5388985145493064,0.3771560254130625
2003-04-02,0.10103712785584057,4.87,KERVILCO,0.0,524.7967054487598,122.27424293516292,8.621762986088122,-2.846372157038756,469.8807963778473,3.3831086791552214,0.5483275720291357
2003-04-03,0.08983383236463854,4.33,KERVILCO,0.0,489.5968410261802,122.26897258135902,2.2328804459081053,-7.958254646268772,333.1269852816375,2.4254190035419496,0.3325324611860616
2003-04-04,0.0879666164494382,4.24,KERVILCO,0.0,522.721647328773,122.26897258135902,0.1551931713278855,-10.924816101982858,264.79261604809994,2.222717773894106,0.2860766605664868
2003-04-05,0.15767601061691755,7.6,KERVILCO,0.0,597.915214929298,122.26897258135902,3.3722455055555427,-10.3776297428212,266.63809336424634,1.754615250012549,0.1832424008859373
2003-04-06,0.1385889145948696,6.68,KERVILCO,0.0,431.2173979152026,122.26897258135902,-0.9025766206953284,-9.527325562258808,296.8964928896795,1.4426959347698736,0.1371347229006838
2003-04-07,0.12531093475344499,6.04,KERVILCO,0.0,629.4711257220149,122.26897258135902,0.5637007044295227,-14.233349655682998,195.41524912612752,1.4304834961046229,0.1545565714073802
2003-04-08,0.11141054960695357,5.37,KERVILCO,0.0,723.1890047539304,122.26897258135902,7.510484844268664,-15.575156915041456,156.383479115015,1.775007476838694,0.1910205650140566
2003-04-09,0.19709501327114692,9.5,KERVILCO,0.0,692.8835299977018,122.26897258135902,12.396675002138172,-7.641619898047863,278.86057750184887,3.0616429411890125,0.5219779154549525
2003-04-10,0.19336058144074625,9.32,KERVILCO,0.0,654.1306041732638,121.15367955210397,14.26160228155222,-3.345089673297798,389.00521780717753,3.5056663499902423,0.7533035685383683
2003-04-11,0.13568435650455798,6.54,KERVILCO,0.0,651.1623314766756,119.87837353858978,14.525528951411776,-2.9645402847457096,398.27200911160986,3.808225065367594,0.8470809732529611
2003-04-12,0.006846458355734577,0.33,KERVILCO,0.0,588.8255236707139,118.449306295341,11.853057442725053,-2.596171841090312,436.2598703897304,2.991452319344912,0.5242293419498703
2003-04-13,0.006846458355734577,0.33,KERVILCO,0.0,603.8105189663087,116.31746857914683,14.265346538936836,-0.9254587200738316,478.5141886986297,3.878314327516912,0.8181155579827408
2003-04-14,0.16348512679754082,7.88,KERVILCO,0.0,552.2314655915429,113.66301758788929,13.294739579445135,0.3194905323738831,548.4945530210542,4.064347475230614,0.7642076368863632
2003-04-15,0.22199122547381808,10.7,KERVILCO,4.639671894925706,346.782224314125,114.63108151551909,4.96527436916108,-5.051731724250512,421.90204569102656,3.165270022570656,0.4366657820812166
2003-04-16,0.23443933157515373,11.3,KERVILCO,0.0,619.1919875981341,114.0174532783658,10.769906507165636,-4.67183523207694,376.0432920356602,3.7033020758612194,0.528177629654342
2003-04-17,0.2240659098240407,10.8,KERVILCO,0.3838903888331598,588.7656744429246,113.3109018017911,10.532640841101566,-4.317769792075088,391.8658616188256,3.252702833590565,0.5732355172898083
2003-04-18,0.19128589709052365,9.22,KERVILCO,0.0,515.6716422606879,113.2151003687764,4.718259291025383,-7.0215430192267325,354.9749919430181,3.271952915174196,0.4918698792485191
2003-04-19,0.16141044244731823,7.78,KERVILCO,0.0,480.3173199270551,113.16791316606152,2.610063555297328,-7.937290280604142,334.82668290251377,2.7593845143016225,0.3998308128616165
2003-04-20,0.16493740584269662,7.95,KERVILCO,0.1329426677852759,529.8783145952908,112.94710065733712,6.85918041445571,-5.4160830012605805,386.40284809890574,2.872280050381612,0.4304062919255156
2003-04-21,0.17240626950349802,8.31,KERVILCO,5.481842197771617,369.28117883293874,112.18772019851563,7.205889665375558,-3.853596539173043,457.9703779037469,3.0286102388620044,0.4262612200644937
2003-04-22,0.19087096022047909,9.2,KERVILCO,3.436590806604294,390.8132525160921,110.75914043672653,7.46386543841478,-2.59865527761974,497.6815215525209,3.035242964767513,0.4257261638339716
2003-04-23,0.16369259523256308,7.89,KERVILCO,0.0,292.4612948987088,110.74649492436244,-2.1409274127872004,-7.999033634239992,336.36535086398044,2.6043870864321184,0.3149028150183456
2003-04-24,0.1547714525266059,7.46,KERVILCO,0.0,525.8632424772095,110.10604305279396,7.0292702268841705,-4.496901277424567,414.1978460286946,2.325907609303349,0.2364434181001594
2003-04-25,0.21784185677337292,10.5,KERVILCO,0.0,662.802179052772,109.15472584824995,13.188432638182872,-3.7366184239728506,385.34333858697545,3.5455108298219544,0.5478708988737335
2003-04-26,0.26555959682849267,12.8,KERVILCO,0.0,584.1509495604705,106.88948410600082,13.012307786508345,-0.6065944540040876,512.8615952520607,4.213756743764598,0.6767364540360643
2003-04-27,0.2966798620818317,14.3,KERVILCO,0.0,607.8964233459368,105.19964515127116,12.317444671581224,-1.9768842994534053,458.5767163991383,3.895245078232741,0.7208434115737169
2003-04-28,0.3029039151324994,14.6,KERVILCO,0.0,584.4471343946411,103.26228057378572,12.150801631449182,-1.3872197223246774,485.1303808661588,4.080769503296308,0.708432973065887
2003-04-29,0.33194949603561585,16.0,KERVILCO,0.0,591.3860767587028,101.31599911161086,12.008930149334155,-1.3653239434072562,485.9183215925505,3.961844801525916,0.6612682130558041
2003-04-30,0.33194949603561585,16.0,KERVILCO,0.0,571.2304477164213,100.67211143274938,8.048898857717512,-4.483132001274751,403.6510053463717,3.2095862093997165,0.4230217349241271
2003-05-01,0.32572544298494804,15.7,KERVILCO,0.0,609.3053040726763,100.61309011048128,7.154469020743287,-6.560936084861055,339.22882326546346,3.2371605122760987,0.436133974727301
2003-05-02,0.31120265253338986,15.0,KERVILCO,0.0,605.2120513291467,100.10586231832504,8.768218665439388,-4.874755230042301,380.0102571701513,3.397368882476841,0.5061470384780414
2003-05-03,0.2925304933813864,14.1,KERVILCO,0.0,513.9639776473015,97.47885320916603,11.156378468286295,0.2540724098579264,578.1695513988525,4.108460876589501,0.6223436911024155
2003-05-04,0.28838112468094124,13.9,KERVILCO,0.0,338.970537308865,96.37881316955918,3.231970013233732,-3.413848787522851,476.26399800108726,2.682445748019489,0.3073535701662549
2003-05-05,0.28423175598049605,13.7,KERVILCO,0.0,521.873684946366,95.7938977237597,6.0059086292057815,-4.718983067747702,412.678032231884,2.6844778562725846,0.3355234653176153
2003-05-06,0.2821570716302735,13.6,KERVILCO,0.0,593.7489828032502,95.6286662065155,6.753360633611926,-6.216543523615749,347.9584943582159,2.7249245027000906,0.3668737172756151
2003-05-07,0.27800770292982824,13.4,KERVILCO,0.0,581.0666196729885,94.88356873750575,8.406253381749881,-4.199338457579702,398.6495986171248,3.1743145868554574,0.4350412126628932
2003-05-08,0.27385833422938305,13.2,KERVILCO,0.0,428.499152207239,93.78175809405528,4.987703252491139,-3.30211341613335,468.5937793507386,2.77503054972905,0.3531303729981354
2003-05-09,0.26348491247827005,12.7,KERVILCO,0.0,632.6364748307598,93.2753871235529,8.902245833811788,-4.795765871311566,366.01290024061154,2.951320909096324,0.3859966854183
2003-05-10,0.2717836498791605,13.1,KERVILCO,0.0,530.233869067889,93.27447767045224,2.9747788718052743,-7.420511772214411,331.5832413835282,2.587725695522489,0.3042248235837237
2003-05-11,0.27385833422938305,13.2,KERVILCO,0.0,732.4591264836756,93.27447767045224,10.366839700743096,-8.736733541263012,247.42012192858567,3.483397033987242,0.4681489457326748
2003-05-12,0.3091279681831673,14.9,KERVILCO,0.0,702.484661494161,91.78321770679008,15.121487810664805,-2.3746337838420604,385.7941748224388,4.545696995705876,0.7673405557498971
2003-05-13,0.3672191299894,17.7,KERVILCO,0.0,561.6129048645057,88.52812449476147,13.69703404378433,1.9477704510681328,596.6358078554865,4.833256237725286,0.8060074069885474
2003-05-14,0.42116092309518766,20.3,KERVILCO,3.227999076387543,511.7721356999985,85.98142800069778,15.942307314060798,0.4336953870728991,553.3063637367013,4.172348664860603,0.650168788207557
2003-05-15,0.553940721509434,26.7,KERVILCO,5.79500481797623,224.49769689801067,83.03516589392694,7.276778839343729,1.4818515203873852,679.2164402750025,3.6002734027001377,0.5231737578358693
2003-05-16,0.5809116180623277,28.0,KERVILCO,0.0,606.5082640781018,80.11243990391435,14.710323435610212,1.6371598369258304,572.5544361653874,4.3849020480062375,0.6068154584686711
2003-05-17,0.7074673634259063,34.1,KERVILCO,0.0,669.8248562079884,77.17072765567858,17.779547400301748,1.7993953604846675,531.1685396179035,4.950302848061891,0.9143983479791908
2003-05-18,0.8195003183379266,39.5,KERVILCO,4.2744104972889625,474.1928633655956,74.2650204560236,13.233706648546285,1.932977273947317,641.9478617429475,3.8873572215546486,0.670722406832439
2003-05-19,0.8402471618401526,40.5,KERVILCO,6.021153725735506,474.926336947973,72.76227478366785,12.909120187914583,-1.577380778995472,510.07669691525234,3.996389681644509,0.6388400728534109
2003-05-20,0.827799055738817,39.9,KERVILCO,0.3127859276720166,486.4909864239502,71.30308355949816,8.121126067991055,-1.6534098707412088,514.0358345544834,3.902407357714221,0.529750650837308
2003-05-21,0.7614091565316939,36.7,KERVILCO,0.0,664.0235657061221,69.64196507785012,14.778687204538237,-1.2223959252429677,443.0095663675869,4.81863347737707,0.7572335701255185
2003-05-22,0.7863053687343651,37.9,KERVILCO,0.0,665.9298600277476,67.15161201681046,17.70815348671993,1.0401121381321774,506.0346015665377,5.239998385988017,0.9135561350228876
2003-05-23,0.8568446366419333,41.3,KERVILCO,0.0,649.9262690052078,63.9850902133391,19.215478718171703,2.930021296054932,572.8625675351334,4.777913793978496,1.043508694434197
2003-05-24,0.9066370610472758,43.7,KERVILCO,0.0,650.2154902400785,60.91939509350116,19.35654297308503,2.8764650103978258,571.1568196259149,4.53453616871262,1.038007287045953
2003-05-25,0.9398320106508373,45.3,KERVILCO,0.0,583.9398761576755,58.276115732273766,14.95307245318305,1.6957239360164549,575.8499831678563,4.524490758355676,0.8005926664853582
2003-05-26,0.8983383236463853,43.3,KERVILCO,2.033767259048347,557.303541226822,55.8027508463115,18.196916872417862,1.2190020276675924,551.8477999540673,4.341881256564311,0.8367918577750689
2003-05-27,0.9149357984481662,44.1,KERVILCO,0.0,657.8924536255491,52.773390607835296,20.40715378928885,3.088846627537184,535.8671973374026,5.150820984998596,1.0470806654410163
2003-05-28,0.9377573263006149,45.2,KERVILCO,0.0,630.8751779729992,49.25697915866876,20.88576124540436,4.707392783479315,593.652003323273,4.795686429631698,1.0345072943154066
2003-05-29,0.9709522759041763,46.8,KERVILCO,0.0,645.031975215701,45.88532277953953,22.32519945768757,4.923678407938498,569.9801997736662,5.783083593566495,1.193552735889102
2003-05-30,1.0975080212677548,52.9,KERVILCO,0.0,625.2188522370857,42.97681180043237,20.92157861702549,4.386970473832925,569.7179564007951,5.060451041156215,1.209611518548208
2003-05-31,1.0497902812126352,50.6,KERVILCO,0.0,595.8800576810355,40.14017197301211,20.129159410179703,4.826919565620979,611.696798415919,5.188285153644669,1.160791365115568
2003-06-01,1.1058067586686453,53.3,KERVILCO,0.0,504.96642022953074,37.65151057430466,15.80802235716469,4.061091819542118,662.4462329506148,4.326773195210236,0.6651351578725301
2003-06-02,1.0165953316090737,49.0,KERVILCO,0.0,618.8481615616247,35.51793516694177,19.497008429950604,2.7732757660224823,517.7963329446062,5.363054061363607,0.8339285424479925
2003-06-03,0.9751016446046216,47.0,KERVILCO,0.0,611.544139540012,33.6600634750481,18.57143921052544,1.954940605193971,497.1588294040756,5.273936466204223,0.8164728945878291
2003-06-04,0.8775914801441593,42.3,KERVILCO,0.0,597.9677195577415,31.764412755462555,18.17471235284217,2.0665275733778485,510.41663523816175,4.955459883691374,0.7397625215089022
2003-06-05,0.6701230451218995,32.3,KERVILCO,0.0,519.4316806265775,30.54762988117332,12.344949629147251,-0.2598069938924471,499.57853938648543,3.829937851324656,0.5103457041843685
2003-06-06,0.6141065676658893,29.6,KERVILCO,0.0,637.1553920692406,29.600076542992014,16.820028658647246,-1.644193533082795,380.5204674433022,4.699264713604832,0.6766217311489132
2003-06-07,0.5456419841085436,26.3,KERVILCO,0.0,511.3735391127401,28.31646905931029,12.48385906841492,-0.2439822265090208,498.335111910704,4.6400613135964,0.6299356597014772
2003-06-08,0.5041482971040916,24.3,KERVILCO,0.0,656.6859166605899,27.25685689907172,19.37917407298184,-1.2955815142556055,370.4825625741253,5.021401079017339,0.7802144673052241
2003-06-09,0.49584955970320116,23.9,KERVILCO,0.3845642426776305,542.3656004437639,24.83253272139977,18.91669126096603,3.762295441382984,605.1882409035502,5.276617470519412,0.8654257606707901
2003-06-10,0.4896255066525334,23.6,KERVILCO,0.0,548.3693157189824,22.60508637982301,18.456785777163297,3.655106306583813,598.9188316121545,4.759098895992213,0.7930008069928849
2003-06-11,0.4730280318507526,22.8,KERVILCO,0.0,598.2023859589252,20.74397585363392,20.15562272297952,2.7270756391260167,523.2814329287671,5.38400532171011,0.8998708287188587
2003-06-12,0.44605713529785884,21.5,KERVILCO,0.0,582.8992477741454,19.262385898207885,18.604488676064253,1.886532893219284,509.2726881828154,4.744177586202998,0.8194786767043873
2003-06-13,0.4253102917956328,20.5,KERVILCO,0.0,540.3975162207157,17.919751726798758,16.186199180965065,1.5038794056047209,529.994914892648,4.554351671480433,0.7644810631748743
2003-06-14,0.39419002654229385,19.0,KERVILCO,0.0,608.3714047366225,16.688134999561786,19.98258132365876,1.0581378371788772,459.8629139910394,5.0454503642330994,0.8017720561278076
2003-06-15,0.37966723609073566,18.3,KERVILCO,0.0,583.0674016687906,15.183649895691104,20.89383695992824,3.1968829599911555,468.7167771676984,4.934042811040685,1.017338735764287
2003-06-16,0.39419002654229385,19.0,KERVILCO,0.0,535.4002500863279,13.572233217718011,19.501505476667354,4.309605991426615,458.1643788942994,4.749313696089819,0.9644662372276774
2003-06-17,0.36099507693873223,17.4,KERVILCO,2.498809699309907,507.8215134298142,12.335036704967374,20.33724065306325,2.4022082457772185,299.9035387547266,4.499690932976195,0.8522964929257814
2003-06-18,0.377592551740513,18.2,KERVILCO,6.278883534808125,337.30401806715366,11.181942413509454,14.833116072703309,2.780867866615158,386.3440049224668,3.760634793500878,0.5016773313007231
2003-06-19,0.3858912891414034,18.6,KERVILCO,3.3194173135906926,336.9875109053298,10.14551834420894,14.27119063134638,2.723632816389544,367.9700568837258,3.93636545179402,0.5739547185913935
2003-06-20,0.33817354908628366,16.3,KERVILCO,0.0,437.3257171792328,9.108725489285703,14.73495986877291,3.167312230878509,310.53006408880304,4.5813703008517,0.7011157296917044
2003-06-21,0.2966798620818317,14.3,KERVILCO,0.0,559.5875119616801,8.04081824231174,19.767554765421835,3.259066586605362,273.51335510190955,5.196660362874041,0.8031170094696711
2003-06-22,0.27593301857960567,13.3,KERVILCO,0.0,557.7705203380004,6.766556865391723,21.64621616253214,5.035132602504288,312.4696725304126,5.342611535060173,0.8747714945851165
2003-06-23,0.2572608594276023,12.4,KERVILCO,0.0,532.9548093426314,5.600334481585502,20.892302373392504,5.42444843038545,322.24599489157004,5.703653862169234,0.9149231434479314
2003-06-24,0.2448127533262667,11.8,KERVILCO,0.0,515.9867415091611,4.639566381056336,20.212446570868494,5.412469788750598,321.81361143148945,5.896855195680717,0.9378815407479436
2003-06-25,0.2261405941742633,10.9,KERVILCO,0.0,549.9346466821021,4.255588814659345,17.721273572951652,1.390478190301898,238.25997809440912,4.738628697742033,0.6710754398555672
2003-06-26,0.19709501327114692,9.5,KERVILCO,0.0,594.8794993051201,3.926064056460146,20.28064393300604,0.9281478212931686,229.98719025292908,4.606573777866658,0.721109307533072
2003-06-27,0.1759332328988764,8.48,KERVILCO,0.0,591.7748321891684,3.470470198243832,22.20863628473136,2.75960866595482,263.921235927833,5.540934783036423,0.9416018446381724
2003-06-28,0.16472993740767436,7.94,KERVILCO,0.0,583.8957680492157,2.9235203567072774,23.72602413363204,4.62128047628778,303.30213900244905,5.659706509968971,1.146917860625623
2003-06-29,0.16141044244731823,7.78,KERVILCO,0.0,554.2675051899078,2.428358468504493,21.946260014959527,4.755303998512499,306.6927964353097,5.348310834139441,1.112136153090889
2003-06-30,0.1543565156565614,7.44,KERVILCO,0.0,592.3449547776432,1.9392652349271164,24.744579583855707,4.687247695194847,305.0881224066712,5.146176739296917,1.165248739791192
2003-07-01,0.15809094748696206,7.62,KERVILCO,0.0,491.56685092557024,1.342421223484876,22.43944857023801,7.749271913739607,385.6703142509703,5.635075081478107,1.3350414319989017
2003-07-02,0.1329872668492686,6.41,KERVILCO,0.0,530.9474787555167,0.958131849343303,23.90907428228996,7.335542220418132,370.68487531868834,6.004530751888837,1.3740017805586306
2003-07-03,0.120539160747933,5.81,KERVILCO,0.0,538.7036550539053,0.6898602322093549,24.97489669211816,7.79432161932305,383.2204376603557,6.204927521638,1.477268227015211
2003-07-04,0.11058067586686454,5.33,KERVILCO,0.0,549.988452008701,0.5170466892969423,25.284390891880804,7.366004780633553,371.3893482763872,5.928922225153944,1.487657019867564
2003-07-05,0.10705371247148612,5.16,KERVILCO,0.0,533.0588921319111,0.3360467159880175,25.63856507191812,8.5309291171066,403.9554453341997,5.74121936287667,1.5651791161703184
2003-07-06,0.09916991194064023,4.78,KERVILCO,0.0,495.1559358002529,0.1927895849347928,23.136806138378745,8.049534771185437,393.04384694863126,5.716740303605074,1.573425488909772
2003-07-07,0.09854750663557346,4.75,KERVILCO,0.0,499.4673455902149,0.1020475178565254,23.220004760002382,7.808457948472006,387.1706693398648,5.751366714436156,1.4351919090238885
2003-07-08,0.09045623766970533,4.36,KERVILCO,0.0,557.240554182483,0.045025123708407,25.93281290237688,7.330141740814629,370.1861886530366,6.067583339685832,1.426056554752167
2003-07-09,0.08526952679414884,4.11,KERVILCO,0.0,528.4166731203358,0.0066673323180593,24.28746797285486,7.3630424984235106,372.1197411655638,6.632439711657918,1.436543457056099
2003-07-10,0.08319484244392622,4.01,KERVILCO,0.0,571.2657688330391,0.0020837908691465,25.25470076286117,5.531367021980971,324.6021724311347,5.824635870218444,1.458833225419774
2003-07-11,0.08132762652872588,3.92,KERVILCO,0.0,563.774696561581,0.0,27.200823201248102,7.786213425335475,382.8104515373996,5.872963281166676,1.6831708549401962
2003-07-12,0.0796678790485478,3.84,KERVILCO,0.0,530.5112516140366,0.0,26.503616278867582,9.126124602705584,421.7585925053712,5.9785104678088175,1.697053696592653
2003-07-13,0.07800813156836972,3.76,KERVILCO,0.0,536.2000884100869,0.0,27.03463808955705,9.2044118227671,424.1023663783612,5.81279005967362,1.572536665311666
2003-07-14,0.07738572626330295,3.73,KERVILCO,0.0,471.8014725816536,0.0,25.30801405285779,10.699399728480842,486.58643112393344,5.400124257616323,1.6735947842066556
2003-07-15,0.07614091565316938,3.67,KERVILCO,0.0,502.3037035718887,0.0,24.947851884980352,9.187160813262205,424.0288375291384,5.880191679861829,1.5881777488071829
2003-07-16,0.11701219735255458,5.64,KERVILCO,0.0,519.1403520062445,0.0,24.32105611849576,7.745740918985268,382.8202399142487,5.4834409919674805,1.4159619759642172
2003-07-17,0.09709522759041762,4.68,KERVILCO,0.0,530.8592105680273,0.0,24.69052005632123,7.48235899247463,375.1888126082471,5.553302293402801,1.368040068201691
2003-07-18,0.0744811681729913,3.59,KERVILCO,3.1079351844091327,414.04701558233984,0.0,26.93916013032869,9.241212556740676,427.7364887873395,5.430317379242927,1.3926539188343563
2003-07-19,0.0692944572974348,3.34,KERVILCO,6.290391648106477,404.7668542040949,0.0,26.481262861664845,9.94933146684008,465.0403537486844,5.193920526332831,1.3149080552664785
2003-07-20,0.07012433103752384,3.38,KERVILCO,6.045409156353373,356.6569030056944,0.0,22.575443455694625,7.466982494451487,469.045744011507,4.732804801705187,1.0773282361317782
2003-07-21,0.07282142069281322,3.51,KERVILCO,5.988427684008074,382.9042102851423,0.0,23.171984613233327,6.345584189410633,412.45308126534826,5.163046411744238,1.170704508681832
2003-07-22,0.0682571151223235,3.29,KERVILCO,7.005929893703296,394.5675553239994,0.0,26.039608997813268,8.135973513644053,455.7752094855901,5.111012936495279,1.3211795782623217
2003-07-23,0.07074673634259063,3.41,KERVILCO,6.687748160149144,352.73443424681466,0.0,22.395569193569862,7.327684934077926,545.7948076912643,5.308755079445032,1.3076782455472422
2003-07-24,0.07157661008267968,3.45,KERVILCO,0.0,548.4092495577345,0.0,25.63598077230805,6.54050014529235,378.83096102348674,5.396457839950717,1.3897812454907776
2003-07-25,0.06348534111681153,3.06,KERVILCO,0.936590787959866,492.1177897730517,0.0,25.020308110349884,8.678739142566272,484.5273479938842,5.152478819603349,1.3939407721267465
2003-07-26,0.0682571151223235,3.29,KERVILCO,4.785630415657834,475.1482884847307,0.0,26.09017639697116,7.423565280508476,473.6833433659198,4.998903906859875,1.3186686869322304
2003-07-27,0.07925294217850329,3.82,KERVILCO,11.919754747979312,333.9124909610044,0.0,20.68720405217848,6.6926874456967065,635.838962646964,4.427197004466567,0.982407815192354
2003-07-28,0.07738572626330295,3.73,KERVILCO,7.1906807976813765,300.190811533479,0.0,17.564312669759676,5.459084210969112,716.8561633252442,4.355620951252821,0.7576324458661915
2003-07-29,0.09439813793512825,4.55,KERVILCO,5.5064969662441685,369.6103025460964,0.0,19.54946223118037,5.364376559296698,660.0852878597595,4.325097525696172,0.7859728780785623
2003-07-30,0.09668029072037312,4.66,KERVILCO,0.3336913935622694,482.7698836000204,0.0,21.10919303909276,5.455256402141454,557.9759849712601,4.378579347789207,0.8702187397421224
2003-07-31,0.07946041061352555,3.83,KERVILCO,0.0,488.61042736036086,0.0,22.111398975026653,6.488554799319907,590.9613992973422,4.782829824245605,1.044424842159338
2003-08-01,0.07842306843841423,3.78,KERVILCO,0.0,482.4035884804752,0.0,21.14338985163339,5.841534747152632,575.7850387383847,4.692911957905837,0.9520584146598272
2003-08-02,0.07365129443290226,3.55,KERVILCO,0.0,496.0714428507428,0.0,23.14411706116145,7.079120526230159,602.2005193100439,4.789690129709563,1.0856398678072672
2003-08-03,0.06804964668730125,3.28,KERVILCO,0.6392343010959052,423.37989207816105,0.0,21.562440872763613,7.790427899551861,724.4884177874989,4.602880678820787,0.9126057385196348
2003-08-04,0.06514508859698961,3.14,KERVILCO,0.0,467.9137884389265,0.0,21.574152579454644,6.971577661088459,639.8536229600276,4.739793692526575,0.8403982972270466
2003-08-05,0.060788251461522155,2.93,KERVILCO,0.0,434.6735946951301,0.0,21.188998713770555,7.874862056171862,722.6830652823469,4.77534618200286,0.9516874444547784
2003-08-06,0.059543440851388595,2.87,KERVILCO,0.0,450.47483677264455,0.0,22.658880522745324,8.714947929025621,738.8649083768696,4.599057706873064,1.0894227055701031
2003-08-07,0.0502073612753869,2.42,KERVILCO,0.0,500.2935287791923,0.0,24.136883332461103,7.949258218077055,639.8067472603298,4.739780545381453,1.1453193619538375
2003-08-08,0.04854761379520881,2.34,KERVILCO,0.0,418.0158018934951,0.0,21.59305109423467,9.047539513653232,805.4993919841476,4.529870815171738,0.9268077533001756
2003-08-09,0.05290445093067627,2.55,KERVILCO,2.182817218831358,381.9041276619299,0.0,22.54384609451032,7.787590115952028,785.6417926632066,4.602190601453222,1.0294675541052605
2003-08-10,0.05062229814543142,2.44,KERVILCO,1.6625846029141165,438.4411278475517,0.0,22.237437053661505,8.103652805596722,739.946825401497,4.3529957350445,1.0376991031907814
2003-08-11,0.04813267692516429,2.32,KERVILCO,8.831161059173645,352.359519772401,0.0,22.492049879632827,7.660299816812632,835.1250694010614,4.264606475401654,0.9982131640449596
2003-08-12,0.04896255066525334,2.36,KERVILCO,0.0,487.5887698279867,0.0,21.77218923514458,6.551997283997305,670.9882631695715,4.038172139387108,0.8210322690868507
2003-08-13,0.0502073612753869,2.42,KERVILCO,0.0,512.7211032311558,0.0,23.70076696737281,6.995759870481511,645.4210116676569,4.699115553067562,0.9594357446530772
2003-08-14,0.04211609230951876,2.03,KERVILCO,0.0,528.8761089150154,0.0,23.11806561491389,5.515077699381542,547.7918001616492,4.631445423893704,0.8949714355518578
2003-08-15,0.03755178673902905,1.81,KERVILCO,0.0,481.9489048274917,0.0,19.95063716033736,5.014319984747293,586.1964733662902,4.129167065025864,0.6953889355834505
2003-08-16,0.036929381433962266,1.78,KERVILCO,0.0,430.4721445872745,0.0,17.59955577698648,4.928317871170233,641.711487053024,3.9130942493202094,0.649462199912072
2003-08-17,0.038796597349162604,1.87,KERVILCO,0.0,446.47759905674206,0.0,18.174404265166466,4.970092857281883,612.8758222441527,3.982442458208848,0.6114842721979248
2003-08-18,0.04170115543947423,2.01,KERVILCO,0.0,426.7975222212572,0.0,18.454337933111823,6.042835551916249,652.7786078942901,3.967151136962568,0.7403934643429719
2003-08-19,0.04854761379520881,2.34,KERVILCO,0.0,486.5730057567501,0.0,20.778608392532217,5.646828052664451,562.7714234068685,4.657986518051504,0.8864552119992817
2003-08-20,0.036929381433962266,1.78,KERVILCO,0.0,531.8864584036078,0.0,24.668870846755752,6.845167540904112,547.073155514369,4.602571220026015,1.0228052052843497
2003-08-21,0.031327733688361246,1.51,KERVILCO,4.672709072843328,335.3646858649216,0.0,22.87299851646702,8.987265981892724,899.9988383761279,4.95178853505892,1.2309405836070155
2003-08-22,0.038796597349162604,1.87,KERVILCO,4.180524438198132,357.383200341646,0.0,22.068064350355293,6.923984564400718,783.936861989566,4.406584377768973,0.9048320624991856
2003-08-23,0.03630697612889548,1.75,KERVILCO,2.3034973847624483,357.73291166024444,0.0,18.04732420881562,5.77289873059508,755.9287228252501,3.7609498992084784,0.7673366358583968
2003-08-24,0.04211609230951876,2.03,KERVILCO,5.174291377543434,343.67471616509573,0.0,19.41886855833091,5.370951698669829,757.4335479680472,3.879628348884472,0.7471849657045992
2003-08-25,0.05746875650116599,2.77,KERVILCO,5.5718755001656985,314.09883459958894,0.0,18.09227747373076,5.8228737968545,831.3355859999754,3.32630438931726,0.5747406974106097
2003-08-26,0.050829766580453684,2.45,KERVILCO,3.3583850991106687,296.90835867314945,0.0,17.544772574272507,6.145585839845414,886.996189887835,3.8186513240998026,0.6677880537323081
2003-08-27,0.04896255066525334,2.36,KERVILCO,5.748816360233588,340.104059718555,0.0,19.735206214200524,5.855330589531558,833.1914691212276,3.723088909649761,0.7316582948212408
2003-08-28,0.06721977294721222,3.24,KERVILCO,10.545614821244977,191.21935288541388,0.0,12.790193303365813,5.9473408504768654,932.6623802138092,2.507536700869047,0.3900309835787259
2003-08-29,0.10062219098579606,4.85,KERVILCO,0.0,435.3544311320332,0.0,16.895257096501467,4.322649211551277,724.9836168101632,3.1353006600056283,0.4891274637745318
2003-08-30,0.0719915469527242,3.47,KERVILCO,0.3496495965181589,286.80771245401377,0.0,11.928310168126252,4.215964208438326,816.688681339298,2.79814731456298,0.3444973576156547
2003-08-31,0.06887952042739029,3.32,KERVILCO,0.0,468.61322460902574,0.0,16.464750923287998,2.681172016579021,630.6143724674403,3.567377675912897,0.5352041564740728
2003-09-01,0.061203188331566676,2.95,KERVILCO,0.0,515.9200924884808,0.0,19.58230811770253,2.9478243644441977,598.0994437893893,4.091596771082321,0.8471861421389532
2003-09-02,0.0543567299758321,2.62,KERVILCO,0.0,513.5516298917411,0.0,22.420709217674883,5.404907352741631,699.7214364831904,3.650047629070991,0.9980055121612894
2003-09-03,0.05767622493618825,2.78,KERVILCO,6.990631933597231,276.7626663441072,0.0,14.201020943210478,3.909033656731204,804.0161259793897,3.0092403325164687,0.6196424731138858
2003-09-04,0.06244799894170023,3.01,KERVILCO,5.408937159641696,379.00981867913583,0.0,19.39027794956673,2.439233640601378,689.0277290731409,3.5261524500717862,0.7385236580976174
2003-09-05,0.06244799894170023,3.01,KERVILCO,7.430558707019004,346.0816951991755,0.0,18.803988121507217,4.276884943957909,817.59186681429,3.798029249462049,0.8497762123339073
2003-09-06,0.09024876923468306,4.35,KERVILCO,10.995090678743322,329.3234595151866,0.0,16.90558455512511,3.606633059201708,793.2712351364335,3.348513815899721,0.658532488286993
2003-09-07,0.07614091565316938,3.67,KERVILCO,0.0,281.5209472230745,0.0,9.933266104074931,2.4442061707316705,732.6255633326987,2.584482404381291,0.3646925690338649
2003-09-08,0.0719915469527242,3.47,KERVILCO,0.640742735792756,477.94808440823954,0.0,17.407408962876218,2.16487870740774,665.0689372581586,3.8502696674598655,0.6639427799949795
2003-09-09,0.08319484244392622,4.01,KERVILCO,19.66184593347427,240.3326572401584,0.0,9.87943595235056,1.2828877548978832,672.5556501701013,2.2635759897610663,0.2919781740450756
2003-09-10,0.13381714058935765,6.45,KERVILCO,0.0,215.5268072731456,0.0,4.460766726571048,-1.013490402846916,569.4611904391442,2.45378499861577,0.3189947422417677
2003-09-11,0.08340231087894846,4.02,KERVILCO,0.0,315.5754562692236,0.0,6.091949374708441,-2.0690679133745653,525.5005845114981,2.7256774853709578,0.358041926134482
2003-09-12,0.07676332095823617,3.7,KERVILCO,0.0,486.2322929773049,0.0,14.517057004266404,-0.5042028576089769,575.8623131326161,3.716850424720492,0.5768245706226673
2003-09-13,0.07261395225779096,3.5,KERVILCO,0.0,472.462310434566,0.0,11.401973694407218,-2.6060194334829148,502.7682463006248,2.6536649457587447,0.4450437661229003
2003-09-14,0.07074673634259063,3.41,KERVILCO,0.0,533.3772733001034,0.0,13.66284251050431,-5.176213120919116,404.26171037394,3.1518954171947486,0.571470794190877
2003-09-15,0.06950192573245706,3.35,KERVILCO,0.0,489.2414590092269,0.0,15.816241359548847,-0.1206825065167533,588.3061733082733,4.0283328423638585,0.7690744277070373
2003-09-16,0.0668048360771677,3.22,KERVILCO,0.0,447.7937684058032,0.0,16.86429633210731,2.902449837802337,734.8021756690382,4.050489506496652,0.8490769493651665
2003-09-17,0.06535255703201187,3.15,KERVILCO,0.0,509.1596553802872,0.0,17.67178469550601,-0.4998725467407037,559.2347418395482,4.302122475386802,0.7593699844858339
2003-09-18,0.07821560000339199,3.77,KERVILCO,0.0,501.5185945397951,0.0,11.80484542779718,-5.344136284614006,404.0815667381565,2.862048997573101,0.526332345330288
2003-09-19,0.08298737400890396,4.0,KERVILCO,0.0,503.9665692234741,0.0,15.483092375830816,-2.412818211128039,490.0419939057704,3.726495613714951,0.7253971731165698
2003-09-20,0.08132762652872588,3.92,KERVILCO,0.0,442.956371744938,0.0,14.54809660589607,0.3873172277588206,615.6934975353098,3.693857371003802,0.7111475025987487
2003-09-21,0.07946041061352555,3.83,KERVILCO,0.0,479.9563547765108,0.0,15.549894214037442,-1.065095002296336,545.5721968312237,3.877594259994281,0.7591519196324411
2003-09-22,0.07842306843841423,3.78,KERVILCO,0.0,494.4027220467149,0.0,18.224626452469565,-0.2193657469885417,570.9995586116884,4.042580254664775,0.9246726260618112
2003-09-23,0.07738572626330295,3.73,KERVILCO,0.0,444.2457368991675,0.0,18.019722793222137,2.766145875031792,723.6331353357821,4.645569290330472,1.0030333511778045
2003-09-24,0.07593344721814713,3.66,KERVILCO,0.0,487.4611857971738,0.0,20.09855341447188,1.2846374473767923,636.4107657363343,3.4892796702180418,1.0163828637876755
2003-09-25,0.07572597878312486,3.65,KERVILCO,0.0,469.19285853067504,0.0,19.365291635826143,1.6769631649695254,662.6957574020321,4.599941719471291,1.0576884482494866
2003-09-26,0.07489610504303582,3.61,KERVILCO,0.0,470.2011743427288,0.0,21.21736651316472,2.8418179182818903,716.5512945355362,4.6235656191880565,1.0177998616074109
2003-09-27,0.0744811681729913,3.59,KERVILCO,0.0,446.94873598610405,0.0,18.66933450714404,1.837554493068177,681.9778552303371,4.138507543992712,0.9155284785826882
2003-09-28,0.07406623130294678,3.57,KERVILCO,0.0,441.4922362645532,0.0,17.38468164310873,0.761663508384578,635.4571632907489,3.6504370406092006,0.8160521260379244
2003-09-29,0.07344382599788,3.54,KERVILCO,0.0,433.89892862472345,0.0,18.73322275670204,1.9827832571698776,693.3233215244696,4.1562383807458,0.8791048885867472
2003-09-30,0.07302888912783548,3.52,KERVILCO,0.0,402.00114225778754,0.0,17.311161418940316,2.390588665856668,719.7374013534088,4.03241364316676,0.9094150988084776
2003-10-01,0.07344382599788,3.54,KERVILCO,6.5075302173213005,311.946249922089,0.0,18.50707767424752,2.7124797696182807,740.701628069684,3.804984096853845,0.8778323931767975
2003-10-02,0.08112015809370363,3.91,KERVILCO,8.04485673838727,164.94470401852908,0.0,8.182431159902185,1.1582476590318402,665.2848137739414,2.494515336233029,0.5663318044403214
2003-10-03,0.09502054324019504,4.58,KERVILCO,9.385458364537788,82.58915847837221,0.0,3.395222454692215,0.2697657332101241,624.2027426584442,2.1255406206020924,0.3661493305117513
2003-10-04,0.11493751300233199,5.54,KERVILCO,0.1344617490446955,256.55753108154056,0.0,8.613550631386133,0.3347948490411157,627.1065799062818,1.9385398364948525,0.3453394980441472
2003-10-05,0.08858902175450498,4.27,KERVILCO,0.0,352.6894127527555,0.0,12.16581011392889,0.2434634429010826,622.0023466617167,2.3276059023770896,0.5622953426244474
2003-10-06,0.08630686896926013,4.16,KERVILCO,0.0,376.6891086676495,0.0,13.362620218443336,0.1080692827272399,615.6601798102082,2.402121702488844,0.6655041633596485
2003-10-07,0.08215750026881492,3.96,KERVILCO,0.0,348.2220357909051,0.0,13.246128255803432,1.1542590874294083,664.041558533436,2.7202671849705027,0.6705641572919567
2003-10-08,0.07925294217850329,3.82,KERVILCO,0.0,403.56240722254114,0.0,16.407016367076228,1.021907757865625,658.0679404379417,2.984520278363049,0.6642966598945707
2003-10-09,0.07821560000339199,3.77,KERVILCO,0.0,413.3830612064309,0.0,17.154245829067314,0.610913442933541,638.9301854429666,3.017878493208769,0.7963480836325391
2003-10-10,0.07738572626330295,3.73,KERVILCO,0.0,324.67132847629097,0.0,13.913068455438449,2.239115161968208,718.5221738380855,3.320988992959076,0.693812226262181
2003-10-11,0.07676332095823617,3.7,KERVILCO,0.0,353.061036781092,0.0,11.750800630629062,-1.4511906404868484,549.7214317092015,2.9456676022946384,0.610360646899625
2003-10-12,0.07572597878312486,3.65,KERVILCO,0.0,391.52419224111,0.0,15.1308901485542,-0.6714052757569539,581.6116233933076,3.510345655734644,0.7559662790771475
2003-10-13,0.07572597878312486,3.65,KERVILCO,0.0,339.2675470204477,0.0,8.458116874429521,-4.155569217743833,449.4632868752028,3.069893869725819,0.5026775797426332
2003-10-14,0.06908698886241256,3.33,KERVILCO,0.0,414.98755732401736,0.0,11.38925659563302,-6.220097849180305,383.93902933880406,3.022843421642041,0.6295264650145282
2003-10-15,0.07385876286792453,3.56,KERVILCO,0.0,335.01643328574505,0.0,12.835263396415426,-0.0927200429414246,606.7979050969798,3.6630008503195177,0.7352055115991893
2003-10-16,0.07427369973796906,3.58,KERVILCO,0.0,360.64913032752366,0.0,14.522447819059366,-0.045300323099606,608.8025388313665,3.612322753298712,0.6892619019403445
2003-10-17,0.05809116180623278,2.8,KERVILCO,0.0,400.71741863396846,0.0,18.057563482316727,0.2559592024440568,622.2101708081775,3.495723148125516,0.8569539963042714
2003-10-18,0.05331938780072079,2.57,KERVILCO,0.0,407.2944733790204,0.0,19.56544135634044,0.6377195459856384,639.7598492434283,3.13834404783524,0.9823634153193735
2003-10-19,0.05331938780072079,2.57,KERVILCO,0.0,388.8388747399685,0.0,19.011975692570545,1.5479557989504544,683.0536757251443,3.469896219688376,1.0289843533999956
2003-10-20,0.05456419841085435,2.63,KERVILCO,0.0,380.5311841614048,0.0,17.545028489416147,0.6062507086353299,638.1999719739143,3.246497427396524,0.9257409850918972
2003-10-21,0.054771666845876615,2.64,KERVILCO,0.0,385.1444924914268,0.0,19.27898375174237,1.4896742211836578,680.1767828594384,2.784348488060284,1.0675518566179796
2003-10-22,0.052282045625609494,2.52,KERVILCO,0.0,374.5700855004419,0.0,20.13781796489944,2.9239932140182647,753.5561477880997,3.1443673441967097,1.0975428590924965
2003-10-23,0.051659640320542724,2.49,KERVILCO,0.0,342.4325578970179,0.0,16.92531191431176,2.14093641342488,712.6484362488719,3.859615506802474,0.9601498358654528
2003-10-24,0.050829766580453684,2.45,KERVILCO,0.0,363.2774377735098,0.0,14.132754013719335,-1.8506126237417004,534.022892142115,3.177495262586417,0.674248176703441
2003-10-25,0.049584955970320116,2.39,KERVILCO,0.0,296.7875525211876,0.0,1.2794509189685792,-10.068139827516026,287.51503228152694,1.5958084500350478,0.2950603143434422
2003-10-26,0.03900406578418486,1.88,KERVILCO,0.0,398.0058224047684,0.0,7.526811735026511,-11.466705954081602,255.4500485806413,2.0766891380113432,0.3686808288267958
2003-10-27,0.051867108755564974,2.5,KERVILCO,0.0,258.1851485493155,0.0,6.639979033632218,-3.5057878313927446,471.59392002142914,2.980150375694353,0.5268208895123212
2003-10-28,0.052696982495654014,2.54,KERVILCO,0.0,257.7136716027373,0.0,9.523459835713536,-0.6197404438092791,583.73054065738,2.742367382450377,0.4768967212698376
2003-10-29,0.05331938780072079,2.57,KERVILCO,0.0,327.11266417870064,0.0,13.953438115990272,0.1429266899224521,617.6078706177528,3.1387220246514715,0.625717151138629
2003-10-30,0.052282045625609494,2.52,KERVILCO,0.0,295.6688860575614,0.0,10.765070381102989,-1.0359472259221474,566.6123294094702,2.4695216697891405,0.4707644916065504
2003-10-31,0.050829766580453684,2.45,KERVILCO,0.0,262.47654382802733,0.0,7.14464978671765,-2.933236838731864,492.420837970023,2.5751324628284946,0.5183007712382206
2003-11-01,0.05311191936569854,2.56,KERVILCO,7.76037072879908,122.70063641690872,0.0,4.719369404167429,-1.5626861012452846,544.7778559773581,2.4858803027584835,0.4750033812835719
2003-11-02,0.05663888276107695,2.73,KERVILCO,6.635584503952738,128.7520056033324,0.0,5.742396961988726,-0.850061895679082,574.3408378262651,2.0285126039190136,0.397757061700774
2003-11-03,0.06224053050667798,3.0,KERVILCO,0.0,266.27676643705945,0.0,3.276629739096569,-7.142442848681531,362.5948727109389,1.643433264882976,0.288005103830716
2003-11-04,0.05103723501547593,2.46,KERVILCO,0.0,287.12507889115363,0.0,0.225284680709516,-11.29680442226131,259.6935545535522,1.5443594751689351,0.2563622445844937
2003-11-05,0.03423229177867288,1.65,KERVILCO,0.0,253.94322185904164,0.0,-0.562556987620965,-10.5370337294047,274.50017136395473,1.1104571350140249,0.1878564999988641
2003-11-06,0.04211609230951876,2.03,KERVILCO,0.0,318.3039165145327,0.0,1.9688722515155,-11.745092037739534,250.1454176820102,1.1760593329264253,0.2144758905257795
2003-11-07,0.05041482971040916,2.43,KERVILCO,0.0,251.63539050518824,0.0,2.1989833874373383,-7.916689641296929,337.00715343567634,1.1697590813526186,0.272916717411837
2003-11-08,0.05497913528089887,2.65,KERVILCO,0.0,281.2657554707454,0.0,5.0285215247852015,-6.559637631716568,374.5327311490388,1.4597108468950373,0.3331935793758411
2003-11-09,0.04979242440534238,2.4,KERVILCO,0.0,311.9127038813072,0.0,7.53107486169932,-6.240459900220331,383.8196553580674,1.6953120851099408,0.4224706254992477
2003-11-10,0.05456419841085435,2.63,KERVILCO,0.0,119.103693761626,0.0,1.944617483578815,-2.624191869459972,503.7345384326951,1.515814853636446,0.30898423132119
2003-11-11,0.05290445093067627,2.55,KERVILCO,0.0,185.4745039897832,0.0,1.695156888819915,-5.375274356107879,411.0577876303724,1.729561310199878,0.2958429152884383
2003-11-12,0.04460571352978588,2.15,KERVILCO,0.0,262.7073338702096,0.0,2.370573686704205,-8.077672295933581,334.5404478102764,1.802914686272186,0.3933386750260684
2003-11-13,0.05726128806614373,2.76,KERVILCO,2.43735815728906,112.67227323454104,0.0,0.7005094669310892,-4.416703954599355,440.87798067402446,1.1931737810715457,0.2016250479816775
2003-11-14,0.05041482971040916,2.43,KERVILCO,0.0,140.44285551633956,0.0,-0.0188143555235963,-5.199395691153255,415.5669172871615,1.3749094073484671,0.2362106329508896
2003-11-15,0.04419077665974136,2.13,KERVILCO,0.0,244.75036478463093,0.0,0.9070952779148166,-8.383968261747187,325.8049785762155,1.311590976105931,0.2397062364378204
2003-11-16,0.03589203925885096,1.73,KERVILCO,0.0,310.94240631786965,0.0,2.535837415245662,-10.57460052159173,273.98105710018723,1.2386662706646965,0.2716890909983899
2003-11-17,0.05041482971040916,2.43,KERVILCO,0.0,267.7902607026186,0.0,-2.831880126731721,-12.997460659004632,226.7168591404664,1.1486528322905427,0.1755682294549576
2003-11-18,0.06618243077210091,3.19,KERVILCO,0.0,329.5798646684995,0.0,-0.3428747767576894,-14.929477542304566,193.4747086863547,1.0748803253987202,0.150245271891644
2003-11-19,0.08672180583930464,4.18,KERVILCO,0.0,342.17053064741907,0.0,7.582160331616523,-9.363388243619983,301.0309422823566,1.5113946667233549,0.3123051614096857
2003-11-20,0.07883800530845878,3.8,KERVILCO,0.0,311.8582507637408,0.0,8.538559087203197,-5.197951149620758,415.0930598138601,1.744420768734556,0.3877098629049865
2003-11-21,0.07655585252321391,3.69,KERVILCO,0.0,312.86214647359424,0.0,6.640850898045391,-7.082367301855996,359.4469541610805,1.4155077127040812,0.2892092160313052
2003-11-22,0.0751035734780581,3.62,KERVILCO,0.0,349.66193569666115,0.0,0.8017806386060216,-18.54649693009652,144.2399164076506,1.0144937570402657,0.1502506000767598
2003-11-23,0.08506205835912656,4.1,KERVILCO,0.0,269.56810219349524,0.0,-12.4962164438456,-22.90627602025684,98.07464439537054,0.6548226214743254,0.0815658408298422
2003-11-24,0.08838155331948272,4.26,KERVILCO,0.0,343.89026768304103,0.0,1.2302469105695688,-17.548237937472035,154.52158929028212,0.9571031261544024,0.1498462208650983
2003-11-25,0.14460549921051513,6.97,KERVILCO,0.0,271.9571821297756,0.0,-0.0396030031563994,-10.998860952227464,264.11772578677613,0.9660817981658848,0.1543820118041611
2003-11-26,0.21576717242315033,10.4,KERVILCO,0.0,220.53056323110576,0.0,-6.574782549527668,-14.805770878117285,194.47516191773303,0.8818398194639765,0.1376186631663813
2003-11-27,0.1180495395276659,5.69,KERVILCO,0.0,289.717788555131,0.0,-8.387113568913797,-20.504013234797608,120.97667562911202,0.6867431338726115,0.0980503111739287
2003-11-28,0.0879666164494382,4.24,KERVILCO,0.0,339.93180795122254,0.0,0.934723973559476,-18.48156461740769,142.6890207492295,0.9692927397791792,0.1636272427586564
2003-11-29,0.13775904085478058,6.64,KERVILCO,0.0,291.7233981563822,0.0,5.1686027052160455,-8.193257147958562,329.7172584326779,1.4013591356624333,0.2562465307019419
2003-11-30,0.30497859948272205,14.7,KERVILCO,0.0,310.27758998464014,0.0,10.258879558103326,-5.691547064720735,399.1709727354286,1.40888170947894,0.346220808556217
2003-12-01,0.5456419841085436,26.3,KERVILCO,0.0,305.9290008174255,0.0,9.735443383047684,-6.129203655403121,386.51475292905366,1.4461135722956855,0.4944711417363395
2003-12-02,0.44398245094763616,21.4,KERVILCO,0.0,256.5683845798527,0.0,3.2968333822650178,-8.290601963505152,327.1291228820511,1.765852580316126,0.3356190399404042
2003-12-03,0.33194949603561585,16.0,KERVILCO,0.0,288.3338281616808,0.0,2.765518282820275,-11.34617884926842,257.323518350713,1.3041299035166676,0.2662158650451006
2003-12-04,0.21784185677337292,10.5,KERVILCO,0.0,288.1759973428066,0.0,4.036882298440413,-10.339057962476572,278.43279070081604,1.3241562092963926,0.2762336070755905
2003-12-05,0.10560143342633029,5.09,KERVILCO,0.0,264.2690308362584,0.0,3.1671638212455173,-9.365576492863791,300.44908195049527,1.0339681598188988,0.2843896512062768
2003-12-06,0.130912582499046,6.31,KERVILCO,0.0,244.10889085854265,0.0,6.399894862550893,-4.89469766605714,417.2616978281291,1.442944230515566,0.3595269200343752
2003-12-07,0.1282154928437566,6.18,KERVILCO,0.0,197.25441471762625,0.0,3.008631328505432,-5.639612343365976,400.7794093049223,1.2470452865087778,0.2680894718506837
2003-12-08,0.09087117453974983,4.38,KERVILCO,7.15910884623226,170.81395815955662,7.15910884623226,-0.8402212911974491,-9.81020063784455,290.3188046436375,0.8170545017801383,0.1481797130216433
2003-12-09,0.08941889549459402,4.31,KERVILCO,0.0,254.13980284115152,7.15910884623226,-7.221943703932572,-17.13376886714283,159.54040303547166,0.8510856327072469,0.132119301848989
2003-12-10,0.09834003820055119,4.74,KERVILCO,0.0,337.04719533961867,7.15910884623226,0.0051023254226736,-16.552326588990717,149.34336601329173,1.0662185108577158,0.2015247227902547
2003-12-11,0.12219890822811108,5.89,KERVILCO,0.0,306.62877005524126,7.15910884623226,-2.635493660317473,-16.443201862188083,161.6407174682313,0.8335306542589558,0.1605588618886221
2003-12-12,0.09585041698028408,4.62,KERVILCO,0.0,288.2146820751809,7.15910884623226,-4.459616319339276,-17.015782170040087,158.4822737721809,0.8700497137370042,0.1446633750853521
2003-12-13,0.07883800530845878,3.8,KERVILCO,0.0,289.0931755005749,7.15910884623226,-4.784145953694833,-17.667753805690065,150.29732687387383,0.9173807924485858,0.1417651900099357
2003-12-14,0.08070522122365911,3.89,KERVILCO,0.0,269.24067999805607,7.15910884623226,3.169719488052461,-8.812726317632263,289.8461802776062,1.0052630340020423,0.1846398160591474
2003-12-15,0.08506205835912656,4.1,KERVILCO,0.0,296.53532421397296,7.15910884623226,-6.064064428868271,-19.91361912255803,127.03702157768156,0.7459004869862036,0.1026443432262703
2003-12-16,0.08132762652872588,3.92,KERVILCO,0.0,308.9990305350127,7.15910884623226,-5.692598900816088,-20.673080742202472,116.25598540154874,0.9764079228145208,0.1549795602077411
2003-12-17,0.07655585252321391,3.69,KERVILCO,0.0,319.23816952739173,7.15910884623226,2.2371997576460307,-14.26168613834336,178.60890628184694,1.4462518768776105,0.2563712154782389
2003-12-18,0.07759319469832521,3.74,KERVILCO,0.0,319.475350051072,7.15910884623226,4.824048130973433,-11.916288310511726,207.3297885146968,1.3483714488043663,0.2804427321584112
2003-12-19,0.08402471618401526,4.05,KERVILCO,0.0,326.352660791088,7.15910884623226,7.312419877600216,-10.356925897584626,223.84248162909043,1.3508101936140526,0.3141348625326477
2003-12-20,0.08734421114437142,4.21,KERVILCO,0.0,299.4735508559808,7.15910884623226,7.456793451621794,-7.508526831909937,290.27678123175315,1.49313816303128,0.3362610272091044
2003-12-21,0.083817247748993,4.04,KERVILCO,0.0,208.8719892973733,7.157687927196081,2.3909477307797617,-6.819334158250478,358.61772648139595,1.011495045177838,0.2264502902660055
2003-12-22,0.08443965305405979,4.07,KERVILCO,0.0,244.329422992286,7.157687927196081,-2.0650833632381342,-12.655995809600691,229.937443741879,0.8774276129426127,0.1557606587741883
2003-12-23,0.08008281591859233,3.86,KERVILCO,0.0,324.22493415957695,7.157687927196081,3.1880935698728803,-13.87056502560912,180.96843175744308,1.2994045708081172,0.2688343074922852
2003-12-24,0.07323635756285773,3.53,KERVILCO,0.0,306.6835835988001,7.157687927196081,3.70952779775229,-11.352119424189118,224.07937597748463,1.055442309715574,0.3493287983676457
2003-12-25,0.07012433103752384,3.38,KERVILCO,0.0,243.53550883003703,7.157687927196081,-0.0041286480817873,-10.696058659247129,263.77950435716,1.0320213574989636,0.2115639734838827
2003-12-26,0.07240648382276872,3.49,KERVILCO,0.0,259.13142366787906,7.157687927196081,-1.501964333657008,-13.038821985374804,220.1017938972944,1.033110262508547,0.1736932126871817
2003-12-27,0.09585041698028408,4.62,KERVILCO,0.0,184.53238290834545,7.157687927196081,-10.89513262572302,-18.46464712241896,143.4427429246949,0.6816671627914049,0.0976413153389618
2003-12-28,0.14315322016535936,6.9,KERVILCO,0.0,223.51371169276712,7.157687927196081,-13.488792391601828,-22.62744831227253,100.22137779034512,0.7141473277089744,0.1007899044843399
2003-12-29,0.14709512043078227,7.09,KERVILCO,0.0,271.52579426772576,7.157687927196081,-8.897307569352028,-20.634137325471567,118.12484643009556,0.3273210378499411,0.0346979635308361
2003-12-30,0.06286293581174475,3.03,KERVILCO,0.0,249.0901912305722,7.157687927196081,-2.2859305749760104,-12.778810707726482,224.521598528778,0.7928365921165731,0.146347982684672
2003-12-31,0.0668048360771677,3.22,KERVILCO,0.0,250.60518426201105,7.157687927196081,0.1938251629669503,-10.06361016106603,262.8998348254745,0.7696594429557199,0.1656197514166186
2004-01-01,0.07365129443290226,3.55,KERVILCO,8.426447367787953,206.37749399222827,109.60220088033978,0.1096668972278215,-10.233726323525614,280.9422022468624,1.1614614272767394,0.2242139952157422
2004-01-02,0.2966798620818317,14.3,KERVILCO,16.189424725587408,78.95219239074379,125.04432214000236,-2.989265586484662,-6.686299616380253,370.43391241907807,0.8492791599880014,0.1507960807772937
2004-01-03,0.6431521485690057,31.0,KERVILCO,12.2727656587698,186.1704898709953,137.3176257261155,-4.302281804756929,-13.568094595264608,215.5304698844444,0.7898239609639875,0.1367531377234688
2004-01-04,0.8775914801441593,42.3,KERVILCO,0.0,334.4498803287668,137.3176257261155,-10.472145025236095,-23.98323945388878,88.96602652728319,0.6799038873320274,0.1038473333302734
2004-01-05,0.9585041698028409,46.2,KERVILCO,0.0,312.5643986704536,137.3176257261155,-11.54479252119072,-23.803030541096177,89.4261143060378,0.7205131467215958,0.1047280627653617
2004-01-06,0.9543548011023956,46.0,KERVILCO,0.0,378.4198700161387,137.3176257261155,-0.0334943922106459,-17.401765643806527,156.013407481228,0.971393622664508,0.165575539474499
2004-01-07,1.1244789178206487,54.2,KERVILCO,0.0,330.87070634503067,137.3176257261155,0.0108648646252982,-13.401347062341076,217.57218266006305,1.134363455612296,0.2007631786478279
2004-01-08,0.9460560637015052,45.6,KERVILCO,0.0,213.74756912958068,137.3176257261155,-1.0246953507440613,-8.815811068558432,313.923825724296,1.1395680239456778,0.1828550977043504
2004-01-09,0.019294564457070174,0.93,KERVILCO,0.0,359.70683656753243,137.3176257261155,4.893396897068604,-10.486168900709073,275.10462901645496,1.2977038198753317,0.250435525841084
2004-01-10,0.019294564457070174,0.93,KERVILCO,0.0,362.0824252680762,137.3176257261155,6.059782044018238,-9.42153139857936,299.3192477817008,1.353207010111473,0.2994850825407172
2004-01-11,0.019294564457070174,0.93,KERVILCO,0.0,378.9615050664278,137.3176257261155,6.578309534552142,-10.306422100769762,279.09444827988386,1.4830057298175934,0.3233926454007633
2004-01-12,0.006846458355734577,0.33,KERVILCO,0.0,380.6574645876263,137.3176257261155,5.589401008023553,-11.231148759742211,259.2521541088077,1.332475033390642,0.3245478206329674
2004-01-13,0.0,0.0,KERVILCO,0.0,376.0151262192245,137.3176257261155,4.197180459679537,-11.876893944543696,246.1392349929152,1.575463927588302,0.3249638497220519
2004-01-14,0.0,0.0,KERVILCO,0.0,400.1305399320911,137.3176257261155,6.124336973267551,-12.465081695121745,234.73432380681595,1.3398226674775435,0.3605554734280865
2004-01-15,0.0,0.0,KERVILCO,0.0,345.8871387107088,137.3176257261155,3.976274676776909,-9.537802097924414,296.58507031475045,0.9726586975332052,0.2509627948584507
2004-01-16,0.0,0.0,KERVILCO,0.0,207.32989272469595,137.3176257261155,-0.2392056796659844,-7.44207346646037,349.3771980313318,0.8480806448769762,0.15729343127119
2004-01-17,0.0,0.0,KERVILCO,0.0,347.138958090907,137.3176257261155,1.3008309103030848,-11.912914711878996,245.747937267733,0.7640965715279292,0.1725468027654086
2004-01-18,0.0,0.0,KERVILCO,0.0,386.2539234377811,137.3176257261155,1.8657758545890024,-13.98007685891174,207.5198547605992,1.257810556574402,0.2330979670652284
2004-01-19,0.0,0.0,KERVILCO,0.8333273464731084,334.6642756168072,138.15120319144182,0.0763145999076207,-13.41733718133402,217.3751309632755,1.0867444676375624,0.1909431147840565
2004-01-20,0.0,0.0,KERVILCO,0.0,137.36167597370036,138.15120319144182,-5.8094542697639815,-10.233965874511645,280.7098774673387,0.8024134642272334,0.1426849289459161
2004-01-21,0.0,0.0,KERVILCO,0.0,361.1014749768737,138.15120319144182,-2.670318791940365,-16.025846080126925,175.44205163163133,0.8507194195423329,0.1476103766839268
2004-01-22,0.0,0.0,KERVILCO,0.0,398.46914705856176,138.15120319144182,0.1889181712488657,-15.718960130398358,179.67073873026288,1.2003499611670203,0.2080448015828619
2004-01-23,0.0,0.0,KERVILCO,0.0,424.0199299120777,138.15120319144182,2.5621989314351663,-15.741570661605165,179.43355830204214,1.5913649176619846,0.2951604123460818
2004-01-24,0.0,0.0,KERVILCO,0.0,395.8120280301321,138.15120319144182,1.6699630642948018,-13.666012783145108,212.96194822987923,1.4374455525543386,0.2727886156576103
2004-01-25,0.0,0.0,KERVILCO,0.0,366.1381303334625,138.15120319144182,-3.7664533744560176,-16.792504418285425,164.3630983324036,0.9923384917928416,0.1424058839244389
2004-01-26,0.0,0.0,KERVILCO,0.0,297.6650292083414,138.15120319144182,-12.518312202150986,-22.16850655770161,104.48843062857397,0.765875996613018,0.1016000204571991
2004-01-27,0.0,0.0,KERVILCO,0.0,388.7923803815335,138.15120319144182,-5.833377919606941,-19.8910118838776,126.11896823282504,0.9544496715320716,0.1363043960801579
2004-01-28,0.0,0.0,KERVILCO,0.0,351.0613241323572,138.15120319144182,-1.2509959746956825,-13.2487387801402,220.3671579735755,1.1033835683855602,0.1642179973099931
2004-01-29,0.0,0.0,KERVILCO,0.0,320.19059419462184,138.15120319144182,-0.9671834544110862,-11.622894082798192,251.2636080908144,1.142428114378037,0.168504547006562
2004-01-30,0.0,0.0,KERVILCO,0.0,413.4244464778936,138.15120319144182,4.190232284850302,-11.228065250899792,259.28385820592206,1.175865869970989,0.1841318340033212
2004-01-31,0.0,0.0,KERVILCO,6.366268351876886,205.73625588401987,144.5170899407328,-2.945733573337684,-11.438567072066812,254.9962770793924,0.7904915732058635,0.1146592850406107
2004-02-01,0.0,0.0,KERVILCO,0.0,346.4104421592182,144.5170899407328,-7.140893145609743,-18.27939864802188,146.32844053084813,0.8989095289430852,0.1225542437687701
2004-02-02,0.0,0.0,KERVILCO,6.837737499689734,243.3141958155389,151.35458383163177,-5.000013672545059,-14.757674210686671,194.61492736720945,0.9719078933544866,0.1448901835182539
2004-02-03,0.0,0.0,KERVILCO,5.87420285226089,235.0856485127221,157.22938665223907,-3.3406465674140065,-13.019172086052755,224.4129741879804,0.9471358989230062,0.146484383151978
2004-02-04,0.0,0.0,KERVILCO,0.0,203.2649820063785,157.22938665223907,-7.165891973497327,-12.982268824759334,225.09154260399333,0.9207161873939022,0.1268688584576688
2004-02-05,0.0,0.0,KERVILCO,0.0,395.25583628599617,157.22938665223907,-5.770580368880437,-18.106442691680744,147.12273854321728,0.8969024742610812,0.1268946700181657
2004-02-06,0.0,0.0,KERVILCO,0.0,380.36179905293807,157.22938665223907,-9.077316893447811,-20.625593376661087,118.38680556479687,0.9952952367371404,0.1327069252704623
2004-02-07,0.0,0.0,KERVILCO,0.0,494.1619341906359,157.22938665223907,0.7957262646469244,-19.02690728616525,135.82829340420358,1.2853382105660889,0.2133990829721679
2004-02-08,0.0,0.0,KERVILCO,0.0,285.3506402783076,157.22938665223907,-8.1187444631004,-16.26352873575564,171.71047190865218,0.9272504311596302,0.1209300391688164
2004-02-09,0.002904558090311639,0.14,KERVILCO,0.0,458.95658138915326,157.22938665223907,-3.4985827631587174,-18.762586581124268,138.9479084972661,0.8728013395438008,0.1273901211046081
2004-02-10,0.0062240530506677974,0.3,KERVILCO,0.0,484.6828707197117,157.22938665223907,-1.879286210103216,-18.942325369831195,136.8182080920606,1.0306209757170866,0.1557664397439125
2004-02-11,0.0062240530506677974,0.3,KERVILCO,0.6559069577534741,342.8994172014917,157.8853020284827,-8.700757357178546,-18.347394806649028,144.06638617126967,0.922771277933374,0.1470878076140886
2004-02-12,0.0062240530506677974,0.3,KERVILCO,0.0,479.7376626807995,157.8853020284827,-8.772752658177815,-24.27274331598726,85.72913218295089,0.7181759732229167,0.10519189801605
2004-02-13,0.0062240530506677974,0.3,KERVILCO,0.0,529.0909720747679,157.8853020284827,-5.989946075550655,-26.331811628684104,71.03880286701492,0.971508106290114,0.134016531569395
2004-02-14,0.0062240530506677974,0.3,KERVILCO,0.0,542.9131779665162,157.8853020284827,2.6254703679864995,-20.773184993152743,116.73814706750642,1.4031902999712274,0.235158443799519
2004-02-15,0.0062240530506677974,0.3,KERVILCO,0.0,500.18632242119554,157.8853020284827,1.270780003244185,-16.111808584571932,173.91347969458593,1.3677495722246908,0.200534944800917
2004-02-16,0.0062240530506677974,0.3,KERVILCO,0.0,433.57527940924086,157.8853020284827,-1.4420714804028163,-14.558672625063853,197.8957491619512,1.2958186852357176,0.1776919039395529
2004-02-17,0.0062240530506677974,0.3,KERVILCO,0.0,494.8219359191832,157.8853020284827,5.97631160801395,-10.652571953369227,268.33244218115743,1.4322667743420978,0.2090447440662621
2004-02-18,0.0062240530506677974,0.3,KERVILCO,0.0,467.6572308581759,157.8853020284827,7.343457443068094,-7.435902295574834,346.3895324481585,1.6962188915073264,0.307703216134766
2004-02-19,0.0062240530506677974,0.3,KERVILCO,0.0,264.8476911244396,157.87857567489274,1.0749678858917986,-6.129278529991877,386.52543564124585,1.4531212609475366,0.2163421663369106
2004-02-20,0.0062240530506677974,0.3,KERVILCO,0.0,407.2658772526484,157.87857567489274,0.0640457865738477,-11.370574353249088,256.0249276171508,1.1601565033460215,0.1528853444042076
2004-02-21,0.0062240530506677974,0.3,KERVILCO,0.0,360.89917953281497,157.87857567489274,-0.1599317839063169,-9.739002411434772,291.91874126434203,1.08549441340513,0.1408347353008951
2004-02-22,0.0062240530506677974,0.3,KERVILCO,0.0,387.4361052834123,157.87857567489274,-0.4516292296606983,-10.594925991330769,273.2104257595869,1.2110846390351613,0.1651048684464009
2004-02-23,0.0062240530506677974,0.3,KERVILCO,1.1108129505849174,385.6735423092105,158.9888621381006,1.0417829721386689,-9.836745516186223,286.78744060969154,1.2031139895438454,0.1506051266491106
2004-02-24,0.0062240530506677974,0.3,KERVILCO,0.0,272.9435597261349,158.9888621381006,-1.8769205616770528,-8.491402278600692,321.9481689111909,1.194755487053499,0.1476081410538023
2004-02-25,0.0062240530506677974,0.3,KERVILCO,0.0,488.90686615631046,158.9888621381006,1.6844760519872792,-11.886637368236643,234.4537108382831,1.2927627510121769,0.159299958233363
2004-02-26,0.0062240530506677974,0.3,KERVILCO,0.0,531.4600118620773,158.9888621381006,4.936873630606066,-11.019204709038853,236.6541685962681,1.603004306335623,0.2570506546434748
2004-02-27,0.0062240530506677974,0.3,KERVILCO,0.0,443.283910490797,158.95366209277117,4.562999569839349,-6.951521407379325,341.10315975922805,1.578285988283762,0.2160126248711829
2004-02-28,0.0062240530506677974,0.3,KERVILCO,0.0,404.2710952192634,158.95366209277117,-1.159715818547372,-11.07395427749302,233.84425271390856,1.2434085804762915,0.1539330145271681
2004-02-29,0.0062240530506677974,0.3,KERVILCO,0.0644391195567244,269.0098108504443,159.0180781541111,-7.0812874750219725,-13.146221055210477,219.1005994023621,1.2468320535806598,0.1476201751509552
2004-03-01,0.0062240530506677974,0.3,KERVILCO,0.0,533.1764279777112,159.0180781541111,-0.6464187519485428,-15.360451263086771,144.17465001194134,1.2303284652074218,0.1398859168948765
2004-03-02,0.0062240530506677974,0.3,KERVILCO,0.0,335.5827084008455,159.0180781541111,-4.057571795818467,-11.727904241980225,234.16144257084332,1.1486518204277647,0.1288629460469057
2004-03-03,0.0062240530506677974,0.3,KERVILCO,0.0,493.72077975153,159.0180781541111,2.147437018159498,-10.390652583627702,209.78707252993195,1.2106298263535271,0.1123885724645562
2004-03-04,0.0062240530506677974,0.3,KERVILCO,0.0,508.6102658927092,159.0180781541111,2.053947621370545,-11.06296897244721,195.91377407913183,1.2771475270704395,0.1306613691440973
2004-03-05,0.0062240530506677974,0.3,KERVILCO,0.0,314.3111355430468,159.0180781541111,-5.404080374425024,-12.46889221476642,225.59519606006955,1.2933796288221275,0.1519903178725924
2004-03-06,0.0062240530506677974,0.3,KERVILCO,0.0,490.7335031981683,159.0180781541111,0.5944298137905865,-11.677154511946192,192.10540879663304,1.559205576606386,0.1796626597813971
2004-03-07,0.0062240530506677974,0.3,KERVILCO,0.0,572.1975730796221,159.0180781541111,8.789024331003123,-7.457973786580304,209.13178655296824,1.8432345754679524,0.2337061055154595
2004-03-08,0.0062240530506677974,0.3,KERVILCO,0.0,563.990811464017,158.52962345731217,10.551859444522416,-4.842660128425663,248.48219917162555,2.599746020374741,0.502969769618344
2004-03-09,0.005394179310578758,0.26,KERVILCO,0.0,535.157121655596,157.55562521456042,10.356631749672232,-3.679669226732456,283.6531749409386,2.6113256327876084,0.5551262819468687
2004-03-10,0.005809116180623278,0.28,KERVILCO,0.0,516.2897409527502,157.14287584377234,7.996934221380424,-5.0219520265014905,271.4820376440576,2.667725859249752,0.4582140382010745
2004-03-11,0.0062240530506677974,0.3,KERVILCO,0.0,588.9107049408422,157.12704256239334,9.074197205230645,-7.191855172659374,203.7915848249017,2.302777181675,0.4263153872477314
2004-03-12,0.0062240530506677974,0.3,KERVILCO,0.0,585.4420399871001,157.1248572616981,9.771517377888111,-6.40769259918788,215.7568507631672,2.453672102130688,0.4712358540857675
2004-03-13,0.0062240530506677974,0.3,KERVILCO,0.0,558.5368237298188,156.9831758922938,8.590584001264727,-5.866095294675026,235.92577060271552,2.799962105955254,0.4760195800511994
2004-03-14,0.0062240530506677974,0.3,KERVILCO,0.0,558.1258213647069,156.9754041121021,6.388791077549792,-7.625167213372157,213.6919459823776,2.4241440580282423,0.3951029064982495
2004-03-15,0.0062240530506677974,0.3,KERVILCO,0.0,436.4774062042528,156.63646903007404,4.11149079308275,-5.3628222025125885,307.3602466286845,2.62231711010652,0.3610938884332006
2004-03-16,0.0062240530506677974,0.3,KERVILCO,0.0,492.0588562015781,156.4328086530344,5.196017765939533,-5.661352033587501,274.9499823916895,2.5547044033702897,0.3416271257473305
2004-03-17,0.0062240530506677974,0.3,KERVILCO,0.0,519.1283154595034,155.81081319497136,7.254538611851456,-4.518457272156619,279.72277552812324,3.061799165433046,0.4645190651093636
2004-03-18,0.012240637666313335,0.59,KERVILCO,0.0,628.7289603137718,155.57960810240348,10.880506160862138,-5.598666920304428,206.6862482837201,2.9575023638032296,0.5498886566337287
2004-03-19,0.017427348541869832,0.84,KERVILCO,0.0,544.5418537205014,153.72748037574814,11.08727267646047,-1.5905237829247667,315.7349558657591,3.671837037273948,0.7311964369523125
2004-03-20,0.017427348541869832,0.84,KERVILCO,0.0,628.6007409717934,152.17066136569903,14.34472594372719,-2.29288009891359,248.8323770041776,3.440946824633695,0.8776206455132814
2004-03-21,0.017427348541869832,0.84,KERVILCO,0.0,609.4658278984807,150.14112138286424,14.403310978735137,-1.1678836001742443,277.6111873344774,4.345109600659191,0.9684191796887612
2004-03-22,0.017427348541869832,0.84,KERVILCO,0.0,590.2031833379186,148.0008993302085,13.687638978760422,-0.9028252007031946,276.360452101118,3.652722191562281,0.7806395869366775
2004-03-23,0.017427348541869832,0.84,KERVILCO,0.0,507.84592028207817,145.75483895852398,10.83670625073839,-0.6518335485562706,333.39087152711176,3.652728695991785,0.7803678824847554
2004-03-24,0.1655598111477634,7.98,KERVILCO,0.0,557.0008775933778,143.62454201951329,12.08259824970067,-0.9278972404807996,292.7828918139172,3.691005087411329,0.6844486538504864
2004-03-25,0.2261405941742633,10.9,KERVILCO,0.0,584.7009331857196,141.66968134761734,12.943434533364863,-1.3455152913140476,266.6746147612494,3.6838548867096574,0.8061017025362409
2004-03-26,0.22199122547381808,10.7,KERVILCO,0.0,602.4731917390014,139.84206708646778,13.351501155362142,-1.6498542517053718,251.6731058964693,3.709937338670207,0.7566571023288788
2004-03-27,0.2095431193724825,10.1,KERVILCO,0.0,452.1588117004071,139.82218840565648,1.1628880942346536,-8.282691725549721,238.3833137947108,2.91187657769169,0.4329825398457917
2004-03-28,0.182779691254611,8.81,KERVILCO,0.0,474.88234902500886,139.82218840565648,0.3256843434287532,-9.73799944128642,208.62443080466812,2.5680973131856346,0.3640190451947517
2004-03-29,0.16867183767309735,8.13,KERVILCO,0.0,665.4029377211249,139.82218840565648,8.844581195794106,-9.240158057062882,140.5309273135003,3.453760813874956,0.5709421981341398
2004-03-30,0.16742702706296375,8.07,KERVILCO,0.0,665.6163291894343,139.75883557486983,12.407943504217096,-5.967430375292038,146.65179378111822,2.7798570814015595,0.666655753635574
2004-03-31,0.17717804350900995,8.54,KERVILCO,0.0,648.5930711593188,138.79497418399345,13.60806133417769,-3.705196175137788,175.9542660259541,2.8370227488117616,0.5497337607485551
2004-04-01,0.18651412308501167,8.99,KERVILCO,0.0,625.487706862283,137.08753552671192,14.16096502932244,-1.934401516795202,186.3530201665185,3.344782383563868,0.6951228720781386
2004-04-02,0.19585020266101336,9.44,KERVILCO,8.215122978436023,347.0959870244916,135.4733677464497,8.004618473852073,-2.158415684822669,219.7126227728536,3.3174043972239704,0.4634496756117419
2004-04-03,0.19896222918634726,9.59,KERVILCO,5.084713655059054,116.90276990491084,135.14880146332413,-0.9960493869376136,-3.929603338396287,408.045277541729,1.4754292825399624,0.1307977744918051
2004-04-04,0.18651412308501167,8.99,KERVILCO,7.158599390689556,347.66729862354936,136.0218911154616,5.092366309967228,-4.73888722602105,198.29740784964875,1.854283437499278,0.2278761221018751
2004-04-05,0.18443943873478907,8.89,KERVILCO,6.304682010668282,453.3588648697036,134.9641274212958,11.059621639098747,-3.482120730603921,173.06574350185494,2.080206875166224,0.2381343453530484
2004-04-06,0.2510368063769345,12.1,KERVILCO,7.208333181258286,376.8888939279301,133.9912094455651,7.518483236067619,-3.329981699388066,266.8974207886713,2.2449241418941006,0.3132403744181033
2004-04-07,0.21161780372270508,10.2,KERVILCO,4.707127888092944,431.30561972462567,132.72981557712467,10.114759951509583,-2.996327242783106,262.21735264456754,2.431946824344398,0.3725722586126606
2004-04-08,0.2365140159253763,11.4,KERVILCO,8.52987484160622,219.6089135850036,131.00846270093794,3.912271786465398,-1.9025799439653048,491.3514066390685,2.0017234791472,0.2435363902389649
2004-04-09,0.2448127533262667,11.8,KERVILCO,11.510694834782257,409.4826257266539,138.06005033790277,5.227593752450147,-6.43942997310488,279.1709755870261,1.880289776444788,0.1986284027002103
2004-04-10,0.2095431193724825,10.1,KERVILCO,8.284126267124224,273.7867793325362,146.22983972494157,-2.76368738200799,-9.591469476157224,297.7195996339101,1.3085891687173044,0.1145504225278622
2004-04-11,0.21576717242315033,10.4,KERVILCO,0.0,676.5515180751964,146.22983972494157,5.489962046429869,-10.693201241050998,165.62629402538687,1.5368716533892304,0.107113639526172
2004-04-12,0.2095431193724825,10.1,KERVILCO,0.0,664.5327744592006,146.22983972494157,5.630805970880576,-9.655277681542705,178.9895374097149,1.7180383219416977,0.1481115171758768
2004-04-13,0.2074684350222599,10.0,KERVILCO,0.0,736.0280532169209,146.22195477260496,12.022030881254814,-8.906089936916151,149.80545756159233,2.7630948467558656,0.3905318967648694
2004-04-14,0.2199165411235955,10.6,KERVILCO,0.0,580.1907609602738,144.7194321738921,10.066174169827736,-2.423112043076587,310.9896955723367,3.1324568746696952,0.4876015970129438
2004-04-15,0.2199165411235955,10.6,KERVILCO,0.0,606.3592664889935,143.20575630850877,10.917876623747198,-2.3963638359383825,294.80933783824025,3.4937980885648643,0.539588643305076
2004-04-16,0.2385887002755989,11.5,KERVILCO,0.0,605.416249892679,141.13954142579104,12.345452076067549,-1.0795600858707686,315.90886998450287,3.829302235524916,0.6238394642978226
2004-04-17,0.2614102281280475,12.6,KERVILCO,0.0,566.4137261252228,138.2121596295585,12.905875372539958,0.9692100107123512,384.16018372201495,3.855254362253956,0.6112135770322796
2004-04-18,0.27800770292982824,13.4,KERVILCO,0.0,451.3670696715406,137.52253496034788,4.283793197904906,-4.4914298985889936,344.0333640828578,2.9410105327739364,0.4059624237877917
2004-04-19,0.26555959682849267,12.8,KERVILCO,0.0,655.2768848560474,137.28987783032332,9.107567140756244,-5.6176236979493535,220.5826789084411,3.505803994658641,0.5561676876617785
2004-04-20,0.2572608594276023,12.4,KERVILCO,0.0,499.7010157896372,136.3065329714784,6.026976795793516,-3.6627350282416775,331.9805729663463,3.3118504835029587,0.4279813343707203
2004-04-21,0.2448127533262667,11.8,KERVILCO,9.51236601654319,464.158407002042,143.4820954693895,4.641006634966762,-6.313483406876906,293.8881601945028,2.705043109735631,0.3753103829241208
2004-04-22,0.24273806897604408,11.7,KERVILCO,30.4055848067852,355.473990714402,170.55742714878002,1.3178935816977566,-7.341771676081721,333.43051428964816,2.39476611893021,0.2978062556931898
2004-04-23,0.2074684350222599,10.0,KERVILCO,17.120580410989866,248.9232071832764,186.9368795963784,-1.9696619156660664,-7.635806480083509,344.5774980770809,1.6119382476367117,0.1347645865529225
2004-04-24,0.2717836498791605,13.1,KERVILCO,0.0,721.2962388500099,186.9368795963784,4.90502780070254,-10.751721389741697,217.5940548777243,1.894489147509122,0.1600391666201072
2004-04-25,0.26970896552893786,13.0,KERVILCO,0.0,668.6395914136726,186.8583972484458,6.498612361820498,-6.864332000926262,296.33565768597043,2.0350537496114365,0.1902036347098369
2004-04-26,0.25311149072715705,12.2,KERVILCO,0.0,767.312455205139,186.76286887760787,12.476918243686711,-6.753737677250808,252.6625575866323,3.066792818215567,0.4093439582133943
2004-04-27,0.2676342811787153,12.9,KERVILCO,0.0,717.0399217123538,185.42004582048176,13.453932290497546,-2.803805869239162,348.41528933690347,4.008116127682948,0.6239848189691366
2004-04-28,0.28838112468094124,13.9,KERVILCO,0.0,677.668304944014,183.4128177544824,13.10413962107745,-1.220930416596273,406.76079657299056,4.103588908203651,0.6609164624449251
2004-04-29,0.30705328383294467,14.8,KERVILCO,12.234491675297775,483.18135666457687,185.7988375418477,8.190063206107244,-4.702153673854622,398.58638432442336,3.6357031299970246,0.5118895195029602
2004-04-30,0.3526963395378418,17.0,KERVILCO,6.128625673643347,364.8607185543773,189.7483804611425,1.831911750863935,-6.567303260960824,375.7677670545117,2.237120727862635,0.2188580340791441
2004-05-01,0.3651444456391775,17.6,KERVILCO,0.0,743.9148837885427,189.72907560785885,8.176847384958265,-8.171247543723272,257.23533959655475,2.6369427903068003,0.2801934834916178
2004-05-02,0.38174192044095817,18.4,KERVILCO,0.0,741.8009585629075,189.30429682643245,11.462058834393153,-5.220866520691781,306.27322981067283,3.823776321345125,0.5363965577444283
2004-05-03,0.4004140795929616,19.3,KERVILCO,0.0,729.5391480215244,187.47893604948683,15.069556325284312,-1.6540351418023913,372.8133815407282,4.348297842147684,0.6658259856286755
2004-05-04,0.4875508223023108,23.5,KERVILCO,0.0,665.9894580356786,184.47772490855664,15.409296157756687,1.1463342280758124,466.8847755182564,4.649893201681579,0.8153123202222679
2004-05-05,0.5975090928641086,28.8,KERVILCO,0.0,675.0962862320256,180.84462536093372,17.37861068388939,2.6502585682011013,503.6889190465647,5.151077291992539,0.9741822655738632
2004-05-06,0.6950192573245707,33.5,KERVILCO,0.0,666.4577303260563,177.6453011247355,16.065795183443576,1.6146327809358665,478.2708350749609,5.250045918366313,1.0263075105882375
2004-05-07,0.755185103481026,36.4,KERVILCO,0.0,683.4201956039966,174.46379247879116,16.81328282624901,1.5767345441458396,464.2710578814113,5.171027290305778,0.9685653429619112
2004-05-08,0.8298737400890396,40.0,KERVILCO,0.0,677.7833454814642,171.57225719706867,16.112067768599236,0.8856840032867461,447.3074773779757,4.441717082293973,0.8611436377352818
2004-05-09,0.879666164494382,42.4,KERVILCO,0.0,662.595827181682,168.40353798701645,16.346064366872554,1.544004530626723,474.2634434405035,5.041818596607381,0.9419549879530004
2004-05-10,0.9398320106508373,45.3,KERVILCO,0.0,670.3931860839831,165.19637474849188,17.04484870370258,1.6782320032405054,471.4727602926914,5.157788574285015,0.9982660355665046
2004-05-11,0.9854750663557346,47.5,KERVILCO,0.0,671.730283115871,162.94202241905208,14.626939866067664,-0.5714974508047367,413.288974521918,5.010993418878085,0.7616636022081914
2004-05-12,0.9896244350561798,47.7,KERVILCO,0.0,493.4218965159538,161.85366102730092,6.352018247874169,-3.367199104608409,428.2655689937296,3.3318711810292747,0.4697068889904077
2004-05-13,1.0539396499130802,50.8,KERVILCO,0.0,492.6030489714119,161.48653147206414,3.7693032034395775,-5.551634207981279,374.8438716417605,3.1794025221226727,0.4034495596681229
2004-05-14,1.0767611777655288,51.9,KERVILCO,0.0,647.2329844582408,161.04165373355957,8.711071536888568,-4.965720944902688,325.3442436797874,3.425476993928476,0.4572934465858014
2004-05-15,0.9937738037566249,47.9,KERVILCO,0.0,672.232287681336,159.1366272579433,13.567911263603268,-1.379223660015909,388.79223168209256,3.9066397191950513,0.6298232283006235
2004-05-16,0.921159851498834,44.4,KERVILCO,0.0,607.3998001960308,155.81613751066448,14.83786894713324,2.0618248877916154,521.4192057939574,4.908862701101332,0.7991380935036434
2004-05-17,0.9460560637015052,45.6,KERVILCO,0.0,584.8023514931842,152.8775869434692,13.267894308815611,1.1495557586469063,506.705087108345,4.391529929359829,0.787925921931671
2004-05-18,0.9647282228535086,46.5,KERVILCO,0.0,652.1950298343728,149.72631178231956,16.178088571849887,1.6539133440983689,475.7705240659971,4.986845017955181,0.8645305911208038
2004-05-19,1.0290434377104092,49.6,KERVILCO,0.0,655.9583795682106,146.00238714205128,17.76990712652555,3.059935782849146,513.8798400182257,5.430522493052882,0.9685986027246009
2004-05-20,1.0643130716641933,51.3,KERVILCO,0.0,598.5020532680705,141.91838105960738,16.84457579770107,3.917806722166486,584.6961383056031,5.562156959467174,0.9813803047658772
2004-05-21,1.0933586525673098,52.7,KERVILCO,0.0,601.4517642253447,138.29255169680636,15.780676856587917,2.807327204181257,545.5149829477715,5.278868077467818,0.8653510406641618
2004-05-22,1.0912839682170872,52.6,KERVILCO,0.0,484.1950153732795,135.63889707193567,10.336579156903351,0.4582939010229633,543.4472464203839,4.604834216592524,0.6673439677168393
2004-05-23,1.0477155968624126,50.5,KERVILCO,0.0,630.2500736236191,133.261368826294,13.947922524888282,-0.2079238624555483,435.4687868412601,4.810602855739498,0.7657373070990574
2004-05-24,1.004147225507738,48.4,KERVILCO,0.0,550.2881924296406,130.26483668168217,12.942637881916587,1.2847073263471696,527.157771661426,4.781531094941461,0.7445496218279314
2004-05-25,0.9460560637015052,45.6,KERVILCO,0.0,574.9661714520132,127.804931647222,12.268081562835867,-0.0149166395714863,472.11882853551634,4.842983862020136,0.7469143511899827
2004-05-26,0.890039586245495,42.9,KERVILCO,0.0,584.8547368429969,125.23313793591127,12.856007133996858,0.3039975375857377,474.0688785119984,5.005148855169176,0.7389794966114658
2004-05-27,0.8568446366419333,41.3,KERVILCO,0.0,612.9003567511078,122.00857599348616,15.555877356072092,2.055827086056962,506.4252520115627,5.096121157002305,0.8017804913880056
2004-05-28,0.8651433740428238,41.7,KERVILCO,0.0,686.3579114073784,118.69748672900008,19.08862526906849,2.427247344822754,463.49237715967496,5.228841660609918,0.9150903146241788
2004-05-29,0.8879649018952723,42.8,KERVILCO,0.0,622.6244555814768,116.8349986760328,12.544616489941012,-1.1077135495032877,418.0223880806033,4.307532234646661,0.6117966796335439
2004-05-30,0.8713674270934917,42.0,KERVILCO,0.0,561.5023939395394,116.37024824810142,6.641950364906396,-4.981436558755312,358.309797514148,3.144985633461151,0.3690215208863368
2004-05-31,0.8112015809370362,39.1,KERVILCO,0.0,616.0212095228317,114.63579775569784,12.152235500412116,-1.3984359888420832,410.4356409381152,4.23148316107456,0.5304668348825917
2004-06-01,0.7531104191308033,36.3,KERVILCO,0.0,625.6942313159589,111.73346927578466,15.687396688233768,1.5620758012435485,480.2927039495098,5.101076736540957,0.7945889905841373
2004-06-02,0.7385876286792453,35.6,KERVILCO,0.0,661.5790457085585,108.38595841685526,18.38179435976246,2.7637865501157672,488.8933721192448,4.640575265206853,1.014081386049148
2004-06-03,0.6825711512232351,32.9,KERVILCO,0.0,670.8285429296565,104.62131069580104,20.173153639498224,3.843518028631849,512.1932236885124,5.220598633858746,0.972333254738698
2004-06-04,0.5497913528089887,26.5,KERVILCO,0.0,668.434286570415,100.81509962278886,20.595180247659943,4.0929699355617934,519.1532107240201,5.785570938731347,1.208987754088092
2004-06-05,0.5705381963112147,27.5,KERVILCO,0.0,662.9487048348376,96.77188379513612,21.5985817282312,5.072894390155137,553.4915865156513,5.395678843838151,1.075566168543638
2004-06-06,0.5871356711129956,28.3,KERVILCO,0.0,654.7978257214202,92.7142952634056,21.431512091656565,5.148436652638585,562.0118721655447,5.817914898552392,1.208994807663395
2004-06-07,0.5850609867627728,28.2,KERVILCO,0.0,645.8180324852374,88.06696874466776,22.877398709212173,6.775363898888981,626.2795139965349,6.152995355743873,1.2650454684936767
2004-06-08,0.5601647745601017,27.0,KERVILCO,0.0,632.8635964307457,83.49666351231278,22.17569334376636,6.569826286599377,631.0811672281146,5.710308860127479,1.2292523672904343
2004-06-09,0.5414926154080985,26.1,KERVILCO,0.0,591.2290148241725,79.22109796591423,19.7257682546348,5.8117516817282855,642.2806655504494,4.949849410753816,0.9627396551560125
2004-06-10,0.5062229814543141,24.4,KERVILCO,0.0,584.1557571194321,76.76623538724678,14.286797739583474,1.1113906390217474,496.6468255674338,4.970876665163911,0.710439932625614
2004-06-11,0.4647292944498622,22.4,KERVILCO,0.0,600.0138488202867,74.69386278496246,14.004636458154804,0.0023999184097068,449.1341940502903,4.491052180644674,0.5881607972866706
2004-06-12,0.4253102917956328,20.5,KERVILCO,0.0,568.10769133574,72.24915218778524,14.422649551709714,1.1184519643693485,498.9513671129603,4.5633455489242,0.7303490196998843
2004-06-13,0.38796597349162604,18.7,KERVILCO,0.0,633.5182216091208,69.14011209136919,19.645108036485432,3.3380563083391124,515.3495630375546,5.448868958756696,0.9072672354691456
2004-06-14,0.37344318304006785,18.0,KERVILCO,0.0,627.197324789557,65.53872184079681,22.276860641205808,5.849753075052841,603.70877808913,5.513609297180099,1.151475172354883
2004-06-15,0.3651444456391775,17.6,KERVILCO,0.0,617.2257875397632,62.23360797395238,21.409806990352926,5.315935244897749,594.701907870512,5.214618776797503,1.2725137568826046
2004-06-16,0.34232291778672885,16.5,KERVILCO,0.0,603.9677033925951,59.19243939153519,20.67479520311991,4.939230319152582,591.8310698818033,5.831187106817955,1.1020547195161774
2004-06-17,0.33402418038583853,16.1,KERVILCO,0.0,564.3677911023756,56.8600712983185,17.22138533621262,3.267781447645853,571.0322254911198,4.927137284004202,0.8310040185238962
2004-06-18,0.3195013899342803,15.4,KERVILCO,0.0,471.1836244838853,54.18389948731967,15.740968010524025,4.663696387774823,700.6526598894022,5.026472879167779,0.8181967849358718
2004-06-19,0.30705328383294467,14.8,KERVILCO,0.0,564.8456281019859,51.58769282388321,18.841518045776866,4.574791179037005,612.68189017838,5.32296306431375,0.8549180074537984
2004-06-20,0.2925304933813864,14.1,KERVILCO,0.0,604.3158197998625,49.25514434760933,19.73200885030356,3.7013899691747287,548.7959873417421,5.351435071374527,0.9435664624395256
2004-06-21,0.27800770292982824,13.4,KERVILCO,3.180547394080828,411.0223540828168,47.589558703899954,15.172480762621706,1.2602715387455456,597.2614434713101,4.841152700226359,0.7928499334711612
2004-06-22,0.26555959682849267,12.8,KERVILCO,0.0,537.1159126662816,46.197752403207744,13.64264252500715,0.3658623648257309,500.4226660654672,4.364148286332194,0.610307592272953
2004-06-23,0.24273806897604408,11.7,KERVILCO,0.0,610.8272375478941,44.52644541135199,18.17479482188502,1.3485840701110607,474.6702385262274,4.391555486806464,0.7656573991994328
2004-06-24,0.2323646472249311,11.2,KERVILCO,0.1196988447149408,581.1276834955122,42.174630113050405,19.80227672944652,4.085852396991591,586.8172341983636,4.826033243549544,0.8843595114929588
2004-06-25,0.2323646472249311,11.2,KERVILCO,5.829852239156793,396.5457768221434,40.04147849956538,16.667180844564925,3.427593762004028,704.1723550351774,4.814674484801568,0.7668625536720586
2004-06-26,0.23443933157515373,11.3,KERVILCO,5.868111552606941,398.7036174895909,38.39805497979688,15.688201733561534,1.924336627702924,650.266480743316,4.380913301456914,0.6995852876592569
2004-06-27,0.2468874376764893,11.9,KERVILCO,4.031228586868226,351.0472346191568,36.75571778196174,13.758189736918116,2.200278190349413,702.8493715956314,3.942351643311069,0.6786174215104892
2004-06-28,0.1856842493449226,8.95,KERVILCO,7.148950787710196,414.0125791332549,35.06610506048243,17.205589468247254,2.44856875668737,675.7573065871838,4.595686606799765,0.7240171121053861
2004-06-29,0.15975069496714014,7.7,KERVILCO,2.0986206646921755,375.35949479045627,33.41776037254665,13.99085450830136,2.924859063858332,730.130663274858,3.752375834635032,0.5896174878021839
2004-06-30,0.1807050069043884,8.71,KERVILCO,0.3973661482677275,395.5937523641451,31.78556059356585,13.313506721851256,3.394865065826948,752.1877960441693,3.7008972139407086,0.4795846889619682
2004-07-01,0.14253081486029254,6.87,KERVILCO,0.0,564.9271907780376,30.30219549381928,17.98300692647242,2.6697740629126963,605.6153382044308,4.764756505633983,0.73286285011456
2004-07-02,0.1257258716234895,6.06,KERVILCO,0.0,577.1198817539968,28.59657075346332,20.123428465415504,3.983575265521255,627.7802551336558,5.305648867133722,1.0126663903036333
2004-07-03,0.11473004456730973,5.53,KERVILCO,0.0,587.0097207631143,27.10928179754925,19.77876280268942,3.1051139722492915,574.5237389609865,5.274892327853007,1.0763823773645849
2004-07-04,0.1080910546465974,5.21,KERVILCO,0.0,503.94700175676303,25.272143706010432,18.384526592947868,5.276965157695548,715.3326195808925,5.031697132429473,1.002929376766831
2004-07-05,0.10186700159592961,4.91,KERVILCO,0.0,572.8796350667569,23.84743545253021,19.712598580702554,3.78149645365652,577.4663126132028,5.141679990462572,0.8372967685682361
2004-07-06,0.09149357984481662,4.41,KERVILCO,0.0,553.9394322457811,22.34105860795052,19.44669826040807,4.383795224292551,595.1658439056113,5.277544523641349,0.9099105688336409
2004-07-07,0.08568446366419334,4.13,KERVILCO,0.0,556.2918341269389,20.56357618811237,21.14092108815455,5.776211774685211,627.3423645734466,5.707716400446954,1.0616783908586016
2004-07-08,0.08298737400890396,4.0,KERVILCO,0.0,529.3345334070591,18.673787820075564,21.28022293677796,6.896424763706703,667.1580947358566,5.521789101823463,1.1501373809144235
2004-07-09,0.07800813156836972,3.76,KERVILCO,0.0,561.8970804177983,16.931123814810206,23.148300261851503,7.274893673647384,594.4213801635286,4.889834746303369,1.1970684128903917
2004-07-10,0.07365129443290226,3.55,KERVILCO,0.0,479.514031071698,15.125448170693948,21.28860745019498,8.859760728748281,717.9350307053692,4.847231993123515,0.952381633935897
2004-07-11,0.06908698886241256,3.33,KERVILCO,0.0,564.6671456274173,13.686728524204138,23.04753721911936,6.929201692905068,539.6089153626825,4.646369696528237,1.047249494898177
2004-07-12,0.06473015172694509,3.12,KERVILCO,0.0,521.6836749880347,12.15243021995826,22.92657441595605,8.461238572246117,643.1892205380168,5.422715703943859,1.283229417977192
2004-07-13,0.08298737400890396,4.0,KERVILCO,0.0,558.9316560142843,10.732989517774708,25.04810322728564,8.73820672024586,605.2385241598073,5.566249438075709,1.1669062313900698
2004-07-14,0.08132762652872588,3.92,KERVILCO,0.6855425707238958,551.3292130236104,9.51742137443174,24.853798243087976,8.411860468383557,602.3412688541785,5.16714530838321,1.2697029209074284
2004-07-15,0.16742702706296375,8.07,KERVILCO,0.0,509.93386954254606,8.54030757974473,21.11697679395696,7.198036705815673,618.8761559034132,4.826623455180386,1.0973422761697476
2004-07-16,0.17676310663896544,8.52,KERVILCO,6.283729316208359,373.1057012212135,7.608441959765941,20.985916297196404,7.282841839221809,784.0543296569988,4.409404449933207,0.8869819604855824
2004-07-17,0.1526967681763833,7.36,KERVILCO,4.925247076977779,365.9088397654895,6.774128719176046,20.025791494069868,7.117440359131722,814.2993043560163,4.371225752857004,0.693074315863716
2004-07-18,0.1319499246741573,6.36,KERVILCO,5.712198595489577,380.31246766259886,6.093707963286262,20.66673716808221,6.310267548811647,771.5862606952784,4.4693317507583625,0.8047350613488791
2004-07-19,0.12987524032393472,6.26,KERVILCO,2.585906305772,421.3657742531058,5.430945735236207,21.401164351499467,6.747492262275482,764.9161082389593,4.8562791040862345,0.8353460964845235
2004-07-20,0.1387963830298919,6.69,KERVILCO,3.9920105870990046,368.6817985728379,4.816633772078078,20.56254736693512,6.711002964786374,835.0357469876897,4.494442632855173,0.8062237211521096
2004-07-21,0.13215739310917957,6.37,KERVILCO,4.408081587735622,381.3175622529348,4.289877244793141,20.9092006815368,6.275080365684958,781.9861914859488,4.441651643332118,0.8738995248464289
2004-07-22,0.12925283501886792,6.23,KERVILCO,6.181207965834198,366.8163761112133,3.755611765987421,20.23236267870784,6.583457462831501,709.6661016096044,4.025653784598201,0.8214876977922374
2004-07-23,0.15394157878651687,7.42,KERVILCO,9.971895433345738,331.21687103583275,3.486768824253411,15.256429768589264,3.790584677200531,611.1061747712404,3.2726060746097008,0.420939969134737
2004-07-24,0.1858917177799449,8.96,KERVILCO,5.0539835659518495,333.08325857029376,3.1771089300681368,15.75406202921348,4.160669200305577,659.3216348735472,3.7071092416591895,0.5278895240941384
2004-07-25,0.13962625676998092,6.73,KERVILCO,0.0,509.4988916750054,2.905925227847498,18.06112878738571,4.09722140594543,496.925830674645,4.062170123939709,0.6230222229316769
2004-07-26,0.17136892732838668,8.26,KERVILCO,4.878689577629402,393.6004085392887,2.68625302473593,18.85520220128141,3.726112273994062,585.6149796099401,4.331193464178639,0.7567107707786663
2004-07-27,0.193153113005724,9.31,KERVILCO,0.0,460.684126702217,2.4874786179909307,15.44336931820753,3.260632251860425,541.6703687420757,4.295848696574028,0.6679466640622774
2004-07-28,0.14481296764553744,6.98,KERVILCO,4.462616224899209,358.2127236085131,2.30303345909968,15.967836997603492,2.9738690904123315,619.8692972455455,3.921494751887997,0.5797255738113318
2004-07-29,0.16390006366758533,7.9,KERVILCO,0.0,528.5116213762694,2.0923719179856,18.592732959418665,3.4942837177820523,449.25447498123657,4.580110954336269,0.7615653429109599
2004-07-30,0.12012422387788849,5.79,KERVILCO,0.0072097436770286,526.8142507763253,1.8612604879316632,19.504991459333176,4.270294852234719,441.469948658082,4.902996281697498,0.906572833848172
2004-07-31,0.10456409125121899,5.04,KERVILCO,0.0,545.915957425193,1.6017905951522131,22.582103499104427,6.107054344576604,466.07341107255536,4.614060194780893,1.1267927446177644
2004-08-01,0.09087117453974983,4.38,KERVILCO,0.0,518.1027608635794,1.3138062033707687,22.98580589343941,7.855877340036296,552.9455895792178,4.6802424326470105,1.2053373575047928
2004-08-02,0.08340231087894846,4.02,KERVILCO,0.0,493.7936985111964,1.0739246657325412,21.738873539095994,7.803762939518881,586.7337202059642,4.622380693249765,1.0117617771017078
2004-08-03,0.08340231087894846,4.02,KERVILCO,0.0,470.2820865021405,0.8892851968179873,19.47516028187897,6.509924472562447,575.5375998914233,4.834740234775625,0.7941774847301118
2004-08-04,0.07095420477761288,3.42,KERVILCO,0.0,538.1726099810011,0.6824701264996977,22.542256787804607,6.434880389829573,489.32141921741663,4.433417626638895,1.0176969914840013
2004-08-05,0.0744811681729913,3.59,KERVILCO,0.0,374.008385634558,0.4709776652196074,16.986001125052745,7.263292084319086,737.9905862528005,4.140241312015109,0.7588500064651696
2004-08-06,0.07095420477761288,3.42,KERVILCO,0.0,515.2308000897985,0.3950088185909556,20.724890107509683,5.887285278226757,506.4154475721351,4.511644097026035,0.7609840304870337
2004-08-07,0.061618125201611196,2.97,KERVILCO,0.0,496.2522601114646,0.3261947965372826,19.436608691718675,5.442385614876311,515.2716673271243,4.599016496629067,0.8742988649225766
2004-08-08,0.057883693371210514,2.79,KERVILCO,0.0,540.2668800055693,0.2604891688592589,20.88188244552209,4.650007993793104,443.676494636852,4.715127999229339,0.9295085257593082
2004-08-09,0.051452171885520454,2.48,KERVILCO,0.0,538.9564664285398,0.1756131218608765,22.60647173712669,6.13287674085514,483.7512117380597,5.16199186617735,1.056191077696805
2004-08-10,0.05103723501547593,2.46,KERVILCO,0.0,525.2105794731883,0.0963635173146528,22.10008087055381,6.315173201329151,506.88137030756207,5.086512502507363,1.0437697307634526
2004-08-11,0.04813267692516429,2.32,KERVILCO,0.0,518.3806475626362,0.0744654082414144,20.134889059100733,4.720996321308797,471.6122274729803,4.822345922911277,0.9216816111660764
2004-08-12,0.04771774005511977,2.3,KERVILCO,0.0,516.5875420121162,0.0550610643627838,19.89127650179525,4.513804520938974,469.04673401652747,4.739211507884642,0.9876076613923312
2004-08-13,0.04751027162009752,2.29,KERVILCO,0.0,547.8277801699513,0.0390056907021897,20.846032520065823,3.6739040250282495,414.8337005526885,4.45334754271506,0.9054387546982776
2004-08-14,0.04792520849014204,2.31,KERVILCO,0.0,507.5992952879764,0.0207340855760457,19.57956670990427,4.530476526668048,481.3889920785381,4.325186049726766,0.9604081145035346
2004-08-15,0.04668039788000848,2.25,KERVILCO,0.0,514.8972104569451,0.0047279623581333,19.38336124469673,3.914321320088096,457.97882869142006,4.488458155982725,0.954706171660458
2004-08-16,0.04688786631503073,2.26,KERVILCO,0.0,521.1696847130712,0.0,20.587009023467274,4.55865296981588,468.5681153024151,4.303061943959287,0.9079381990367684
2004-08-17,0.05248951406063176,2.53,KERVILCO,2.825773529409629,349.6347868251252,0.0,17.38655365790342,4.503962261641643,651.2544919628657,3.8243222411256217,0.8386211527837446
2004-08-18,0.05892103554632181,2.84,KERVILCO,7.718255960652922,305.28432068620555,0.0,14.665809839403591,3.394316665997564,673.6944622669296,3.5712448128098604,0.641533205384903
2004-08-19,0.08070522122365911,3.89,KERVILCO,0.0,335.2501482658112,0.0,13.016003486570725,4.2332478199007975,717.5288523040293,3.164173593093011,0.4398681640154923
2004-08-20,0.06473015172694509,3.12,KERVILCO,0.0,463.7688083456368,0.0,16.759347375770293,3.6014635233961454,555.7380357038868,3.4382446324590057,0.5317780834054208
2004-08-21,0.07219901538774644,3.48,KERVILCO,5.908637990618636,323.0272315008415,0.0,15.081924724823216,3.05117234624264,668.4344564293597,3.496812935879272,0.6149301149665342
2004-08-22,0.06887952042739029,3.32,KERVILCO,0.0,460.3941372583276,0.0,16.051800635685236,2.945987152579636,560.9695111206458,3.6282255364663953,0.621467841639066
2004-08-23,0.06390027798685606,3.08,KERVILCO,0.0,426.8328241586472,0.0,16.200629350559982,4.196866365634386,639.5735081720939,4.208097192301839,0.7096005019919536
2004-08-24,0.052282045625609494,2.52,KERVILCO,0.0,397.4535567052694,0.0,15.60371606645321,4.662250813999604,692.1982470884295,4.26117132501925,0.7434167630906264
2004-08-25,0.04979242440534238,2.4,KERVILCO,0.0,442.1326812259736,0.0,17.114460724982358,4.565013150145999,640.0373456371726,4.398588755702717,0.7371659535349502
2004-08-26,0.05290445093067627,2.55,KERVILCO,0.0,511.9221860759887,0.0,20.589778715193777,4.577318239202516,565.6777042159026,4.534447338762689,0.7965547171298653
2004-08-27,0.052282045625609494,2.52,KERVILCO,0.0,414.0156989120287,0.0,13.194776906589835,1.7528165445607662,567.7247130632726,3.676059722352958,0.6220214147563151
2004-08-28,0.061203188331566676,2.95,KERVILCO,0.0,526.8620030741847,0.0,16.119563400937793,-0.6821683215860701,402.0150957209416,3.8445420787559055,0.6791526601816835
2004-08-29,0.051244703450498204,2.47,KERVILCO,0.0,534.8694374358918,0.0,19.451178643863013,1.666170179795308,454.6954841290072,4.306214889223805,0.9718918216228086
2004-08-30,0.04751027162009752,2.29,KERVILCO,0.0,494.9550308339754,0.0,19.92538681213069,4.403463086218396,581.2027089998435,3.778289629875065,1.070061737338833
2004-08-31,0.049170019100275596,2.37,KERVILCO,0.1519902825359496,468.7443453012609,0.0,18.151133719389023,3.764584550182854,587.066860055151,3.791130496572487,0.9859214577574582
2004-09-01,0.049999892840364636,2.41,KERVILCO,0.0,519.0457238787,0.0,19.899749094085383,2.721754682892742,502.8807020222605,3.9510401013028327,0.9508551596000524
2004-09-02,0.04937748753529786,2.38,KERVILCO,0.0,499.4214097945521,0.0,20.75871410327348,4.4702239631753615,580.8870525138599,3.875653357463114,0.9822490304378236
2004-09-03,0.04730280318507525,2.28,KERVILCO,5.778421998170762,315.3067823234032,0.0,18.01823259581306,5.329203696985747,810.9630729058615,4.3737366189972855,0.9170105037389789
2004-09-04,0.08112015809370363,3.91,KERVILCO,0.0,356.11351134488206,0.0,9.905235752314091,0.0735795757093345,580.2585189315128,2.624162192328956,0.3783624888325264
2004-09-05,0.07821560000339199,3.77,KERVILCO,0.0,416.0533058989336,0.0,11.65288510507746,-0.486665338348911,510.6017446701693,3.428886934436025,0.4799969139087142
2004-09-06,0.060788251461522155,2.93,KERVILCO,0.0,523.6535570854826,0.0,17.527448344375845,-0.5613197534666503,426.6466899378154,3.4511503269063795,0.698293081752346
2004-09-07,0.051867108755564974,2.5,KERVILCO,0.0,492.9235504476375,0.0,18.34837273398452,2.103917013182267,532.2045974683209,3.9120175652422895,0.8386318491527172
2004-09-08,0.04813267692516429,2.32,KERVILCO,0.0,490.87086084414136,0.0,19.709571472218244,3.332935008354971,576.366817391473,3.7745614034840527,0.9792103599793528
2004-09-09,0.04668039788000848,2.25,KERVILCO,0.0,486.3985683464901,0.0,19.950703810655376,3.660272211977885,593.091789367215,3.754267244877535,0.9862621855245474
2004-09-10,0.04688786631503073,2.26,KERVILCO,0.0,331.957491210763,0.0,14.15925123236873,4.45296164134319,773.8626932481379,3.846889870197957,0.8151825656926889
2004-09-11,0.046472929444986225,2.24,KERVILCO,0.0,520.342341767774,0.0,21.06470396663817,2.0233629464603324,504.78506781696217,3.9395222936246688,0.9824922934081812
2004-09-12,0.045435587269874914,2.19,KERVILCO,0.0,421.8220910661997,0.0,18.07982590646697,5.001392312583175,719.0382856305738,4.12180946080412,1.016192501479705
2004-09-13,0.04460571352978588,2.15,KERVILCO,0.0,425.6048155351073,0.0,19.19104350105482,5.830661185469818,752.81834515154,4.389760432634168,0.859962610957476
2004-09-14,0.04253102917956328,2.05,KERVILCO,0.0,451.9055753219608,0.0,19.101049474724,4.44440984508566,664.8695658644139,4.521848322718337,0.8295569944998965
2004-09-15,0.040041407959296164,1.93,KERVILCO,0.0,500.3608209407452,0.0,16.96263715057841,-0.6509686854082627,447.26811150881576,4.243372007573228,0.8198264101365533
2004-09-16,0.034854697083739665,1.68,KERVILCO,0.0,480.28860780220185,0.0,18.31717778286764,1.5138857276272035,529.2791636257751,4.313163520754217,0.972872002976242
2004-09-17,0.030912796818316726,1.49,KERVILCO,0.0,468.7195400692359,0.0,20.128642638564045,3.655955875040089,616.2759559359442,4.165152901147458,1.0659032152367964
2004-09-18,0.03112026525333899,1.5,KERVILCO,0.0,424.3033945878839,0.0,18.84868925220974,4.674437465463352,705.900943755723,4.259206686379773,0.951832183795556
2004-09-19,0.05767622493618825,2.78,KERVILCO,4.440258212805326,108.7141493367322,0.0,10.219910858387614,6.081868494248407,940.6517157343748,1.868529399581164,0.2486944708374787
2004-09-20,0.06887952042739029,3.32,KERVILCO,0.0,358.1528862410547,0.0,15.790547786673422,4.738980391795836,793.288285703692,3.090249597726775,0.4702273357993913
2004-09-21,0.04668039788000848,2.25,KERVILCO,4.035717618909319,265.1271669526755,0.3769781368155079,7.111691807205837,-3.357818717539435,481.3396427722856,2.1309853869783097,0.3216722656078202
2004-09-22,0.045435587269874914,2.19,KERVILCO,0.0,309.67511345925965,0.3663355651534435,4.853505719623798,-4.171866841230695,448.4588915193455,2.0462265993084148,0.2877758980830741
2004-09-23,0.0429459660496078,2.07,KERVILCO,0.0,458.8946979811244,0.3108152814571689,12.29171705503027,-3.3895753966897604,417.4717307410492,2.8857890716317405,0.455085214894249
2004-09-24,0.04315343448463006,2.08,KERVILCO,0.0,416.2360004502356,0.1371188988317004,12.55676821855328,-1.1068030993589997,501.5995227993596,2.513812676852112,0.5564816446991547
2004-09-25,0.04377583978969684,2.11,KERVILCO,0.0,408.5289799109907,0.0,13.45802832860478,-0.043835480308294,529.5229247252734,2.8161054302311554,0.5006065024632923
2004-09-26,0.0439833082247191,2.12,KERVILCO,0.0,431.7224878798166,0.0,14.199670210744983,-0.7753342647740282,477.28525654539953,2.5950575673176752,0.545926383078497
2004-09-27,0.043568371354674576,2.1,KERVILCO,0.500816943328046,424.2415934263072,0.0,15.564604498955983,0.002219892893295,484.0656231178239,2.782138534569827,0.5948857152161714
2004-09-28,0.04315343448463006,2.08,KERVILCO,0.0,404.228312884332,0.0,13.827504274995947,0.2905247774894214,511.5494454816625,2.7329816279373707,0.4997516893367832
2004-09-29,0.0439833082247191,2.12,KERVILCO,0.1023393556848032,332.0815888613951,0.0,10.385021462455883,-0.0386552857547157,561.3665879881645,2.230919987952022,0.4158608034803032
2004-09-30,0.045643055704897184,2.2,KERVILCO,0.0,269.02562892279497,0.0,7.47339322694641,-0.6295504280868718,576.7717045624083,2.461993493310568,0.4188945738740707
2004-10-01,0.045435587269874914,2.19,KERVILCO,0.0,293.42909580213075,0.0,7.218388073996005,-1.6462536967874537,525.7830564261459,1.4846242901600644,0.2235460304275954
2004-10-02,0.045850524139919434,2.21,KERVILCO,0.0,383.90861481221685,0.0,10.84929586293864,-1.5917233981442278,472.4491972137358,2.494629153736911,0.4599333341340013
2004-10-03,0.045435587269874914,2.19,KERVILCO,0.0,420.64768779894655,0.0,12.800027938116164,-1.6791241510149,442.4184393874976,2.362191434819101,0.550039453399919
2004-10-04,0.052696982495654014,2.54,KERVILCO,0.2508219371940494,368.40769187965583,0.0,11.43784067359511,-0.9807676953672948,503.6311264726106,2.656188717713861,0.5660825605164519
2004-10-05,0.07489610504303582,3.61,KERVILCO,4.0136993753862855,230.54178285352805,0.0,8.664435131332214,-0.9690585960490408,569.6458077248088,2.0117692707429966,0.3219000077094696
2004-10-06,0.07614091565316938,3.67,KERVILCO,1.310409969301463,277.0665211222628,0.0,8.228354459459311,-1.3599923418558424,548.2976594970435,1.9369328721605528,0.264675939269742
2004-10-07,0.06452268329192283,3.11,KERVILCO,0.0,353.63584421234066,0.0,10.30542478648356,-1.1196838719055964,524.568293762867,2.4920822905762656,0.4197106872806771
2004-10-08,0.06058078302649989,2.92,KERVILCO,0.0,421.65506557756447,0.0,13.905563154846089,-1.2230072205429494,471.25000573366106,2.467102425637361,0.6013523458052045
2004-10-09,0.05663888276107695,2.73,KERVILCO,0.0,432.33009869753,0.0,14.757588435153966,-1.434281722245203,456.2078406061096,2.554671717667508,0.7393601083155698
2004-10-10,0.05705381963112147,2.75,KERVILCO,0.0,415.4403368430164,0.0,13.574619790693797,-1.6663029541933918,463.11607369522585,2.3529089199699733,0.6592222917312387
2004-10-11,0.05850609867627729,2.82,KERVILCO,0.0,323.27540862520226,0.0,9.60600446032262,-0.8232651156352283,555.6663027162905,2.1157333813968435,0.3564733807613026
2004-10-12,0.058298630241255034,2.81,KERVILCO,0.7448364445653114,405.2395555718935,0.0,13.600363370904205,-1.931434556274088,461.56305356943017,2.738061043495053,0.5169992047125224
2004-10-13,0.07593344721814713,3.66,KERVILCO,2.7915021238904294,319.8494636703461,0.8031363379978698,5.870837234160709,-6.060617628861083,385.6742664301743,1.438878221803963,0.1792317957773447
2004-10-14,0.07344382599788,3.54,KERVILCO,0.0,435.0868595734257,0.796469007187852,11.15098834943027,-5.775371861947339,350.52428094326234,2.604583291407493,0.4054716628865868
2004-10-15,0.0751035734780581,3.62,KERVILCO,0.0,367.8534980807693,0.5471501757565372,11.192804926774858,-1.5711643557604695,496.7931831478934,3.071570262841975,0.5128973363889865
2004-10-16,0.06535255703201187,3.15,KERVILCO,0.0,388.841861968199,0.2439632618995733,13.412201920220836,-0.5961438880205722,499.6688041157669,3.549360292437295,0.6622171093541208
2004-10-17,0.06431521485690057,3.1,KERVILCO,0.0,361.0427653268983,0.0006469002550824,11.815739244324792,-0.7059212667135337,504.1744748151369,2.763041453743762,0.5272137316468274
2004-10-18,0.06286293581174475,3.03,KERVILCO,0.0,247.6957771164428,0.0,6.470035292141997,-1.3248527499615517,548.7745093147965,1.6384779561010647,0.2459308791361804
2004-10-19,0.062033062071655716,2.99,KERVILCO,0.0,260.55970735116114,0.0,6.806338204814408,-1.5881721079921003,528.4803530998443,1.5190930784389287,0.2454455373701822
2004-10-20,0.06327787268178926,3.05,KERVILCO,0.0,342.6012360194943,0.0,11.07717346836456,-0.8087834048114882,483.7620514820849,2.037115213399021,0.3636505518477156
2004-10-21,0.06099571989654441,2.94,KERVILCO,6.000508480780354,232.0617875860225,0.0,10.790012330359293,0.0872466811128482,588.1859215391779,2.3223982038428432,0.4209871612406662
2004-10-22,0.08775914801441595,4.23,KERVILCO,0.0,238.81621174423407,0.0,1.5978566617500545,-5.962411939504761,388.2719998104053,1.6061071677991965,0.2308479824122412
2004-10-23,0.06099571989654441,2.94,KERVILCO,0.0,407.06167094877526,0.0,7.808294879375039,-8.941369671571044,219.6267745203435,2.136918060994021,0.3761531352800465
2004-10-24,0.06244799894170023,3.01,KERVILCO,0.0,351.32320258705533,0.0,8.617050022710949,-4.1314099404717535,338.71118611706447,1.92614972156628,0.3753799671692555
2004-10-25,0.06369280955183379,3.07,KERVILCO,0.0,293.11089775717886,0.0,5.838649608747592,-4.305842094137992,364.18919399825467,1.6017838062325604,0.2832459946222532
2004-10-26,0.0668048360771677,3.22,KERVILCO,0.0,308.2630797699049,0.0,8.93393163050135,-1.856191811924636,408.2986536342403,1.80498772136606,0.3283609376639432
2004-10-27,0.06638989920712317,3.2,KERVILCO,0.0,246.0765661327404,0.0,8.435434395551074,0.1999820297038055,509.9204414121159,1.919392319329507,0.3227610936412113
2004-10-28,0.06950192573245706,3.35,KERVILCO,3.772615870097836,306.70553570689265,1.001102448874379,8.775648727380815,-4.566273303068578,324.497423503376,1.9542867423833457,0.3175239308888549
2004-10-29,0.06991686260250159,3.37,KERVILCO,0.0,181.78666413555905,1.001102448874379,-1.7360417287652816,-7.426600119273504,350.2987055002102,1.6886292943811352,0.2386104196433018
2004-10-30,0.05995837772143312,2.89,KERVILCO,0.0,338.3209916940841,1.001102448874379,3.671692461341959,-8.287213064097697,259.9639014244429,1.561350596145062,0.24691688372293
2004-10-31,0.06348534111681153,3.06,KERVILCO,6.285544254748795,255.1038701025477,7.286879975372636,2.0942125033674865,-8.562826860471082,298.1377961613613,1.434790995604091,0.2580318192553668
2004-11-01,0.05290445093067627,2.55,KERVILCO,0.0,370.0206843322815,7.286879975372636,-3.182183952785032,-15.360204676249548,171.5806683229371,0.6250813154050668,0.0760318525578074
2004-11-02,0.06182559363663345,2.98,KERVILCO,0.0,442.84842216189855,7.286879975372636,2.889660259042881,-16.421256559802977,129.8049154688779,1.1482252150179963,0.1844884965590227
2004-11-03,0.08195003183379267,3.95,KERVILCO,0.0,431.9289046765439,7.286879975372636,9.254875395937551,-9.495004452475657,203.33113166387903,1.3961953051827851,0.2515193650146987
2004-11-04,0.07842306843841423,3.78,KERVILCO,0.0,396.9522894798732,7.286879975372636,8.864503318071565,-6.7048407410993,267.7340123606682,1.480764107495346,0.4174087058039601
2004-11-05,0.07053926790756837,3.4,KERVILCO,0.0,390.5472913119231,6.903915685241322,10.571749378839815,-5.029759410010698,299.9333113758288,2.3793310612506566,0.5761651679502067
2004-11-06,0.06535255703201187,3.15,KERVILCO,0.0,358.2517616922164,6.237743843224977,9.361586615327695,-4.302179974163437,340.0436305399962,2.712834514939588,0.744441469208912
2004-11-07,0.07593344721814713,3.66,KERVILCO,0.0,382.1911320721408,5.207167800034283,12.273252131970589,-3.366605767394172,337.77351866897897,2.2838887754349355,0.7398240988093728
2004-11-08,0.06742724138223447,3.25,KERVILCO,0.0,321.0449592737837,2.8908285920637664,11.713161617375654,-0.0863661774207943,480.0061402411148,2.437681399091167,0.6397934999476973
2004-11-09,0.07593344721814713,3.66,KERVILCO,0.0,237.8167529943157,2.248692890356634,3.564519649160949,-4.318564438184389,439.2498038176004,1.845956806204156,0.3784962968875326
2004-11-10,0.06763470981725674,3.26,KERVILCO,2.9251266233354016,247.9732256108626,2.953563265834434,5.7911550541462935,-4.971537381590103,404.6911438857572,1.3974018202205336,0.2325979219675501
2004-11-11,0.0668048360771677,3.22,KERVILCO,0.0,225.14361657062065,2.952544996914397,0.9903098008978184,-6.594872379877387,374.4609544582721,1.3776806699531865,0.2843119505146873
2004-11-12,0.06701230451218995,3.23,KERVILCO,1.2822135404391497,186.3781430358472,4.234758586606567,-0.5948174754588135,-7.03634120233404,361.0527877307472,1.3232090654898705,0.24497782234475
2004-11-13,0.06804964668730125,3.28,KERVILCO,32.534121034641295,116.5713282223331,36.14939364439351,-3.222810541880507,-8.007167135442195,335.3640597493458,1.0168915466438584,0.1650641015497589
2004-11-14,0.06908698886241256,3.33,KERVILCO,0.0,352.8312725168565,36.14939364439351,2.6956577263933656,-9.875773835287708,289.80630978534816,1.0497731441570988,0.223644826570262
2004-11-15,0.06141065676658893,2.96,KERVILCO,0.0,363.3191939567807,36.14939364439351,6.528759129459714,-7.148977055358735,353.97583199442306,0.8660764579312629,0.177945486671137
2004-11-16,0.07987534748357007,3.85,KERVILCO,0.0,359.12777530415906,35.97765565512759,8.12888653474871,-5.589668210360187,394.1852515559163,1.105279012569901,0.2116838595284301
2004-11-17,0.07157661008267968,3.45,KERVILCO,0.0,345.7159925833194,35.59993975518972,8.01745299974665,-5.081103828876755,403.8097713450531,0.9466165308785564,0.1768036352928012
2004-11-18,0.06742724138223447,3.25,KERVILCO,0.0,311.8384376777984,34.585965966151726,7.729282535842912,-3.552054181487218,465.2373733309788,1.1041089190008213,0.267369208417773
2004-11-19,0.06473015172694509,3.12,KERVILCO,0.0,340.2894393313107,34.52469699191024,7.21913380626196,-5.897685266827146,384.51131566124366,1.358708527765632,0.2918571237512984
2004-11-20,0.061203188331566676,2.95,KERVILCO,25.24243321964132,127.15043674271097,59.7672687774371,-3.313064149704397,-8.827596766647773,313.76925340406007,0.7672140651076716,0.1178442017936065
2004-11-21,0.04253102917956328,2.05,KERVILCO,0.0,192.19990954977163,59.7672687774371,-3.334602837707441,-9.585892300864256,296.01741130247854,0.6883508367652064,0.0893098734902344
2004-11-22,0.09647282228535085,4.65,KERVILCO,0.0,347.07004815040364,59.7672687774371,1.7711107768750602,-11.173929975804846,260.92537125414225,0.8256907433698841,0.1560158503611038
2004-11-23,0.08775914801441595,4.23,KERVILCO,0.0,331.03108922899924,59.7672687774371,1.521716416302603,-10.535481028737555,273.9972052190639,0.7570055540236916,0.124502037798891
2004-11-24,0.08858902175450498,4.27,KERVILCO,0.0,290.1207754388949,59.7672687774371,-2.8885518024461057,-12.866945581282875,227.80048978433044,0.7644019084049579,0.1022005336596723
2004-11-25,0.09709522759041762,4.68,KERVILCO,0.0,295.2936165475681,59.7672687774371,2.6223463454691287,-7.775344907580939,340.5958045171679,0.8481152545239126,0.1204845214730017
2004-11-26,0.08423218461903752,4.06,KERVILCO,0.0,244.4360906730369,59.7672687774371,-2.367585103394616,-10.510292181178954,275.18823509118573,0.7380583900579588,0.0989937068369697
2004-11-27,0.07697078939325844,3.71,KERVILCO,7.38969597555128,203.6089687661591,67.15708570241382,-5.475877340571986,-12.436413060813129,235.47348774407325,0.5929053062718427,0.0897684749675134
2004-11-28,0.11058067586686454,5.33,KERVILCO,29.94860603987788,254.41057506874952,97.10582942936624,-3.2142058537260727,-16.02412596707622,176.8553956600399,0.5920465444928219,0.0840266693138871
2004-11-29,0.1315349878041128,6.34,KERVILCO,0.0,286.38762505839674,97.10582942936624,-10.588843624880068,-20.23446613681293,122.66729470615698,0.4766832815542036,0.0706343293811814
2004-11-30,0.2614102281280475,12.6,KERVILCO,0.0,386.62145717636463,97.10582942936624,-5.983127690723014,-23.086099285130683,95.27693490981108,0.9671700638937856,0.1491368058806731
2004-12-01,0.4937748753529786,23.8,KERVILCO,0.0,379.79347177872177,97.10582942936624,-3.4627273605570474,-20.18415327599901,122.93220647848896,0.9815879878055744,0.1780627167206834
2004-12-02,0.3132773368836125,15.1,KERVILCO,0.0,392.7512991647111,97.10582942936624,-1.7782629549866298,-20.893164961227995,115.56486477845044,1.026490617883745,0.190981472879554
2004-12-03,0.04107875013440746,1.98,KERVILCO,0.0,388.8502390276536,97.10582942936624,0.4955295975454885,-18.36629630866287,143.7808463846934,1.3496842513817973,0.2398439145918072
2004-12-04,0.09792510133050668,4.72,KERVILCO,0.0,384.51894183757264,97.10582942936624,2.9242288128857075,-15.71857640642576,179.73395112596103,1.1693608248964895,0.2727254977042114
2004-12-05,0.3443976021369515,16.6,KERVILCO,0.0,274.3164028718521,97.10582942936624,-2.5628185431167974,-12.469533087080569,234.71136896357413,0.9509548148868172,0.1756528202489067
2004-12-06,0.3008292307822769,14.5,KERVILCO,0.0,232.30730385932827,97.10582942936624,-4.124983174622175,-12.152482791786513,240.6991458001825,0.9901725074613452,0.1750862651875636
2004-12-07,0.2365140159253763,11.4,KERVILCO,0.0,365.9860937892807,97.10582942936624,0.4973338651714277,-15.597214444148308,182.05780927275927,1.017889006554928,0.1866009068876442
2004-12-08,0.20373400319185922,9.82,KERVILCO,0.0,222.00194295958264,97.10582942936624,-4.110550402735518,-11.76392366399718,248.38915489430096,0.9503532500180712,0.1623039861330216
2004-12-09,0.18734399682510067,9.03,KERVILCO,0.0,106.16534635552648,97.03242821960151,-2.69353997505898,-5.987705218018816,390.8987633569726,1.113035862306832,0.1731738944394665
2004-12-10,0.2240659098240407,10.8,KERVILCO,0.0,296.246339695215,97.03242821960151,2.340493828736212,-8.497741184791256,322.2452367728199,1.3618348426939602,0.2336012771768597
2004-12-11,0.33817354908628366,16.3,KERVILCO,0.0,313.6929818282512,96.58166379783565,7.282759659937157,-4.9289923956586925,423.6592683348139,1.6602507128715045,0.3299331500978028
2004-12-12,0.3153520212338351,15.2,KERVILCO,0.0,334.6004690321538,96.52135459049651,8.117140193282419,-5.890531107128285,393.67235053436497,1.5511419298184628,0.3267478636319037
2004-12-13,0.22199122547381808,10.7,KERVILCO,0.0,278.15756451083536,96.52135459049651,3.359439300231691,-7.157041685731391,357.1805197074804,1.4650236365243818,0.375543115877922
2004-12-14,0.15746854218189527,7.59,KERVILCO,0.0,318.62945819052595,96.52135459049651,3.953975587639968,-8.885782487039132,312.1963041725145,1.2956174152916364,0.3109137514304696
2004-12-15,0.11182548647699808,5.39,KERVILCO,0.0,292.0560248292015,96.52135459049651,0.5039492855345915,-10.619336444603016,272.189208708152,1.0179287130029535,0.194174656473453
2004-12-16,0.0858919320992156,4.14,KERVILCO,0.0,323.4738352637432,96.52135459049651,-1.7198595673817485,-14.651474838165443,196.6544932828466,0.8693387767549863,0.1847994924699866
2004-12-17,0.07095420477761288,3.42,KERVILCO,0.0,338.23029282023947,96.52135459049651,0.0140527785487587,-14.176418400664472,204.17067650694105,1.3613690011438082,0.2649668058776121
2004-12-18,0.05497913528089887,2.65,KERVILCO,0.0,339.3345139912134,96.52135459049651,2.184597517527952,-12.430646900836969,235.3743509411484,1.3047782818349425,0.2646867030204653
2004-12-19,0.045850524139919434,2.21,KERVILCO,0.0,347.4527393295494,96.52135459049651,4.349486543058712,-11.193337329227136,260.05889862417,1.6680860847828771,0.3275519635444401
2004-12-20,0.039626471089251644,1.91,KERVILCO,0.0,310.1904439124834,96.52135459049651,2.8631196910539787,-9.875337927009276,288.819588619716,1.594547540660484,0.2769642585556835
2004-12-21,0.14543537295060419,7.01,KERVILCO,4.756852709756336,230.20514274953368,101.27852810718804,-3.1544950436483994,-15.237162167504485,187.5196415539181,0.8991643120209467,0.1604758841256617
2004-12-22,0.564314143260547,27.2,KERVILCO,0.0,261.97947361047915,101.27852810718804,-8.734027796920445,-18.49902326197265,142.95124453234604,0.644064206600364,0.1085024252090116
2004-12-23,0.09709522759041762,4.68,KERVILCO,0.0,310.79301673259795,101.27852810718804,-13.805639751659395,-26.139582148582388,73.22558523031296,0.556014644695413,0.0896809913024883
2004-12-24,0.043568371354674576,2.1,KERVILCO,0.0,386.3702014243834,101.27852810718804,-4.700951712638708,-26.827660914867888,68.81580287865692,0.9203999175421947,0.1428815612198112
2004-12-25,0.039626471089251644,1.91,KERVILCO,0.0,354.62711879185275,101.27852810718804,2.1127230320642143,-14.862939039532913,192.986046783619,1.25730452765316,0.231369058753757
2004-12-26,0.03941900265422939,1.9,KERVILCO,0.0,350.1498807465541,101.27852810718804,4.891108432493171,-12.038186755070402,243.0073812583184,1.2359259945870815,0.3061719186930548
2004-12-27,0.0346472286487174,1.67,KERVILCO,0.0,277.9619615124544,101.27852810718804,3.864171577338543,-7.716705608770957,342.0837081234364,1.0972403052749624,0.3093690206035949
2004-12-28,0.03817419204409583,1.84,KERVILCO,0.0,266.92817745314744,101.27852810718804,3.255835738844165,-7.756747191346849,341.05570580976706,0.963636261860046,0.2168543856713836
2004-12-29,0.4999989284036464,24.1,KERVILCO,9.990099479305515,135.58217325001436,101.17522486680076,1.0763462130686317,-5.755735575643056,397.7554711037868,1.0142796497778,0.1793069582801802
2004-12-30,1.1701219735255457,56.4,KERVILCO,0.0,249.4463235558633,101.17522486680076,-2.0965295609575545,-11.644715653041496,253.75029360944552,1.3219103180867482,0.2348535124943033
2004-12-31,1.2821549284375662,61.8,KERVILCO,0.0,263.24890876098,67.36560463710958,-0.7306008143501099,-10.756943019224813,267.4839599633241,0.90525162506213,0.1800009624081789
2005-01-01,0.879666164494382,42.4,KERVILCO,0.0,277.0514939660967,33.55598440741841,0.6353279322573349,-9.86917038540813,281.2176263172026,1.0459689663823586,0.2050817711471873
2005-01-02,0.6016584615645538,29.0,KERVILCO,0.0,285.23465937425027,33.55598440741841,0.178598715410788,-10.742802223942332,262.193088079712,0.8984817340546081,0.2009180157212408
2005-01-03,0.4481318196480814,21.6,KERVILCO,5.71071976926068,218.52407592172244,39.26625973233159,1.3349755420768394,-9.869299527369126,284.7167733762313,0.7864854569772464,0.1424717405296309
2005-01-04,0.35684570823828704,17.2,KERVILCO,4.965813776906535,201.8647675310006,44.23262048569747,-0.8892782280261066,-10.507072627970846,270.9936267936184,0.6555811314669141,0.0906091002476985
2005-01-05,0.3132773368836125,15.1,KERVILCO,0.0,160.21829055309348,44.23262048569747,-7.163583260852564,-12.533017514989732,233.1310688882124,0.6838066169806697,0.1036667555516305
2005-01-06,0.28423175598049605,13.7,KERVILCO,0.0,229.92048148528764,44.23262048569747,-7.197808392928297,-15.248151157926646,185.1098372974886,0.772513614155553,0.1227459329708234
2005-01-07,0.2717836498791605,13.1,KERVILCO,0.0,333.6790346405415,44.23262048569747,-4.220668195896682,-17.35813850471253,153.98728788917322,0.6557828311868441,0.1099522809900373
2005-01-08,0.2593355437778249,12.5,KERVILCO,6.7172543890428384,216.0800898091369,50.94938365335153,-2.6599594134676114,-11.012752352639614,252.0295221618732,0.7213116398246742,0.1233639733763027
2005-01-09,0.2468874376764893,11.9,KERVILCO,0.0,185.79043709215856,50.38325030021963,1.6987354853915837,-4.651739397928333,411.324470624365,0.7408038899954543,0.1229598299025882
2005-01-10,0.2302899628747085,11.1,KERVILCO,0.0,233.1210463985516,50.07652990533439,2.512019222516092,-5.373211873937917,385.99454444645846,0.7519256384453002,0.1238331360632306
2005-01-11,0.22199122547381808,10.7,KERVILCO,14.190081842004917,117.72653755321782,49.50663918921413,0.6124009140495206,-4.642855491230703,426.0997137528149,0.7960733193128761,0.1367739052213149
2005-01-12,0.2095431193724825,10.1,KERVILCO,0.0,312.1837342287562,49.50663918921413,-4.005503657359949,-15.167037391840315,183.77426431275128,0.8086811988898228,0.1149051125862964
2005-01-13,0.19107842865550137,9.21,KERVILCO,0.0,310.6367521628435,49.50663918921413,-5.721304758944363,-16.755085875851467,159.50803935814608,0.9635611226572888,0.1456090126505572
2005-01-14,0.17385854854865382,8.38,KERVILCO,0.0,357.41518227708383,49.50663918921413,-1.5433682799825232,-15.58470169587333,173.4507498966946,1.1770336880592185,0.2046577805116258
2005-01-15,0.1665971533228747,8.03,KERVILCO,0.0,348.70715116638155,49.50663918921413,-1.210050578628515,-14.50104620420914,188.74960948574312,1.169897005627911,0.1955081993687756
2005-01-16,0.15975069496714014,7.7,KERVILCO,0.0,378.8285942188076,49.50663918921413,2.164492033705379,-13.727690254771996,195.5011139591341,1.070568576467513,0.1841856640544193
2005-01-17,0.1595432265321179,7.69,KERVILCO,0.0,324.39222391758216,49.50663918921413,0.8226282017723945,-10.76581538463368,249.2291032173508,0.9352997197120594,0.1576435913515803
2005-01-18,0.15248929974136102,7.35,KERVILCO,0.0,343.02042639065513,49.50663918921413,3.018632651505933,-9.545283327499035,266.7329113474622,1.3556660409775168,0.235067603666034
2005-01-19,0.1514519575662497,7.3,KERVILCO,0.0,376.2027140277138,49.50663918921413,7.661750675037156,-7.479518479299023,292.5647539924113,1.344162627157604,0.2629152153452552
2005-01-20,0.14958474165104937,7.21,KERVILCO,0.0,404.2397152166757,49.50663918921413,11.70704171474371,-7.211778304385748,277.1152801107462,1.5189665316829295,0.3889008906295321
2005-01-21,0.14564284138562644,7.02,KERVILCO,0.0,386.1653510128567,49.50663918921413,8.618558118325186,-7.106797476361615,294.00477826788483,1.5963833148116646,0.3448171956753923
2005-01-22,0.1319499246741573,6.36,KERVILCO,0.0,390.4847769798018,49.50663918921413,7.583447814475664,-8.276038094235874,269.7587888479701,1.2749548084164404,0.28191343788321
2005-01-23,0.1340246090243799,6.46,KERVILCO,0.0,405.7620324094873,49.50663918921413,8.69378357683179,-8.762018256161893,252.1247875567407,1.4235177766241012,0.2981019180650732
2005-01-24,0.1392113198999364,6.71,KERVILCO,0.0,402.1627302717866,49.50663918921413,8.988819312535208,-7.676563164861836,273.6997579553195,1.327410096670125,0.3560435654918611
2005-01-25,0.14833993104091586,7.15,KERVILCO,0.0,384.3126217554994,49.50663918921413,6.159042280901095,-8.21175903986942,274.8544185456014,1.2213068624859165,0.2001803435021016
2005-01-26,0.13257232997922408,6.39,KERVILCO,0.0,312.26038328936687,49.50663918921413,1.4860490423800032,-8.462124349289397,297.5948824079451,0.9730407249740683,0.1699088665054489
2005-01-27,0.11929435013779945,5.75,KERVILCO,0.0,214.86319120608368,49.10827257224541,1.3969385354609791,-5.050538748926198,402.2213858602241,0.7860522735837274,0.1056740268941433
2005-01-28,0.10373421751112995,5.0,KERVILCO,0.0,230.5862970605102,49.10827257224541,-0.7435339886439406,-7.595880342035232,329.2089022961096,0.8603433644762454,0.1128026446206266
2005-01-29,0.0935682641950392,4.51,KERVILCO,6.479380715076216,223.17300788854257,55.587245959965216,-1.901089799674737,-10.694447136540958,260.8388233497724,0.8390563424087946,0.119325278589862
2005-01-30,0.09253092201992792,4.46,KERVILCO,6.451122094254294,161.0914246821054,62.037932655386165,-2.9834767488653595,-8.754832428674533,307.62466604674484,0.7538819897770267,0.1017398008315132
2005-01-31,0.099792317245707,4.81,KERVILCO,0.0,307.11546038238896,62.037932655386165,-3.1648916822106097,-12.18959403088008,229.5372114973312,0.9270772462315474,0.1553963937656478
2005-02-01,0.10892092838668646,5.25,KERVILCO,0.0,363.2044066367288,62.037932655386165,-2.9973644869125176,-14.242619938415794,192.37321401614284,0.9101217789009868,0.1624136159568951
2005-02-02,0.10228193846597414,4.93,KERVILCO,0.0,449.8395745949333,62.037932655386165,-0.5244737283200024,-19.04636844064284,122.72918074160609,1.042863294130665,0.1822663031909942
2005-02-03,0.13319473528429085,6.42,KERVILCO,0.0,446.6682381751965,62.037932655386165,3.666041731346485,-14.369149778159876,176.16286801484213,1.0901394323546425,0.2492458486999515
2005-02-04,0.193153113005724,9.31,KERVILCO,0.0,458.4222627350155,62.037932655386165,4.698998698973703,-15.372508397876222,159.02984474237732,1.342990710637656,0.2696112783401406
2005-02-05,0.15643120000678398,7.54,KERVILCO,0.0,419.9033346364971,62.037932655386165,4.073356958337047,-11.394963254817837,225.34804572131145,1.4505154911021712,0.2716732968485046
2005-02-06,0.1433606886003816,6.91,KERVILCO,0.0,334.5372624412037,62.037932655386165,0.1088522827478178,-10.349607306087494,260.6998072900906,1.1864414419343536,0.215749006834305
2005-02-07,0.11348523395717618,5.47,KERVILCO,0.0,288.1865773802212,62.037932655386165,-2.8000958467646244,-11.334690712259189,246.97966495592752,1.0988778117742284,0.180819178470232
2005-02-08,0.10062219098579606,4.85,KERVILCO,0.0,303.0033212459718,62.037932655386165,-4.746985788846072,-13.77665800656508,201.883322644006,1.1628489238280222,0.1655146529242455
2005-02-09,0.09253092201992792,4.46,KERVILCO,0.0,430.75494779196,62.037932655386165,-1.8560097761264265,-17.190226348813994,144.19548407632666,1.4083594336556835,0.2122280877630848
2005-02-10,0.08921142705957176,4.3,KERVILCO,0.0,459.4192705134427,62.037932655386165,4.020555389458627,-14.30668397578284,167.9234915146204,1.4144370038435343,0.2962248028876726
2005-02-11,0.08630686896926013,4.16,KERVILCO,0.0,377.4632993306319,62.037932655386165,4.407719557092755,-8.117364796547761,290.58279713067105,1.384011825389868,0.2348567118987177
2005-02-12,0.08941889549459402,4.31,KERVILCO,0.0,176.06363765237603,61.014955532022825,1.6008831620549098,-3.564762905216753,448.5094661757713,1.2326106216454409,0.1727236313484742
2005-02-13,0.09834003820055119,4.74,KERVILCO,0.0,317.8292394120586,60.93164519897766,2.3053542274163195,-7.164076089533722,313.7662822815676,1.5812396615052409,0.2193512180839012
2005-02-14,0.0910786429747721,4.39,KERVILCO,0.0,322.95638013318427,60.93018368313085,2.580536437416768,-7.027101589746315,312.5592472718357,1.502052486674734,0.2188438923917219
2005-02-15,0.08609940053423787,4.15,KERVILCO,0.0,358.95139923710104,60.93018368313085,2.141511762614937,-8.515808129428821,270.6521948408532,1.2380951237335,0.1719266713659266
2005-02-16,0.08008281591859233,3.86,KERVILCO,0.0,159.30698106086672,60.80408652371996,-1.534876045181766,-5.71378225052219,379.0873649627381,1.0159971713147056,0.139379532935655
2005-02-17,0.09004130079966079,4.34,KERVILCO,0.0,448.7201868568632,60.80408652371996,4.501194323681306,-9.934942927821805,208.41307821112272,1.4222143073632734,0.2176035302541628
2005-02-18,0.06991686260250159,3.37,KERVILCO,0.0,357.44212081689324,60.80408652371996,0.5560307495230551,-9.338643970015374,256.98428561896856,1.3053368255781157,0.2171330272061492
2005-02-19,0.06535255703201187,3.15,KERVILCO,0.0,224.12355814103552,60.71796540597377,-0.1379019057259229,-5.8845236337044895,361.9837654334393,1.3927484818581657,0.2132586750971181
2005-02-20,0.06182559363663345,2.98,KERVILCO,0.0,351.0721730516619,60.71796540597377,0.9630441453272784,-8.118353799878529,278.90701012263736,1.4850935699546928,0.2268216922035757
2005-02-21,0.06016584615645537,2.9,KERVILCO,0.0,461.9941114966618,60.71796540597377,2.511777981144227,-10.871612563124836,194.35000244482856,1.4093955233586517,0.2052435762705468
2005-02-22,0.05850609867627729,2.82,KERVILCO,6.467759804616001,302.0865887396943,67.18516516161061,2.4610731720238594,-7.721347059490622,303.0041789708329,1.3173515126453752,0.1937252881671659
2005-02-23,0.058298630241255034,2.81,KERVILCO,10.2477811462871,215.9968622484436,77.43301435659534,-2.474550268772687,-9.06997805605522,297.9516966471533,1.2958918696873798,0.178026227794397
2005-02-24,0.05850609867627729,2.82,KERVILCO,0.0,530.4352848011977,77.43301435659534,3.226227403492353,-13.5248957108723,167.0819563473256,1.3245560239941854,0.1845525964895726
2005-02-25,0.058298630241255034,2.81,KERVILCO,0.0,488.7499971047345,77.43301435659534,-1.16676849273058,-14.459177361538776,170.65139775280787,1.34199107934114,0.1963619896372536
2005-02-26,0.058298630241255034,2.81,KERVILCO,0.0,480.81470208531255,77.43301435659534,-1.0573940938973037,-14.010610641312445,176.3245836597946,1.443749265914186,0.1954280505861356
2005-02-27,0.05767622493618825,2.78,KERVILCO,0.0,491.9533415528401,77.43301435659534,0.3357725174371954,-13.197983737063447,183.3794941251748,1.400218426326378,0.1782801817642809
2005-02-28,0.05726128806614373,2.76,KERVILCO,0.0,491.10139967560514,77.43301435659534,1.9199703868856264,-11.638417688059826,202.64836771989368,1.435812626038609,0.1724307617272205
2005-03-01,0.05684635119609922,2.74,KERVILCO,0.0,469.0948798114982,77.43301435659534,0.6462650181184699,-11.834125321532865,206.25164683188603,1.2574707723700034,0.1522983201960074
2005-03-02,0.05580900902098792,2.69,KERVILCO,0.0,545.1992219986686,77.43301435659534,2.1633503099543407,-15.15910085556428,143.83342766277022,1.248281375137503,0.1384639925616327
2005-03-03,0.05539407215094339,2.67,KERVILCO,0.0,501.56668851957215,77.43301435659534,2.579040973654131,-11.5985091622826,180.00240717717745,1.3512748383249142,0.2174371119715926
2005-03-04,0.05497913528089887,2.65,KERVILCO,0.0,560.8319192191797,77.43301435659534,6.053464772883663,-12.238551457246958,148.90903452234429,1.3580910837601508,0.1679672730921675
2005-03-05,0.05705381963112147,2.75,KERVILCO,0.0,485.2550411391294,77.43301435659534,4.353335674811846,-8.565375204138034,224.1528171509984,1.8560589761655624,0.324559607670643
2005-03-06,0.05705381963112147,2.75,KERVILCO,0.0,499.6995046135193,77.43301435659534,6.209358089196535,-7.027993074395979,238.47092225575324,2.200670653550082,0.3293878095555054
2005-03-07,0.06016584615645537,2.9,KERVILCO,0.0,547.6520582926912,77.43301435659534,5.103391915195808,-10.48943994747478,159.78728857754766,2.482127709220695,0.3627722073113446
2005-03-08,0.06224053050667798,3.0,KERVILCO,0.0,467.54699753339247,77.43301435659534,3.120958376982287,-8.45609964966905,216.8706384154668,2.507694364423137,0.3650053175395152
2005-03-09,0.07468863660801357,3.6,KERVILCO,0.0,552.8589851262864,77.43174684900981,7.484359259161275,-8.355289972005782,176.213474275078,2.6996811202257027,0.4066589761712952
2005-03-10,0.0848545899241043,4.09,KERVILCO,0.0,540.2256510489788,77.43174684900981,7.230947072508094,-7.848617710784282,187.65569838799672,2.730080508181372,0.4237705902396206
2005-03-11,0.12655574536357853,6.1,KERVILCO,0.0,585.9320591091339,77.43174684900981,8.46814311831602,-9.874624785661007,145.3769784400374,2.9252898587327185,0.4925554550402947
2005-03-12,0.16784196393300826,8.09,KERVILCO,0.0,534.8739707418451,77.17158796031093,8.872881129793123,-5.496164851226583,216.53924061364967,2.715108016252018,0.412740502209597
2005-03-13,0.14730258886580452,7.1,KERVILCO,6.201779301973958,416.4833773663466,83.3735255340757,1.56886126424183,-10.976578153416206,197.7463907840538,2.072040994271816,0.2907444281946549
2005-03-14,0.1315349878041128,6.34,KERVILCO,8.516549537726986,280.5425116895801,91.89057826199296,-6.197031375092519,-14.54828562334585,194.6636787671733,1.3019822634840117,0.1790094529295466
2005-03-15,0.13340220371931313,6.43,KERVILCO,0.0,585.8790914342509,91.89057826199296,-2.7386812296017946,-19.456297670901144,101.23947498074888,1.1968863734682966,0.1240932654270451
2005-03-16,0.3236507586347255,15.6,KERVILCO,0.0,583.10910485378,91.89057826199296,-2.177568789938338,-18.695141306145924,105.67195596270012,1.2658145448748257,0.1386454948506924
2005-03-17,0.12448106101335596,6.0,KERVILCO,0.0,488.8331749579591,91.89057826199296,0.4790768997286851,-11.535495950752743,195.82274197889475,1.3240631665054017,0.1441969174826876
2005-03-18,0.1184644763977104,5.71,KERVILCO,0.0,435.25661762881526,91.89057826199296,-1.1337226715891806,-11.503204921252609,210.5619220574332,1.391478558474621,0.1528678364417787
2005-03-19,0.12697068223362307,6.12,KERVILCO,0.0,571.174680033689,91.89057826199296,4.389153110566534,-11.267370476642906,168.72030275582293,1.4077497766655076,0.1371970987659909
2005-03-20,0.08672180583930464,4.18,KERVILCO,0.0,464.8850342438688,91.8306719184394,5.006425734526432,-6.207306906655803,279.9277319153956,1.9178964948698605,0.24907618548536
2005-03-21,0.08838155331948272,4.26,KERVILCO,0.0,390.9777020696896,91.8306719184394,-1.6612242626185012,-10.63913779571161,237.16969160849408,1.795122939641176,0.2053606307114136
2005-03-22,0.10020725411575153,4.83,KERVILCO,0.0,594.389891686493,91.8306719184394,4.634380222869345,-12.28475458923225,149.41200145325254,1.959738456668571,0.2438298071078551
2005-03-23,0.0771782578282807,3.72,KERVILCO,0.0,440.53060832859376,91.76147787248289,3.477979437755118,-6.926263332398681,276.9806005343285,2.4857892400313712,0.3838393083110927
2005-03-24,0.07468863660801357,3.6,KERVILCO,0.0,424.6222999138363,91.76147787248289,1.1429037354009606,-8.768294264990885,253.6684476843468,2.0532554041854967,0.2789900572432808
2005-03-25,0.06991686260250159,3.37,KERVILCO,5.069088866066361,343.885259056999,96.83101650355589,-0.5647512619140941,-10.945937233508156,243.0533335974108,1.5405577703472904,0.1582524608393616
2005-03-26,0.06908698886241256,3.33,KERVILCO,0.0,509.0658518346368,96.83101650355589,-0.0119450226447694,-12.196929555895933,187.0289345045288,1.472749582384555,0.1433214413521611
2005-03-27,0.08319484244392622,4.01,KERVILCO,0.0,621.5192935945256,96.83101650355589,5.9981364928733125,-11.632648527235451,153.7874890543539,1.7352764424950529,0.1779145996100648
2005-03-28,0.1014520647258851,4.89,KERVILCO,0.0,576.5186071759878,96.33486798927392,10.32056035889488,-4.835287677869238,252.24226788448496,3.124066274331368,0.5357166884235129
2005-03-29,0.10933586525673096,5.27,KERVILCO,0.0,478.05744186096206,96.33486798927392,1.3574546664112257,-9.71975937604008,227.48420560972056,2.431849095957128,0.3303476571456584
2005-03-30,0.10726118090650837,5.17,KERVILCO,4.008082610676759,301.3764093838326,100.3430838994443,-4.007567132733202,-11.091989285640205,247.0273677971529,1.9007598389754432,0.2193424354244843
2005-03-31,0.09149357984481662,4.41,KERVILCO,0.0,504.4971151550908,100.3430838994443,-2.9219427089701835,-14.392909060428671,165.94122092712982,0.9826827539246769,0.0793556302361539
2005-04-01,0.10311181220606318,4.97,KERVILCO,0.0,689.400256904571,100.3430838994443,5.801516093284193,-16.85455394072849,95.7079192846374,1.5639615165806862,0.1508961290560908
2005-04-02,0.12427359257833369,5.99,KERVILCO,0.0,653.5503958801451,100.3430838994443,9.704657745021764,-9.12958405943013,169.4230579230112,2.7589085107238267,0.4446651746376134
2005-04-03,0.17219880106847574,8.3,KERVILCO,0.0,578.803109012774,99.3164248050602,11.089727133285397,-3.555821120570392,279.0686995366748,3.1204590838997426,0.5800504795471835
2005-04-04,0.20041450823150306,9.66,KERVILCO,0.0,544.3478081138207,98.53192536659768,8.781759359765891,-4.152620886174349,270.6006211503636,3.0528915489593857,0.4985336387156648
2005-04-05,0.1547714525266059,7.46,KERVILCO,0.0,516.3842425396359,98.51797742267,3.083868755666634,-8.692306381664933,207.19020790266896,2.1454317040627644,0.240465906892738
2005-04-06,0.18983361804536783,9.15,KERVILCO,0.0,686.5071810600203,98.51797742267,9.61455663576812,-11.21585169614744,120.34881461174815,2.7603507661560824,0.4323589675769861
2005-04-07,0.21784185677337292,10.5,KERVILCO,0.0,655.4020158548667,98.27485901454712,13.050550379985893,-5.421324093343175,185.7398912266628,3.0992393706595505,0.6224433551877633
2005-04-08,0.19730248170616918,9.51,KERVILCO,0.0,517.4268298722088,97.7620845717688,7.141276186287915,-4.804825789979769,258.6031517279389,3.315105449934776,0.5203798722883242
2005-04-09,0.16576727958278567,7.99,KERVILCO,6.694285071283714,428.6204160944382,104.05602890720569,5.568070279036953,-8.17074240305623,223.75712513118364,2.7619507105147165,0.4337441634149632
2005-04-10,0.13049764562900149,6.29,KERVILCO,8.796075660564917,237.0657147802349,112.85209644457646,-2.37894379534441,-8.765707600061592,304.5518398563547,1.726471214741741,0.179193864866815
2005-04-11,0.16286272149247402,7.85,KERVILCO,0.0,566.8157236640582,112.85209644457646,1.0870097508511876,-11.573855097680786,176.37886181158868,1.792995023844838,0.1783743575386413
2005-04-12,0.1350619511994912,6.51,KERVILCO,0.0,691.7359465430577,112.85209644457646,7.916188445949211,-11.071570697526864,114.79918477450435,2.091665413961931,0.2218660496289089
2005-04-13,0.17240626950349802,8.31,KERVILCO,0.0,659.248789056082,112.77734497358216,11.265411456671934,-5.995232437617818,166.11048786642786,3.2523696475574675,0.5736419333324216
2005-04-14,0.1929456445707017,9.3,KERVILCO,0.0,607.2542241015797,110.53434806710878,14.09455996821801,-0.6584669391088075,255.1616180659587,3.8220849946304383,0.7144150384979626
2005-04-15,0.20103691353656986,9.69,KERVILCO,0.0,576.4683545713578,109.10268986985584,10.958920193727687,-2.5906518839237944,247.5678816582692,3.318829037346526,0.7443766745488491
2005-04-16,0.2095431193724825,10.1,KERVILCO,0.0,642.6331279610309,107.65936868958998,13.489744424224911,-2.5632697780661244,207.28886829584536,3.4689482075970286,0.7343195983068046
2005-04-17,0.2282152785244859,11.0,KERVILCO,0.0,550.420986982246,105.05563898845968,12.800658566880903,0.2018481904438666,298.7238661413252,3.671989769170948,0.7016236978395824
2005-04-18,0.24273806897604408,11.7,KERVILCO,0.0,600.280264527273,102.6939257855051,14.02482277054362,-0.3789304846060396,261.27297767481,3.717528324635595,0.6899980656684391
2005-04-19,0.27593301857960567,13.3,KERVILCO,0.0,561.6286430692741,100.56817770424765,12.175402157350549,-0.9389837276661468,276.0046541941932,3.719008352200262,0.6210936260631584
2005-04-20,0.2863064403307187,13.8,KERVILCO,0.0,649.7476942985176,100.13488276087062,11.230376022095529,-5.249470903974123,171.81160843856708,3.82332204053146,0.5945318754506919
2005-04-21,0.2821570716302735,13.6,KERVILCO,0.0,623.7174511866613,100.11575664354,7.57988888776813,-7.538525495706577,163.11698379407434,3.027954283555905,0.3967559507220746
2005-04-22,0.28008238728005086,13.5,KERVILCO,0.0,649.7176043381687,100.00349875726356,10.169451584748858,-6.346589820713677,161.99189910375833,3.136637685715523,0.5177997467260086
2005-04-23,0.2966798620818317,14.3,KERVILCO,14.524108034755727,473.8868550315866,98.6640211466541,13.469874544408036,-2.796807429186815,267.17012600338467,3.274174496757104,0.6129126998246529
2005-04-24,0.3651444456391775,17.6,KERVILCO,17.142444820619218,181.4970292380192,97.62672644113664,1.8443782295548123,-3.1810668426334976,477.16906236408215,2.750235112232041,0.3832700907914302
2005-04-25,0.3236507586347255,15.6,KERVILCO,11.29548267497663,367.3538472664098,100.00743469194364,5.550898138121919,-4.711094483215,389.7365516240392,2.284951931719956,0.2604808717696331
2005-04-26,0.2987545464320543,14.4,KERVILCO,0.0,645.4728496711841,99.96391312333658,8.631776968907852,-7.49089510953112,232.9822479473494,3.0165048527251885,0.384478539705459
2005-04-27,0.30497859948272205,14.7,KERVILCO,5.29320886584075,434.7292336670239,100.61284968696783,8.29069082426202,-4.950908119914686,358.2660715994846,3.1685591609040613,0.4444924632065595
2005-04-28,0.27385833422938305,13.2,KERVILCO,4.585362216850386,314.1170825880183,99.69529791491736,4.788476253051411,-3.674164589274677,445.0643089984737,2.95818178319942,0.3894557938292586
2005-04-29,0.27385833422938305,13.2,KERVILCO,5.9495860329047545,295.7075025328646,104.04811770648378,1.9515473582436889,-6.167646671340358,372.2627339421016,1.932155656872492,0.2305713995286048
2005-04-30,0.2510368063769345,12.1,KERVILCO,8.772113722694293,394.0818891443711,109.0915865044932,5.36566040094496,-6.109407350317317,363.0367248003019,2.5471301926007075,0.2864337722468363
2005-05-01,0.2510368063769345,12.1,KERVILCO,9.562994601567778,299.249297682384,112.19679389881068,2.6413537007412065,-5.357495911613026,404.1418550926804,2.082062891515725,0.2234285958055501
2005-05-02,0.2551861750773797,12.3,KERVILCO,8.914191170249072,365.1007891757759,113.71386559313974,5.082523059856476,-4.691985632293393,423.9071731052003,1.706311064600957,0.1790553057163211
2005-05-03,0.2551861750773797,12.3,KERVILCO,5.561572966522152,432.88279076875466,114.36026777669656,7.708462605289616,-4.582619530032556,412.6398653599917,2.8264795574569552,0.3056891888384018
2005-05-04,0.2572608594276023,12.4,KERVILCO,0.0,591.8077570417078,113.18081682567848,9.67721241315682,-3.0249199710199,397.81849017071374,3.199005720083901,0.3736949422370097
2005-05-05,0.26970896552893786,13.0,KERVILCO,0.0,616.8925698403372,111.60187044832648,11.710282188743795,-2.016545536301821,408.9722906757976,3.515148563808041,0.5301205389476101
2005-05-06,0.2863064403307187,13.8,KERVILCO,0.8629280230093828,533.0321024276229,109.24038291017943,12.191685466900283,-0.0093993522519494,505.23593844017415,3.7965147302002458,0.5467443189971329
2005-05-07,0.3029039151324994,14.6,KERVILCO,0.0,465.6629007867615,107.99943996039865,6.172205235490249,-2.803434835099599,457.0181957619476,3.049481197195456,0.368983246826625
2005-05-08,0.30705328383294467,14.8,KERVILCO,0.0,520.0124310309436,106.06542689300991,9.364643786339188,-1.1224628133631551,481.1435072136808,3.09852029508388,0.3608345760603459
2005-05-09,0.33609886473606104,16.2,KERVILCO,0.0,680.0390212493256,104.27623479245152,14.604711025527852,-1.4649592342372666,386.5862160263425,3.958991886775969,0.5650796477899613
2005-05-10,0.4024887639431842,19.4,KERVILCO,0.0,605.6095246845013,101.19403295825238,14.971293754027984,1.824802833863319,524.5416759556849,4.3770368641487805,0.6524646914499953
2005-05-11,0.48132676925164297,23.2,KERVILCO,0.0,649.5597312205967,100.77573912996831,9.426342898766126,-5.161648891867942,324.0508826274428,3.1918712385854904,0.4417426502489218
2005-05-12,0.4585052413991944,22.1,KERVILCO,0.0,656.5239214408911,100.75516407836724,8.262775962457718,-6.593864448455079,291.0132065085912,2.9879273582126062,0.4055015929500724
2005-05-13,0.42323560744541017,20.4,KERVILCO,0.0,588.2410351296027,99.23040166080013,10.229502164251622,-2.065270367045478,420.6941069881317,3.227394607514495,0.4204500598787036
2005-05-14,0.4024887639431842,19.4,KERVILCO,0.1774519971633195,574.9993050561199,97.23272693133,10.984236844672662,-0.8655272702238075,460.0937638842743,3.439978715937164,0.5247086909377735
2005-05-15,0.419086238744965,20.2,KERVILCO,0.0,649.0535425510682,95.36873090325496,13.38394897216006,-1.1316415361762802,410.0627761835235,4.051421855270421,0.6253188985482431
2005-05-16,0.5062229814543141,24.4,KERVILCO,0.0,642.8617130155269,92.29495295189504,16.45093233791399,1.932653157612888,497.4587793422894,4.224447048244761,0.6748856674491901
2005-05-17,0.6120318833156668,29.5,KERVILCO,0.0,455.4701297426537,88.57537879814149,12.665167205167336,3.760767708889504,695.8610892935459,4.276919160506947,0.5859740402207733
2005-05-18,0.7033179947254611,33.9,KERVILCO,0.0,609.6331837459167,85.73293005985536,14.73652553477425,1.4737273283582453,503.2079343219148,4.490699672638678,0.6556840396338798
2005-05-19,0.7925294217850328,38.2,KERVILCO,0.0,706.3073527993134,83.22999707150868,19.153132709551286,0.7091837201571445,412.0808953747947,4.858894583286453,0.8572908366251292
2005-05-20,0.9958484881068477,48.0,KERVILCO,0.0,680.9438475587597,79.19064652139676,22.039525847669687,4.842190609791963,550.6114603536213,5.563917102545873,1.2301150932454348
2005-05-21,1.1203295491202034,54.0,KERVILCO,0.0,646.898177618719,74.74857105315772,21.66004628879029,6.0662806497183945,623.2360971303618,6.1266735488097215,1.2323050114470686
2005-05-22,1.3029017719397922,62.8,KERVILCO,0.0,660.7810862504609,70.80885264430879,21.080112464130195,4.84934479358577,566.1288218049338,5.862894823490007,1.2308281906801255
2005-05-23,1.3257232997922408,63.9,KERVILCO,0.0,657.073343784804,66.80003074919983,21.41213476629704,5.128146471467409,578.0417730765495,5.714293680200243,1.232332378747852
2005-05-24,1.2800802440873438,61.7,KERVILCO,0.0,628.2294337602153,63.17202690763881,19.869087524150025,4.629625633724406,565.205247921998,5.540688401446567,1.106125220919698
2005-05-25,1.2448106101335594,60.0,KERVILCO,0.0,613.1224287810659,60.33894434023043,17.261364282290238,2.7911037978657984,488.27695024374896,5.135400287244435,0.8923944082003392
2005-05-26,1.226138450981556,59.1,KERVILCO,0.0,588.7378825036337,57.8952968372708,15.34526434852646,1.770556717924098,476.9758484814911,4.873685711834665,0.7916584623355422
2005-05-27,1.2012422387788848,57.9,KERVILCO,0.0,625.042771150941,55.63720242248067,16.526968511383583,1.4396622403868542,441.7153457591335,4.593350946294311,0.7546587900620985
2005-05-28,1.3796650928980283,66.5,KERVILCO,0.0,602.5636406166971,53.19516062304121,16.622008235509064,2.157894916460799,476.4167629933901,4.492940889746132,0.7630314667535655
2005-05-29,1.2966777188891245,62.5,KERVILCO,0.0,578.6783572337833,51.23862527146866,14.80165618885568,1.1851316059641022,466.6945986124937,4.314586072359851,0.6962192433524468
2005-05-30,1.2655574536357854,61.0,KERVILCO,0.0977787748918823,489.46552010162645,49.48884455708375,11.614442470200556,0.7379251964992007,513.4626363819204,4.326876069133935,0.6177069170604488
2005-05-31,1.1784207109264362,56.8,KERVILCO,0.0,563.9074514507791,48.110880327863015,12.919186746398566,-0.5240201665270952,426.876022498305,4.160155524589,0.55797250651527
2005-06-01,1.1182548647699808,53.9,KERVILCO,0.0,629.8730819370579,46.59828947977331,16.969396033948257,0.2407783437256838,399.8833713821557,4.842851520151923,0.7698154803349971
2005-06-02,1.087134599516642,52.4,KERVILCO,0.0,505.9595519576762,44.00994207180622,16.61705064235648,4.619099535532217,631.2565971456518,5.113984367469874,0.8460023916524158
2005-06-03,1.0684624403646386,51.5,KERVILCO,0.0,593.8828546473843,43.01162765402236,14.446570482425717,-0.555734586527184,410.3766855115021,4.5080639673371845,0.6753234420862892
2005-06-04,1.0165953316090737,49.0,KERVILCO,0.0,400.850306964326,42.044534842478704,7.616704283307142,-1.3339596041252135,495.067088685644,3.371013973164743,0.3719035720452109
2005-06-05,0.9273839045495018,44.7,KERVILCO,0.0,612.758002742587,40.882519517856174,15.440521448925017,-0.6394555921018943,389.063104270084,4.499248787446855,0.6708848663002935
2005-06-06,0.8547699522917109,41.2,KERVILCO,0.0,543.8319162934487,38.63891308448314,17.28820334280245,3.714028821928181,562.9679431969234,5.436715031101765,0.8583441275490497
2005-06-07,0.83817247748993,40.4,KERVILCO,0.0,542.2285278590443,36.78327722418331,16.078539492322232,2.567526201061995,525.4060931875204,5.2155708050569975,0.7951419641422488
2005-06-08,0.8236496870383719,39.7,KERVILCO,0.0,610.4475379261667,35.21170511296425,18.42564682965112,1.741482148735685,447.0577029527505,5.32820132176121,0.8875689428462182
2005-06-09,0.8236496870383719,39.7,KERVILCO,0.0,514.0698862115476,33.7008289337738,14.414881722835302,1.859723460127945,526.1080279826785,4.119659750581618,0.6742620343668265
2005-06-10,0.8029028435361459,38.7,KERVILCO,4.191245570618684,384.1633182513068,32.55360193333647,12.415114644624907,0.6345093319467922,568.0226347295782,4.141533433012526,0.5992852894463542
2005-06-11,0.7655585252321391,36.9,KERVILCO,5.856083002516024,433.33982529687336,31.86221796431077,13.373429846309005,-1.806142226002871,459.01446968051465,3.84109043046792,0.5586019706896256
2005-06-12,0.7738572626330293,37.3,KERVILCO,0.0,310.6657302118666,30.57117687247208,8.567100567657583,1.4595311313089314,640.7854042943077,3.522720851476433,0.4343736225483813
2005-06-13,0.7116167321263515,34.3,KERVILCO,0.0,553.7725327433272,29.58388534516135,14.259637303393768,0.2261901402214436,435.7526114368188,4.889627836075153,0.6502905152126945
2005-06-14,0.6556002546703413,31.6,KERVILCO,0.0,638.6848808847875,28.74643477489577,18.41289676143771,-0.4605763513619784,357.70501851970454,5.019068281073991,0.8905052638050722
2005-06-15,0.6721977294721221,32.4,KERVILCO,1.40909420258233,491.4866869804811,26.919785624545955,18.10439650062189,4.773975262986711,622.2457598490445,5.228285206672909,1.0310489337383453
2005-06-16,0.7074673634259063,34.1,KERVILCO,0.0,584.3372080938966,25.05258896174652,21.484835036863814,5.201879797781224,557.7191246438672,5.659856606726203,1.154562199660409
2005-06-17,0.6929445729743481,33.4,KERVILCO,0.0,593.3067444889589,23.312362207818488,21.873785573779035,4.815088666571124,535.1477763162732,5.584778973784196,1.1192655264369302
2005-06-18,0.7178407851770193,34.6,KERVILCO,0.0,605.1456211086661,21.605062267386867,23.79389237432463,5.790843223098163,553.0376880431603,5.800316761180345,1.2480450422588254
2005-06-19,0.7365129443290227,35.5,KERVILCO,0.0,600.7875224666894,19.89638182429925,24.365012096686723,6.427171814323074,577.7229973875956,5.838587409251742,1.303061022571564
2005-06-20,0.7489610504303583,36.1,KERVILCO,0.0,590.2571203985779,18.269716396454285,24.815895675157,7.192156010652152,615.320971265759,5.595152588597688,1.4554891927100024
2005-06-21,0.7572597878312487,36.5,KERVILCO,0.0,557.5935816866862,16.62390311902575,23.63351376768889,7.680307792056669,671.5697480177254,5.529192924277366,1.4095972796207783
2005-06-22,0.7427369973796903,35.8,KERVILCO,0.0,560.152655266727,15.428787093024331,22.12317683798221,6.148070263611109,609.0046070077676,5.196627506332774,1.2802319300856622
2005-06-23,0.626554673767225,30.2,KERVILCO,0.9743546082895652,507.694126835576,14.446298960786365,20.120298420338425,5.348901856937711,636.1777045286847,5.630820569506201,1.0566552527743982
2005-06-24,0.553940721509434,26.7,KERVILCO,3.9993048686361736,433.5387815150687,13.601928372618518,20.38578450568309,4.228364448452792,631.293581563198,4.899004509570314,0.9530366510048688
2005-06-25,0.5248951406063176,25.3,KERVILCO,3.111865176404321,354.42146261308574,12.810157054180928,16.5271665152248,4.115016158660643,726.9239165549914,4.771609937088301,0.9249007018932406
2005-06-26,0.502073612753869,24.2,KERVILCO,0.0,517.3723077790868,12.020208656940603,18.1104412583447,4.063598210825659,586.8435918602275,4.992234574035139,0.8302999577095125
2005-06-27,0.4647292944498622,22.4,KERVILCO,0.0,551.988516943478,11.080286755815234,21.15049373375621,5.270287514922981,596.2049885088743,5.740951805359741,1.0828458564415784
2005-06-28,0.439833082247191,21.2,KERVILCO,0.0,545.5021839520765,10.136013539181526,21.306701035734577,5.720993662415231,619.5005301432714,5.891999597981989,1.204828766164976
2005-06-29,0.42116092309518766,20.3,KERVILCO,0.0,541.0587078809286,9.295044371785908,20.13562806250589,4.581124415044908,571.2712536220571,5.830739374053819,1.0165949567955574
2005-06-30,0.4045634482934068,19.5,KERVILCO,0.0,556.4215991160569,8.52694121748234,20.935607135309752,4.553506737917514,554.8435675475148,5.7351683972897485,1.1036437839871616
2005-07-01,0.37966723609073566,18.3,KERVILCO,0.0,546.9443400138222,7.582874135198952,21.73889083217445,5.610641248253697,601.8752249593659,5.7769488223296985,1.1573167152799249
2005-07-02,0.3651444456391775,17.6,KERVILCO,0.0,543.61184085809,6.68062926585145,23.64732322814736,7.311361337032562,668.3709715578244,6.189159550225214,1.3806428517491125
2005-07-03,0.34647228648717404,16.7,KERVILCO,0.0,514.4057323852754,5.9897796752812775,20.885523524777373,6.060206970491449,652.0151257419275,5.7370570156682215,1.1939265391583942
2005-07-04,0.32157607428450286,15.5,KERVILCO,0.0,544.1234952602874,5.435615112867131,21.212121640278028,4.760148739212582,571.3496555753494,5.886968070189489,1.145307650054689
2005-07-05,0.3132773368836125,15.1,KERVILCO,0.0,493.1570254446431,4.756059025326553,21.04509435022601,6.819605008722213,705.7300643725408,5.79923207581109,1.2869004553786323
2005-07-06,0.29460517773160905,14.2,KERVILCO,0.0,540.1843054571715,4.131132122300151,23.29270604244584,6.7060673556182335,647.981795417192,5.361089963999603,1.3777038083608515
2005-07-07,0.27593301857960567,13.3,KERVILCO,0.0,542.4881186622226,3.5214881919822,24.31685735055053,7.415232774140353,671.0888472313944,5.202819299429712,1.4161837713630594
2005-07-08,0.2614102281280475,12.6,KERVILCO,0.0,541.8950432214456,2.901321040338805,25.094564565695585,8.134478385315726,701.4698662552389,4.923957167947192,1.5096966399078915
2005-07-09,0.2551861750773797,12.3,KERVILCO,0.0,523.1689084164018,2.4422871145780483,23.53230343999206,7.526163198194911,671.0060072021038,5.173104353520061,1.4535969317580204
2005-07-10,0.24273806897604408,11.7,KERVILCO,0.0,536.6779644363697,2.076155856184776,23.65160160243049,6.830088192910976,591.053210852789,6.119161695756632,1.3296366520028895
2005-07-11,0.2323646472249311,11.2,KERVILCO,0.0,553.1141062249028,1.7534980428012166,25.191922759387765,7.190341755005489,582.9976629014936,5.596119144784721,1.4394234102072443
2005-07-12,0.1977174185762137,9.53,KERVILCO,2.6475701224192623,401.3768202525353,1.3899660402992786,25.02234565820168,9.786530224718645,884.7646569272993,5.380754541991371,1.4963975458755092
2005-07-13,0.19626513953105787,9.46,KERVILCO,0.0,524.5727812797593,1.1244041532618223,25.16316130122331,8.31702805568262,669.9811227803604,5.3898726786667766,1.3225655286809006
2005-07-14,0.18547678090990033,8.94,KERVILCO,3.1008202753219027,406.7013785051333,0.8843938669568588,26.859294222506467,8.2840764116104,793.7863538488882,6.120877066775966,1.494873415455478
2005-07-15,0.20518628223701507,9.89,KERVILCO,0.0,499.539068698772,0.6898139973320838,23.63526867250886,7.951434235037921,702.1100645768246,4.952119686985084,1.368906976081723
2005-07-16,0.19419045518083525,9.36,KERVILCO,0.0,543.948622321302,0.565521277447857,25.256703679555496,7.073670111996994,612.5883625420606,6.186149407010687,1.568312421899751
2005-07-17,0.1717838641984312,8.28,KERVILCO,0.0,545.9427856920579,0.4507320886808507,26.8079215823416,8.235093361422734,655.7326993492574,6.230104178010728,1.4678766516765496
2005-07-18,0.15767601061691755,7.6,KERVILCO,0.0,509.49419518109903,0.3540697490025319,23.873747594749016,7.551979280312303,674.2418680702926,5.781226940874785,1.3023863356147791
2005-07-19,0.14481296764553744,6.98,KERVILCO,0.0,546.3938554173077,0.2498439354553964,27.05301518284904,8.347588084834236,661.0637366468867,6.384565972483724,1.5751572764577149
2005-07-20,0.13589182493958024,6.55,KERVILCO,0.0,506.6038272117983,0.1740384726892322,27.893462438685884,11.21972279127995,849.7854315043171,5.109298132631465,1.866352359084916
2005-07-21,0.1313275193690905,6.33,KERVILCO,0.0,506.62131745112896,0.1201158043533025,28.31990678198289,11.601011604291818,867.9327465949895,5.509669408747125,1.7360700890330132
2005-07-22,0.12759308753868984,6.15,KERVILCO,0.0,503.7853381144958,0.0828578098852231,27.22229178068995,10.727728856160894,829.5586538559502,5.850070994450349,1.5608671715341191
2005-07-23,0.1284229612787789,6.19,KERVILCO,15.315773752667038,399.1258235846474,0.0552454152474891,26.10856217402776,8.76704070148466,792.3788785159794,5.807536926703034,1.4157032898779789
2005-07-24,0.1433606886003816,6.91,KERVILCO,25.690521444926382,357.5763267762596,0.0323080764245734,22.36355727795757,7.311030248529183,769.3331568419866,4.635316061230176,1.0747090657298204
2005-07-25,0.2240659098240407,10.8,KERVILCO,13.440649243060582,271.4800127472506,0.01205350847031,17.523775260716853,6.95653822832919,928.9481458689012,4.213025341739726,0.7830234087865041
2005-07-26,0.18381703342972225,8.86,KERVILCO,0.0,416.3122543614739,0.0051682142722484,18.44700561461997,6.1301623916337205,770.7385224740336,4.669473775789577,0.8197842237378217
2005-07-27,0.14439803077549287,6.96,KERVILCO,0.0,494.6383195168556,0.0015783168318219,20.67039506023075,5.111149383588526,626.4054928338135,4.973175810107827,0.9115685002247884
2005-07-28,0.1319499246741573,6.36,KERVILCO,0.0,510.7735375597973,0.0,22.187608735183964,5.693587231217938,616.111678811588,5.199128568035599,1.2035575695019751
2005-07-29,0.11742713422259911,5.66,KERVILCO,0.0,534.4567929547438,0.0,24.86103527580284,6.8145835407799495,607.5026722627769,4.957575965834505,1.4298505730717983
2005-07-30,0.10539396499130803,5.08,KERVILCO,0.0,513.2446353883539,0.0,25.98253870551462,9.020774029427129,680.9269222962646,5.104490708560621,1.5029810109450603
2005-07-31,0.09709522759041762,4.68,KERVILCO,0.0,466.7544947525162,0.0,23.67047524462524,9.09019896618432,697.2638585561368,4.4557982389670885,1.3006363394220664
2005-08-01,0.09066370610472758,4.37,KERVILCO,0.0,493.2777165781064,0.0,24.14778271872154,8.525042392779842,587.3322846156651,4.536353068138963,0.9833364370543524
2005-08-02,0.08215750026881492,3.96,KERVILCO,0.0,472.6394137158807,0.0,23.28668161530387,8.658669927442242,587.0061244649155,4.590626046017385,0.9850803170282392
2005-08-03,0.07904547374348103,3.81,KERVILCO,8.39785262395973,373.34817741500416,0.0,23.092191313884857,7.473754289142223,667.1524994393079,4.382897764992776,0.9276833467477812
2005-08-04,0.10414915438117447,5.02,KERVILCO,10.25713287028674,163.79633216518977,0.0,13.175807482692225,7.093865750050259,978.9978847076508,3.838926544745137,0.5328190033011205
2005-08-05,0.12448106101335596,6.0,KERVILCO,4.28706629109428,267.0035183687487,0.0,15.485109967354912,5.903192237325488,835.4764523265775,3.575794143258806,0.4763154010073183
2005-08-06,0.09087117453974983,4.38,KERVILCO,0.0,466.0544327501729,0.0,20.05867224535225,6.078124172798364,628.3436965041105,4.147664985285121,0.7000605596178544
2005-08-07,0.0786305368734365,3.79,KERVILCO,0.0,424.22753319682056,0.0,19.30521036689919,6.959685875498267,714.7293285252963,4.2271397215432005,0.8345711896441027
2005-08-08,0.0692944572974348,3.34,KERVILCO,0.0,519.4992267844373,0.0,22.90736176001206,6.270181349702639,577.1701572617893,4.249751508257749,0.9935598317162458
2005-08-09,0.06535255703201187,3.15,KERVILCO,1.8514312323443023,414.4524160682619,0.0,22.309676461138714,7.76097864739879,754.4321245892482,4.024283934526525,0.8755703823946704
2005-08-10,0.06535255703201187,3.15,KERVILCO,6.055561538417147,313.8850107638873,0.0,19.69124623905708,7.449341795058983,886.4762274596238,3.951240476715098,0.6486751054212821
2005-08-11,0.07738572626330295,3.73,KERVILCO,17.798701609919696,244.7127358014285,0.0,16.300882875453237,7.323978243863968,994.9773966796324,3.0196740675923,0.4723600652286412
2005-08-12,0.1097508021267755,5.29,KERVILCO,5.039926458843487,313.2459678623245,0.0,18.24543539245079,6.235761862603097,907.8687038918604,3.3874841339992563,0.4148557699701323
2005-08-13,0.14937727321602715,7.2,KERVILCO,0.0,415.8977584227013,0.0,16.831002610681267,5.2921992766314085,775.1222657220846,3.3880286273859195,0.5292642954375588
2005-08-14,0.1246885294483782,6.01,KERVILCO,0.0,399.716192836964,0.0,16.3453572138602,5.429359748999709,798.0598557911349,3.626580123611625,0.5165398073217835
2005-08-15,0.1184644763977104,5.71,KERVILCO,0.0,385.8303301339222,0.0,15.487102547896562,5.100604307686829,789.128880595777,3.543466611946408,0.5757083906379146
2005-08-16,0.13112005093406826,6.32,KERVILCO,3.968495876990375,353.6789256065389,0.0,16.155618792163178,4.320327457036954,785.0569226752184,3.1745136059372645,0.5060212550337893
2005-08-17,0.13526941963451347,6.52,KERVILCO,0.0,438.4889047577047,0.0,16.589429664649902,4.589496844755245,732.5417393174121,4.22946128294292,0.6737336900237316
2005-08-18,0.0993773803756625,4.79,KERVILCO,0.0,468.83820084896206,0.0,18.47097704701009,5.29477920108879,736.5700110126096,4.366479313229567,0.7866033311334649
2005-08-19,0.09024876923468306,4.35,KERVILCO,0.0,513.8662896042223,0.0,19.87703544358629,4.642309422588345,666.0238702705564,4.432456847431379,0.8461537172816476
2005-08-20,0.08008281591859233,3.86,KERVILCO,7.049306534161041,378.9288517016191,0.0,18.54660974988556,4.73664636459768,781.062747323284,3.740384553181805,0.8670415493169487
2005-08-21,0.08257243713885945,3.98,KERVILCO,2.101343046706083,444.87939968199913,0.0,20.0208742553583,4.490692808173397,726.972460136656,3.680931547327464,0.7757394109814464
2005-08-22,0.07655585252321391,3.69,KERVILCO,2.259807325647952,358.2280867368004,0.0,18.37851050219708,5.498690558766722,863.328001857292,3.6518060596710176,0.675623415519162
2005-08-23,0.07053926790756837,3.4,KERVILCO,0.0,470.1696485694778,0.0,18.20432461677052,5.110156074680508,761.0816587590485,3.916403096716542,0.7916899997181779
2005-08-24,0.0713691416476574,3.44,KERVILCO,0.0,537.8399189710419,0.0,20.64913301885849,3.62533859097697,633.8774056119979,4.201841727671205,0.816798881067698
2005-08-25,0.07365129443290226,3.55,KERVILCO,0.0871238893948634,469.07410172583735,0.0,20.135772173418424,6.455376222865055,829.6043793767556,4.039748851386035,0.8495369610431484
2005-08-26,0.06970939416747933,3.36,KERVILCO,0.0,485.56056340878223,0.0,20.21842299929111,5.91334263783581,786.6681354526893,4.375181897159169,0.8883766474225894
2005-08-27,0.0796678790485478,3.84,KERVILCO,0.0009829955253183,491.1895286486688,0.0,19.03383515252516,4.5828035631249975,720.7730428949498,3.816442094465322,0.913519924420699
2005-08-28,0.08983383236463854,4.33,KERVILCO,0.0,509.94409204669455,0.0,19.08561916461758,3.611145723949418,662.01780002357,3.969389827845439,0.8891729143652752
2005-08-29,0.06016584615645537,2.9,KERVILCO,0.0,527.5259920856306,0.0,21.67042622466733,4.762520039483421,694.9771815962591,4.038762749477114,1.029086064639407
2005-08-30,0.052282045625609494,2.52,KERVILCO,0.0,504.8369062805229,0.0,22.20381019774826,6.37215632119118,793.3140291296057,5.010941564142237,1.066884811061547
2005-08-31,0.04854761379520881,2.34,KERVILCO,0.0,460.9846008479515,0.0,18.691612657415813,5.369891865734001,788.5352663452277,4.237830578739371,0.9672653296815664
2005-09-01,0.04937748753529786,2.38,KERVILCO,0.0,519.151628121882,0.0,20.298726759299328,3.7488809121094993,662.5832334654702,4.432968694847726,1.0534482080168202
2005-09-02,0.04896255066525334,2.36,KERVILCO,0.0,483.50054659479616,0.0,20.089767660619763,5.449324491333356,773.0304563033048,3.873235563911189,1.0571204130889402
2005-09-03,0.04979242440534238,2.4,KERVILCO,0.0,474.947560538889,0.0,19.59088448429937,5.114831794205176,764.8571159924127,4.073943650915693,0.945267136259756
2005-09-04,0.047095334750053,2.27,KERVILCO,0.0,463.89413628748446,0.0,19.601657880665226,5.467236028876399,793.0111003107869,4.165334173242311,0.8547908363990953
2005-09-05,0.04668039788000848,2.25,KERVILCO,0.0,465.2502528355606,0.0,20.8194762529468,6.417921862456731,841.6979741149845,4.182252194590982,0.935971604254848
2005-09-06,0.04626546100996396,2.23,KERVILCO,0.0,396.4608555358642,0.0,18.81975433274334,7.2715014494705885,953.6930736302976,3.3576199711985635,0.9198634664229532
2005-09-07,0.047095334750053,2.27,KERVILCO,0.0,451.1508748187571,0.0,20.477434608393725,6.681465858397781,871.9753147960641,3.6755224030480633,0.9330564966031528
2005-09-08,0.04626546100996396,2.23,KERVILCO,3.1455402406240784,329.04505193242625,0.0,20.21723495631413,6.664489717785958,960.486529333239,3.6286575419348,0.9262080515967384
2005-09-09,0.06452268329192283,3.11,KERVILCO,3.819096884883456,299.98071225896774,0.0,18.15246512416929,6.370663856619835,953.303277909,3.334251334752813,0.6091223541515917
2005-09-10,0.13319473528429085,6.42,KERVILCO,0.0,438.7336361874188,0.0,18.718039985679084,5.310860848161831,810.6214135656072,4.303119455517274,0.8306557280894885
2005-09-11,0.05933597241636633,2.86,KERVILCO,0.0,460.4126742492679,0.0,19.59731326852637,4.897076626592919,768.4606251769457,4.0810354046327975,0.8644006894291794
2005-09-12,0.04979242440534238,2.4,KERVILCO,0.0,399.080334639812,0.0,16.311510096754326,4.291503780983256,783.3636970957969,4.227187341328474,0.7623980528050576
2005-09-13,0.04813267692516429,2.32,KERVILCO,0.0,432.8744710113819,0.0,15.075819444721434,1.7353505671831595,650.2110468437379,3.64402103492303,0.7043928756879999
2005-09-14,0.04896255066525334,2.36,KERVILCO,0.9056530846426332,353.0948106638109,0.0,10.115233733092223,-0.4387737508307349,577.4507926470475,3.156284473695349,0.6024609229716683
2005-09-15,0.054771666845876615,2.64,KERVILCO,0.0,483.5636244525663,0.0,15.04481552874624,-1.3932102057391211,499.2847942829465,3.2764061293757973,0.6949665371655491
2005-09-16,0.04896255066525334,2.36,KERVILCO,0.0,489.9561352146663,0.0,19.007001089480887,1.4531882430252698,595.2431992545452,4.203476250546533,0.9011522806296516
2005-09-17,0.046057992574941704,2.22,KERVILCO,0.0,462.2147027665275,0.0,19.14499556775109,3.0221536762087378,681.4355837264153,4.537359597548001,0.9424431929254786
2005-09-18,0.04419077665974136,2.13,KERVILCO,0.0,475.1376922009279,0.0,20.292396311712185,3.1217274083095017,675.2252332584493,4.373584339041183,1.013860768049808
2005-09-19,0.043568371354674576,2.1,KERVILCO,0.0,461.3706470352533,0.0,19.121366030792803,2.655029446625448,667.0368245666127,4.409751690555495,1.0055486445978186
2005-09-20,0.04253102917956328,2.05,KERVILCO,0.0,463.0790063691042,0.0,20.57169450997458,3.724429512074703,712.976699472144,4.134073912897054,1.1030455402600254
2005-09-21,0.04253102917956328,2.05,KERVILCO,5.810448558591323,252.32375646266664,0.0,17.74133235143347,7.561874143383333,1026.0055834544985,4.07200391722346,0.9977953983624206
2005-09-22,0.061203188331566676,2.95,KERVILCO,6.942155649965804,162.58424867585126,0.0,9.738812340717704,3.2755835235663326,774.5506543112552,2.9635744998032263,0.6991913421356892
2005-09-23,0.09647282228535085,4.65,KERVILCO,0.0,386.13151757714206,0.0,15.119890262932158,2.7029227008716763,725.2141437823118,3.50453066702893,0.7562639514982061
2005-09-24,0.05331938780072079,2.57,KERVILCO,0.0,358.9681160323755,0.0,17.847994086944787,6.31899038885545,934.5577637787084,3.983564116181972,0.854146008780941
2005-09-25,0.04688786631503073,2.26,KERVILCO,0.0,406.20344773016745,0.0,17.187871988424778,3.522213243120368,755.0179967858356,4.310666175797984,0.8950616903227461
2005-09-26,0.045228118834852664,2.18,KERVILCO,0.0,478.2889238705172,0.0,19.47029880047528,0.8583907356475746,592.1513709916611,3.92524278687144,1.0180637982021672
2005-09-27,0.045643055704897184,2.2,KERVILCO,4.233104391608324,286.27389951466466,0.0,18.272915752591533,5.346900945923493,889.7738797433851,3.8215056555405456,0.9003595999800892
2005-09-28,0.06535255703201187,3.15,KERVILCO,1.4198073377895188,265.53946539936067,0.0,11.026513244049674,2.1514921316331623,712.991939902524,2.4987225779034867,0.3764140668633273
2005-09-29,0.06535255703201187,3.15,KERVILCO,0.0,298.86430239613173,0.0,9.776965828038056,0.8359721798186581,648.9219948402172,2.4274306876866234,0.4512197096365026
2005-09-30,0.05684635119609922,2.74,KERVILCO,0.0,400.2888438216637,0.0,16.306288278502343,2.846617417678093,733.6025916403538,3.60339600792114,0.6776566483267078
2005-10-01,0.049999892840364636,2.41,KERVILCO,0.0,436.3914179675476,0.0,18.362491488849454,2.555162220464396,706.6076938247949,3.3462704720741017,0.786685103019547
2005-10-02,0.049999892840364636,2.41,KERVILCO,0.0,390.4132225440548,0.0,17.44069513878383,4.178346150592062,806.845487144917,3.662714852187437,0.780801396326933
2005-10-03,0.04854761379520881,2.34,KERVILCO,0.0,387.1664628800066,0.0,17.63507570907331,4.423294068350736,822.4206576501425,3.43815175603382,0.6993504842126362
2005-10-04,0.051867108755564974,2.5,KERVILCO,0.0,419.1833146580096,0.0,14.143078445376688,-0.6412362325802056,576.9245377320634,3.2459931600264817,0.569600989276417
2005-10-05,0.05311191936569854,2.56,KERVILCO,0.0,435.4811029166676,0.0,11.39621873373343,-4.46092710337192,434.9093212731796,2.5700795390094924,0.4495473722950053
2005-10-06,0.0502073612753869,2.42,KERVILCO,0.0,363.3438811562255,0.0,10.462399923068734,-1.6021995921844392,538.7822152373518,2.607222698471962,0.4675973204670919
2005-10-07,0.051452171885520454,2.48,KERVILCO,0.0,445.84938759524647,0.0,15.220425324504896,-2.4522811280308905,497.1509409041253,3.17413129882207,0.7084159048124223
2005-10-08,0.049584955970320116,2.39,KERVILCO,8.195763564832571,317.89097649190063,0.0,17.47403147759237,1.0982276833928932,655.1944000720426,2.8954871983414057,0.7158516758369143
2005-10-09,0.09066370610472758,4.37,KERVILCO,21.55446970878928,190.16049684581225,0.0,5.623997537912276,-2.30421117618038,516.6121282215416,1.5434688522646638,0.2131714602880702
2005-10-10,0.09439813793512825,4.55,KERVILCO,4.829917467357289,131.15662113166977,0.8118531804787555,0.4248005049581169,-4.417613380253047,442.584537616415,1.121707231505517,0.0946953201468346
2005-10-11,0.08049775278863684,3.88,KERVILCO,0.0,260.3736316342865,0.8118531804787555,2.323947634639312,-5.456333878623369,408.8929847163062,0.9281729508337256,0.0583114159917298
2005-10-12,0.0713691416476574,3.44,KERVILCO,0.0,397.1518335770515,0.8118531804787555,8.62214737986373,-5.0997920125253815,419.3806361410132,1.2062754802035678,0.0844272787199463
2005-10-13,0.07282142069281322,3.51,KERVILCO,0.0,423.32069608151335,0.7931602959196358,11.94599547111184,-4.026315268686831,453.2894049628573,2.203702236696757,0.3811407899894053
2005-10-14,0.07282142069281322,3.51,KERVILCO,0.0,430.7294918046467,0.5871884458208081,15.814745206300689,-1.711181988626196,536.1102099473701,2.6346117552455497,0.6842010574016963
2005-10-15,0.06950192573245706,3.35,KERVILCO,0.0,362.46788887642646,0.2630285180740431,12.594621137296782,-0.2412844835337229,599.3870973442641,2.3015586996882984,0.5587743503034408
2005-10-16,0.06535255703201187,3.15,KERVILCO,0.0,365.5887167251057,0.0044311337082614,12.673290756703896,-0.5908565425333008,584.2346669028539,2.302332785707842,0.4219610578866811
2005-10-17,0.06431521485690057,3.1,KERVILCO,0.0,382.2807517422207,0.0,15.268613445878229,0.6069218999187134,636.3939794780518,2.753979760411775,0.5988994670861939
2005-10-18,0.06099571989654441,2.94,KERVILCO,5.674108024246623,285.0043942001886,0.0,15.76089448193529,0.7280167027212555,643.5724410774632,2.6635215949513977,0.6906267035763569
2005-10-19,0.10290434377104091,4.96,KERVILCO,1.9850520782215089,115.20124495277382,0.0,4.124333966769792,0.1869145788588052,619.1626212327064,1.4561254015691167,0.1956708286781822
2005-10-20,0.083817247748993,4.04,KERVILCO,0.0,364.4224623762975,0.0,11.652622881691288,-1.5569025984943297,545.3525227480715,1.7817803850856573,0.2757687985159221
2005-10-21,0.07012433103752384,3.38,KERVILCO,0.0,332.5525426771642,0.0,10.314380535599096,-1.3811111124126112,552.1215890911881,2.04591531065045,0.39499250048062
2005-10-22,0.06473015172694509,3.12,KERVILCO,0.0,348.063894460675,0.0,12.327402020646367,-0.691979973075243,580.3012288553633,2.5068067535220013,0.5098393378178493
2005-10-23,0.06244799894170023,3.01,KERVILCO,0.0,342.10735548192764,0.0,10.352731698872642,-2.219833289044522,518.7770906280613,2.0757702883775653,0.4147224975942928
2005-10-24,0.061203188331566676,2.95,KERVILCO,0.0,385.9721097283221,0.0,12.98619444144712,-3.1179900624693264,480.1898475340539,2.4429815447845,0.5573347068095555
2005-10-25,0.06016584615645537,2.9,KERVILCO,0.0,351.8163307060209,0.0,12.587591767092915,-1.284997834514205,551.9872260593677,1.7939379786434309,0.6122600092835834
2005-10-26,0.06369280955183379,3.07,KERVILCO,0.0,306.48960554949264,0.0,10.13261423305816,-1.144789523189546,559.7354441693507,2.151408770188235,0.4846072224064289
2005-10-27,0.06431521485690057,3.1,KERVILCO,0.0,285.222415073696,0.0,7.971743703788974,-2.275685331828662,515.9588097979205,1.928623902425208,0.4136012379315715
2005-10-28,0.06452268329192283,3.11,KERVILCO,0.0,269.3347207274693,0.0,9.024403502995003,-0.6183218542821879,583.6002074305713,1.8482208577556207,0.3799909982485785
2005-10-29,0.06390027798685606,3.08,KERVILCO,0.0,231.0140068392116,0.0,5.73608733395271,-2.2750081495593544,517.671909592885,1.607250401066971,0.2710091241939005
2005-10-30,0.06473015172694509,3.12,KERVILCO,0.0,304.0504151802207,0.0,5.710255889217256,-5.391106447171168,409.57311828314727,1.4029070509598351,0.2165615748254449
2005-10-31,0.05622394589103244,2.71,KERVILCO,0.0,307.6153217488441,0.0,3.8785584616018585,-7.366421432027974,351.94465946587104,2.139425414845669,0.3709887197442446
2005-11-01,0.05809116180623278,2.8,KERVILCO,0.0,369.9416350876605,0.0,11.375156941641896,-4.814743940082311,424.716263550085,2.7406091126684444,0.6613378316835419
2005-11-02,0.06431521485690057,3.1,KERVILCO,0.0,348.2537322466928,0.0,13.107883937933824,-1.713253472292548,535.1352959398954,2.9063880766399266,0.765376643344553
2005-11-03,0.06141065676658893,2.96,KERVILCO,0.0,143.7492035434852,0.0,6.011347689632292,0.964299359277681,654.985756881352,2.812478136767968,0.5969094105248587
2005-11-04,0.06141065676658893,2.96,KERVILCO,0.0,257.45332301085483,0.0,8.049524152343558,-1.2180366705433554,558.4219123043397,2.499393391492565,0.4909269554175249
2005-11-05,0.05746875650116599,2.77,KERVILCO,0.2011586983728867,217.80687522678733,0.040755049439977,2.9049515801487087,-4.69628465093514,431.94365451433566,1.9411048442804653,0.3274611817561094
2005-11-06,0.056431414326054696,2.72,KERVILCO,0.0,347.6099840628598,0.0319406992662949,10.376639031930711,-4.17233804113944,444.6847695912392,2.5246366572925125,0.550502854727861
2005-11-07,0.06514508859698961,3.14,KERVILCO,0.0,336.54438928735715,0.0017503577812825,13.26870459614687,-0.7399311153897667,573.3128152944842,2.261405618403948,0.6901473533428473
2005-11-08,0.06286293581174475,3.03,KERVILCO,0.0,330.16218069540554,0.0,13.752366264165294,-0.2846248045534319,592.5214872489394,2.703967355110138,0.7689078445898858
2005-11-09,0.06141065676658893,2.96,KERVILCO,0.0,274.379253868176,0.0,9.58339655996341,-1.0046630722901766,566.1847454582744,2.720105004863594,0.7074314834476453
2005-11-10,0.061203188331566676,2.95,KERVILCO,0.0,310.30495053956787,0.0,12.865587836323291,-0.3093637464964275,576.3201154787756,2.1489763043017325,0.7637324811460123
2005-11-11,0.06618243077210091,3.19,KERVILCO,3.841221275799589,236.12954113464468,0.0,10.895406144600948,-1.8978646206207588,519.316979652657,2.3393796052493525,0.6275591232099018
2005-11-12,0.06556002546703413,3.16,KERVILCO,0.0,196.5662489520988,0.0,3.79083126791156,-3.3358790191381145,477.8250922122172,2.1839671024430927,0.3614065582544124
2005-11-13,0.059543440851388595,2.87,KERVILCO,1.7888925596226206,259.210621377354,1.5598668970881928,4.446898617020333,-5.715303987509592,395.5367631313389,1.8980221825944603,0.3806315274180036
2005-11-14,0.06763470981725674,3.26,KERVILCO,9.87252465478474,268.3985414472318,11.432734296284655,3.604182558263804,-9.76964659519646,290.9633587962923,2.1541661940011005,0.3582041064352724
2005-11-15,0.04751027162009752,2.29,KERVILCO,0.0,341.1754930827598,11.432734296284655,-4.78051978345917,-17.178305868975382,161.6787554726403,1.4773036677374596,0.2246034154533637
2005-11-16,0.062033062071655716,2.99,KERVILCO,0.0,380.1651314449194,11.432734296284655,1.8957472336106185,-13.976359548419891,204.12146811358195,1.1822561477548508,0.1815985958895677
2005-11-17,0.07178407851770192,3.46,KERVILCO,2.8231466525858733,305.12906077906905,14.256112940089052,2.856017423438263,-11.418858290472336,250.80377436218947,1.048007620437733,0.1718966871830259
2005-11-18,0.09564294854526183,4.61,KERVILCO,0.0,377.57839061494246,14.256112940089052,2.5590196669237826,-14.081358679145955,203.2131506301756,1.2928317017707722,0.2184922299749311
2005-11-19,0.07365129443290226,3.55,KERVILCO,0.0,329.96811134064444,14.256112940089052,0.910952383752246,-11.78019497639002,246.5301385644486,1.1897833297635143,0.2027617582583292
2005-11-20,0.07593344721814713,3.66,KERVILCO,0.0,387.9020907834369,14.256112940089052,6.599952760018358,-12.862318720834546,219.02032383723304,1.369317456952451,0.2499465011510233
2005-11-21,0.07095420477761288,3.42,KERVILCO,0.0,375.4468119671008,14.256112940089052,9.89698410265847,-8.469768005680322,303.0043185683662,1.2882704086452228,0.2857378707045601
2005-11-22,0.0827799055738817,3.99,KERVILCO,0.0,359.6490540076824,14.256112940089052,8.410795291034773,-8.314040148794932,312.56155241807915,2.1286187651097794,0.5057553975374892
2005-11-23,0.08630686896926013,4.16,KERVILCO,0.0,364.6658309708539,14.256112940089052,9.059149809611354,-8.619002394269842,304.3011653732967,1.9734017066537293,0.5614144384359182
2005-11-24,0.11369270239219843,5.48,KERVILCO,0.0,338.8707295335559,14.256112940089052,5.952380620462561,-9.120995348874224,299.25405564355293,1.697481940710653,0.4746242209439396
2005-11-25,0.13547688806953573,6.53,KERVILCO,0.0,342.4858161129336,14.256112940089052,4.469719820725953,-11.175503984020777,255.06741137569804,1.8397648923865408,0.4032506514552003
2005-11-26,0.11431510769726522,5.51,KERVILCO,0.0,309.37095248065674,14.256112940089052,2.2221629939595755,-11.05562308947658,259.82607992570274,1.421705283026486,0.2826452271845538
2005-11-27,0.11452257613228746,5.52,KERVILCO,0.0,190.12451405446032,14.256112940089052,-8.819149797266052,-15.86353667978558,179.75293376306055,1.1299735939660205,0.1584651571124556
2005-11-28,0.083817247748993,4.04,KERVILCO,0.0,228.8195654718116,14.256112940089052,-9.868412386109192,-18.635268999127465,141.83654561308887,0.8657389052643888,0.1153789830069082
2005-11-29,0.04668039788000848,2.25,KERVILCO,0.0,318.76148451786435,14.256112940089052,-4.0958926616039655,-18.20166023146241,145.44817957294669,0.8405611208760876,0.132180746199079
2005-11-30,0.03589203925885096,1.73,KERVILCO,0.0,214.49073396438828,14.256112940089052,-4.197050024380396,-12.764018519191056,228.99136451654425,1.132526703681935,0.170991535335685
2005-12-01,0.051244703450498204,2.47,KERVILCO,1.0996938552607642,273.6401687484466,15.356056011860426,-1.367087950212858,-12.89428438557503,226.5991314907074,1.2338239626021106,0.2204591417691659
2005-12-02,0.057883693371210514,2.79,KERVILCO,11.775573517557334,154.4733455899528,27.131377301633915,0.8435815864129713,-6.992970962031883,360.2640140880377,1.3039924120717363,0.2581793199686008
2005-12-03,0.16846436923807503,8.12,KERVILCO,0.0,310.167488463988,27.131377301633915,-2.6451682158212804,-16.16134545708738,176.3591334819715,0.9965655145016468,0.1663918054173074
2005-12-04,0.2448127533262667,11.8,KERVILCO,0.0,186.882748690934,27.131377301633915,-13.30514624768504,-20.432076515379784,120.84008151413592,0.793086168561806,0.1182438156357609
2005-12-05,0.36929381433962266,17.8,KERVILCO,0.0,333.2619588701569,27.131377301633915,-8.722688446941126,-24.38608232994317,85.59583819011284,0.9152298906687188,0.1355812305991219
2005-12-06,0.31120265253338986,15.0,KERVILCO,6.397876939893836,181.1932313080053,33.53008474330492,-10.248733152696913,-19.83585566819985,126.69903955100668,0.8659031779701581,0.1408094731460279
2005-12-07,0.429459660496078,20.7,KERVILCO,0.0,309.94799011003,33.53008474330492,-14.02908924558882,-27.51980596818265,64.85292537412862,0.5745196449425785,0.0865725327147649
2005-12-08,0.6224053050667797,30.0,KERVILCO,0.0,367.28427848296735,33.53008474330492,-6.956024433990427,-28.079618350141946,60.45089414241821,1.1196971272657423,0.1897204928277379
2005-12-09,0.9232345358490566,44.5,KERVILCO,0.0,317.23488303374256,33.53008474330492,-5.390602976745237,-20.43233703403068,119.512489496057,1.3356703870395892,0.2199746936902815
2005-12-10,0.5871356711129956,28.3,KERVILCO,0.0,339.16356420363053,33.53008474330492,0.539274899602707,-17.001506429802163,159.23783780905583,1.4662322255125988,0.2685361792030979
2005-12-11,0.18464690716981133,8.9,KERVILCO,0.0,340.1936355158715,33.53008474330492,2.041135396762271,-16.054612166996364,172.10724283976023,1.415917777974675,0.2973679476058256
2005-12-12,0.1796676647292771,8.66,KERVILCO,0.0,322.357581693945,33.53008474330492,1.4980929021347231,-14.908846259430518,189.97360976462497,1.102161600125149,0.2728425017994242
2005-12-13,0.1858917177799449,8.96,KERVILCO,0.0,187.9599771303193,33.53008474330492,-4.771629240306254,-12.926019419489569,225.68570232718247,1.0770206235735704,0.1890291306442307
2005-12-14,0.5746875650116599,27.7,KERVILCO,0.0,278.60552556970697,33.53008474330492,-7.8113783332917635,-20.4048880278491,121.36960746798395,0.9458981785618412,0.1459480403970194
2005-12-15,0.8402471618401526,40.5,KERVILCO,0.0,315.9272350575189,33.53008474330492,-6.20667898378445,-21.908364498334805,105.4159924511997,1.0078005425021843,0.1690477029142163
2005-12-16,0.5809116180623277,28.0,KERVILCO,0.0,308.35742958182846,33.53008474330492,-6.860101492598283,-21.850867560435745,106.17007609636455,0.942518801416384,0.178948010614476
2005-12-17,0.13236486154420182,6.38,KERVILCO,0.0,261.23599042699186,33.53008474330492,-9.540897826165285,-21.292646556665225,111.5644285548511,0.6754167863993091,0.1356804756829673
2005-12-18,0.06016584615645537,2.9,KERVILCO,0.0,283.6901294420985,33.53008474330492,-4.62045721484458,-17.96947723723288,147.7737917726653,0.8243620536247313,0.1596518903804605
2005-12-19,0.04419077665974136,2.13,KERVILCO,0.0,188.24713670227217,33.53008474330492,-2.2852054803570314,-10.452447568583636,274.7017486740843,1.061821036200203,0.1829914918799063
2005-12-20,0.046472929444986225,2.24,KERVILCO,0.0,221.4619593595388,33.53008474330492,-0.9167185814597548,-10.253856764931095,279.3208063641054,1.1482677845834937,0.1980822780836637
2005-12-21,0.05746875650116599,2.77,KERVILCO,0.0,277.22103383618776,33.53008474330492,2.1684642707155657,-10.133206583641083,279.85871608800534,1.3582485569764653,0.262597864582425
2005-12-22,0.08775914801441595,4.23,KERVILCO,0.0,266.35648291845104,33.53008474330492,2.843373263355484,-8.784551263176846,307.7391977075658,1.5453586127213688,0.3116129874798315
2005-12-23,0.29045580903116386,14.0,KERVILCO,0.0,212.28774655574944,33.53008474330492,2.168807691333497,-6.512723350067916,369.3254179798234,1.6054068696760289,0.2773375867922601
2005-12-24,0.3962647108925164,19.1,KERVILCO,0.0,303.917093963029,33.53008474330492,2.672759978646045,-10.88625170067382,260.3529968591765,1.5688308624970386,0.2717087609189302
2005-12-25,0.377592551740513,18.2,KERVILCO,0.0,332.9025106009564,33.53008474330492,6.416954830543267,-10.12533327269398,273.42830695406514,1.3960850204050013,0.3144199574835857
2005-12-26,0.27385833422938305,13.2,KERVILCO,0.0,294.4583278794498,33.53008474330492,4.845459721639097,-8.160400641110886,321.8912615470612,1.377978857021904,0.3041314801493722
2005-12-27,0.19668007640110238,9.48,KERVILCO,0.0,203.33428732347843,33.53008474330492,-1.458230010507629,-9.532545341064417,292.3573104687282,1.293337336320742,0.2126925698107465
2005-12-28,0.16846436923807503,8.12,KERVILCO,0.0,295.1655528192404,33.53008474330492,3.1800362755703184,-9.850968676697796,280.1805069001716,1.306003476313032,0.2316473154878899
2005-12-29,0.15041461539113846,7.25,KERVILCO,0.0293218188307883,260.5310986408962,33.559488437190915,-0.4357069647808943,-11.098497532286038,257.58724815894453,1.1160044067334645,0.1845801076598741
2005-12-30,0.14605777825567096,7.04,KERVILCO,0.0,292.9467330424347,33.559488437190915,-1.2389604310602371,-13.927091259801015,203.3443860910899,1.1054263381028802,0.1824190672900446
2005-12-31,0.13775904085478058,6.64,KERVILCO,0.0,205.540575896312,33.55598440741841,1.6427073876732448,-6.73637350316984,360.9887509024372,0.8033917466279754,0.1296855480782706
2006-01-01,0.13464701432944667,6.49,KERVILCO,0.0,207.1250636267792,55.75157122177071,-1.7385960469883153,-10.207167485633716,283.38961048423903,1.4305255624451478,0.226135696071717
2006-01-02,0.1371366355497138,6.61,KERVILCO,0.0,291.470674503917,55.75157122177071,1.0176892561761108,-12.06197830140025,242.0963748717229,1.3981168370235626,0.3215913503423935
2006-01-03,0.1284229612787789,6.19,KERVILCO,0.0,213.92974983249096,55.75157122177071,-0.2794499395131367,-9.13725960124952,306.16261213663824,1.4757583608746652,0.2581690832918477
2006-01-04,0.11929435013779945,5.75,KERVILCO,0.0,247.68412029475425,55.75157122177071,-3.356281658929891,-13.758443003759808,211.4378405171089,1.3250716283318922,0.2285507477301495
2006-01-05,0.11078814430188678,5.34,KERVILCO,0.0,336.57313603759195,55.75157122177071,1.667660307698925,-14.632299718323342,196.0406365864432,1.2923526336343778,0.2209538279385072
2006-01-06,0.136514230244647,6.58,KERVILCO,0.0,333.07479059077764,55.75157122177071,4.043510038362143,-12.044920620666458,240.9410889544212,1.6824673794973342,0.3336569532230887
2006-01-07,0.11721966578757687,5.65,KERVILCO,0.0,322.02764812554665,55.75157122177071,5.632516055252943,-9.402173610262135,292.1980670046592,1.6616369078970248,0.3855939745071949
2006-01-08,0.10933586525673096,5.27,KERVILCO,0.0,256.1224604101373,55.75157122177071,-2.543478092876629,-13.136875667840505,213.9963027127971,1.390147988657234,0.2398728307822886
2006-01-09,0.10124459629086284,4.88,KERVILCO,0.0,326.51052738745835,55.75157122177071,-3.997068657870122,-18.72242663047948,134.2933734044438,0.9901479567225052,0.1761371249615728
2006-01-10,0.07219901538774644,3.48,KERVILCO,0.0,367.0377554578522,55.75157122177071,0.6144674025014952,-18.179780779255875,134.23630528226124,1.4649708077560937,0.2560638895661878
2006-01-11,0.05933597241636633,2.86,KERVILCO,0.0,326.89555099673674,55.75157122177071,2.3525000811812613,-12.468771107680537,216.01601883477372,1.496830207536488,0.2849542494547284
2006-01-12,0.07821560000339199,3.77,KERVILCO,0.0,261.9018366312467,55.75157122177071,-4.274903324924845,-14.835072729671737,187.75469424019985,1.1434966845661705,0.1716203400341133
2006-01-13,0.054771666845876615,2.64,KERVILCO,0.0,381.6278270929491,55.75157122177071,3.442057177535009,-16.74956109023865,144.60114816606816,1.3385768271314498,0.2568933046395472
2006-01-14,0.2717836498791605,13.1,KERVILCO,0.0,362.4319738587549,55.75157122177071,6.358163796202372,-11.22375997066228,225.32550703944088,1.3401706567647946,0.3747440602566287
2006-01-15,0.1742734854186983,8.4,KERVILCO,0.0,247.5648623708917,55.75157122177071,-1.276681643584646,-11.128642977400707,248.24934549995888,1.1547913326804071,0.2197550234387097
2006-01-16,0.11307029708713165,5.45,KERVILCO,0.0,313.9626875659646,55.75157122177071,-7.154447775974653,-20.094792912983905,120.8757838473606,0.9467002529101636,0.1413481072829049
2006-01-17,0.4024887639431842,19.4,KERVILCO,0.0,381.10129713487726,55.75157122177071,-2.7338125260517607,-21.288526165953883,101.14382166324738,1.1015292660181886,0.1600462959532686
2006-01-18,0.32572544298494804,15.7,KERVILCO,0.0,299.3672971321475,55.75157122177071,1.1965595102353868,-11.044566208144191,240.219038494494,1.2269777738489862,0.2226381646241449
2006-01-19,0.10705371247148612,5.16,KERVILCO,7.278778403028508,118.71987894779316,63.02986503436814,-5.090634254313425,-10.946496973910117,263.1664642220246,0.9346410271423335,0.1682804407751035
2006-01-20,0.07572597878312486,3.65,KERVILCO,0.0,332.0252740547776,63.02986503436814,-7.15297061785069,-20.61814316709619,117.24789654894016,0.8519397621337108,0.1287682897419561
2006-01-21,0.07676332095823617,3.7,KERVILCO,0.0,395.06121455504825,63.02986503436814,-4.016479313732571,-22.788313661889937,92.80757896360127,1.0236189886637523,0.1856038284103017
2006-01-22,0.09170104827983887,4.42,KERVILCO,0.0,397.26750291005146,63.02986503436814,-3.5727652979866606,-22.31566006076312,97.14357329257489,0.9351402250610732,0.1794491521854225
2006-01-23,0.1392113198999364,6.71,KERVILCO,0.0,409.132996074642,63.02986503436814,-2.264098362872528,-22.279597699124505,95.37753085697209,1.2636147402200892,0.2089636074810797
2006-01-24,0.419086238744965,20.2,KERVILCO,0.0,421.0157456952901,63.02986503436814,4.269216010996652,-17.704991434922473,127.78432182435652,1.2178066401690923,0.2912758039915836
2006-01-25,0.4564305570489718,22.0,KERVILCO,0.3306622087314821,361.5083526908877,63.360388825647526,2.549832272448678,-13.098682588168074,200.5541509259089,1.1767358250663364,0.215304056361572
2006-01-26,0.27593301857960567,13.3,KERVILCO,0.0,275.4060861895292,63.360388825647526,-2.4840630989387007,-12.59426674584669,224.6241467254284,0.9260458765139076,0.1395883310161879
2006-01-27,0.2448127533262667,11.8,KERVILCO,0.0,380.212398472564,63.360388825647526,0.286216763995655,-15.486509921011171,165.42721831555392,0.9669866348311796,0.1772838705903773
2006-01-28,0.17821538568412124,8.59,KERVILCO,0.1084023813759928,204.52686909571543,63.46839161604037,-6.109727454226744,-13.310430260760745,215.49954864734505,1.0853521139949955,0.1560780651276569
2006-01-29,0.15560132626669493,7.5,KERVILCO,0.0,190.5424495297286,63.46839161604037,-4.972578944838082,-11.62183955305131,246.7167359891262,1.2108941634742003,0.1735905345279775
2006-01-30,0.1514519575662497,7.3,KERVILCO,0.0,334.2036228678175,63.46839161604037,0.1030165368032147,-12.352320756131864,217.0455689972433,1.1514869210747911,0.1657951015353397
2006-01-31,0.1450204360805597,6.99,KERVILCO,0.0,261.8173363740098,63.46839161604037,0.0905167895653825,-9.24533292484071,287.1115570317164,1.4344586435441258,0.2503582456437908
2006-02-01,0.13734410398473607,6.62,KERVILCO,0.0,287.0975540738458,63.46839161604037,-0.3596396182038116,-10.413279137013657,260.5272800379166,1.7165754208100312,0.2723267458264973
2006-02-02,0.136514230244647,6.58,KERVILCO,0.0,249.4623957540005,63.46839161604037,-3.084375889098144,-11.492319029367913,246.9556794510733,1.762692181299476,0.2837412391123347
2006-02-03,0.13734410398473607,6.62,KERVILCO,0.0,315.9930321304126,63.46839161604037,-5.529519157575723,-16.395937542221773,165.02147099468056,1.580858843060232,0.2406169876814769
2006-02-04,0.16390006366758533,7.9,KERVILCO,0.0,410.7957730210287,63.46839161604037,2.0799727104032764,-14.159481227475272,170.94299375763754,1.771430477025422,0.3045537645526387
2006-02-05,0.1672195586279415,8.06,KERVILCO,0.0,347.84314410456665,63.46839161604037,-3.5958866475262257,-15.568805668620694,172.93624645094914,1.5470937271490417,0.2191317919131615
2006-02-06,0.2282152785244859,11.0,KERVILCO,0.0,432.68658779850455,63.46839161604037,-1.9362583541492968,-19.31419023157281,115.82321801594522,1.513243297479985,0.2363160018643057
2006-02-07,0.2551861750773797,12.3,KERVILCO,0.0,412.54230128829,63.46839161604037,1.8877791136866195,-14.053726997634447,171.59739654897467,2.024610491803528,0.3338561597155961
2006-02-08,0.2717836498791605,13.1,KERVILCO,0.0,424.19338234010974,63.46839161604037,2.456365175146789,-14.008752154627995,167.15180932730115,1.9811840884035188,0.3773730837163471
2006-02-09,0.26348491247827005,12.7,KERVILCO,0.0,457.7615319977767,63.46839161604037,5.013799204409353,-14.402320025943132,149.29505964382454,2.2390404398526766,0.4196731837088325
2006-02-10,0.2510368063769345,12.1,KERVILCO,0.0,444.58929415838617,63.46839161604037,-5.592953647663856,-23.23450944138931,87.29927973648711,1.7058008655224906,0.2554463637964662
2006-02-11,0.3672191299894,17.7,KERVILCO,0.0,464.0420683621211,63.46839161604037,-6.580900141460629,-25.984396536835565,67.63771768390771,1.6974766499103402,0.2477907631115478
2006-02-12,0.3132773368836125,15.1,KERVILCO,0.0,478.429665678373,63.46839161604037,2.604288054111985,-18.46134425359996,102.83681256420972,1.881343998844257,0.328808947693016
2006-02-13,0.33817354908628366,16.3,KERVILCO,0.0,430.6829205119771,63.46839161604037,0.3252410921872962,-15.668892174741996,141.19143609072995,1.8720732409166008,0.3319133477075568
2006-02-14,0.2821570716302735,13.6,KERVILCO,0.0,440.8919178725108,63.46839161604037,1.6440817287532592,-15.12507034842018,141.90046687603936,1.8909372611988533,0.3541020240261171
2006-02-15,0.2925304933813864,14.1,KERVILCO,0.0,386.0940229988334,63.46839161604037,3.1773864496849504,-10.3236800690728,216.95285825401544,2.062303574591968,0.3442089240325517
2006-02-16,0.2572608594276023,12.4,KERVILCO,0.0,383.7304558782055,63.46839161604037,-7.148907171192711,-19.91670797890757,119.65680622782376,1.7447942661876503,0.2585252809123285
2006-02-17,0.20207425571168114,9.74,KERVILCO,0.024490033420706,388.68382045200906,63.49293579486702,-4.763465774705505,-17.64794919447258,135.20058790858562,1.2631947139960429,0.2120657244300586
2006-02-18,0.21161780372270508,10.2,KERVILCO,0.0,418.8278247942041,63.49293579486702,-1.1785481292309998,-15.83426169975281,142.53891125653917,1.4861646112810645,0.2501636447872696
2006-02-19,0.1651448742777189,7.96,KERVILCO,0.0,355.09699603559284,63.49293579486702,-1.7172303843438383,-13.36479818173952,186.6028748541116,1.6280380922531532,0.2617845089433555
2006-02-20,0.0771782578282807,3.72,KERVILCO,0.0,278.5214790254619,63.49293579486702,-5.146222750916544,-13.663269447116448,197.4009435015873,1.5830516585938448,0.2389260150041205
2006-02-21,0.522820456256095,25.2,KERVILCO,0.0,386.5989657202711,63.49293579486702,-4.62733117884672,-16.607264320107216,145.55156701797455,1.5691505329076798,0.2260921558505988
2006-02-22,0.4522811883485266,21.8,KERVILCO,0.0,470.09473139945135,63.49293579486702,-1.696156862454756,-17.77003058572882,114.84631034886873,1.6095142267947633,0.2251838969328865
2006-02-23,0.39004065784184866,18.8,KERVILCO,0.0,516.1148921345432,63.49293579486702,2.632326046782776,-17.110865862769163,104.96972419594314,1.7147920761309607,0.2832981906691184
2006-02-24,0.4107875013440746,19.8,KERVILCO,0.0,504.38958766130304,63.49293579486702,2.716392130842781,-15.551732808848376,120.48318133500648,1.8973559691804345,0.3210246287223556
2006-02-25,0.533193878007208,25.7,KERVILCO,0.0,511.5526339882032,63.49293579486702,3.5642165047776726,-15.367598079817096,118.71650577720476,1.904525773437412,0.3413559761401528
2006-02-26,0.7012433103752385,33.8,KERVILCO,0.0,509.6976007354474,63.49293579486702,5.901271164808007,-12.745577180283648,139.72815172870062,1.8707960485947928,0.3685938724443754
2006-02-27,0.7385876286792453,35.6,KERVILCO,0.0,473.100395482668,63.49293579486702,8.307152833602524,-7.909372079987674,198.8862704147274,2.4805972087895403,0.4679541699200288
2006-02-28,0.5497913528089887,26.5,KERVILCO,0.1887561101762075,409.44873884887227,62.51386114687084,9.833786538736485,-3.667280961993467,293.3347575103363,2.550142410920071,0.501035242802704
2006-03-01,0.34647228648717404,16.7,KERVILCO,0.0,284.1181870019676,61.706238127076894,4.326908580450338,-4.077446025832714,367.7311352809802,2.324715107099208,0.3924960560040729
2006-03-02,0.21161780372270508,10.2,KERVILCO,0.0,382.638249734972,61.6023121240639,4.521615248142114,-6.913082114265969,256.8238206330062,1.896679535796252,0.4153371651600427
2006-03-03,0.12925283501886792,6.23,KERVILCO,0.0,445.44265790534826,61.53543199849747,8.309268886541346,-5.95927954432548,233.74851324220992,2.817952025111617,0.5398157936589086
2006-03-04,0.10746864934153062,5.18,KERVILCO,0.0,374.9414329004544,61.49041553357808,4.009671891900605,-7.1935868869704205,254.8037326981957,2.840745617381698,0.5313250310283896
2006-03-05,0.10705371247148612,5.16,KERVILCO,0.0,478.9218097666583,61.49041553357808,6.531566330991542,-9.190493855871956,176.49020069583491,2.692666861385059,0.5787960835802097
2006-03-06,0.10995827056179774,5.3,KERVILCO,0.0,499.05527745065655,61.47439273342842,10.051728430724472,-6.7695953276569085,190.75891282112485,2.782623483854531,0.7334449481997436
2006-03-07,0.094190669500106,4.54,KERVILCO,0.0,371.297824860254,60.72243364862245,6.68778542495481,-4.209228959251278,307.69788982935563,2.994341632815344,0.5538172383059845
2006-03-08,0.12136903448802204,5.85,KERVILCO,5.255282015646723,280.1505083295654,65.97762654322817,-0.5052979932457368,-11.112637189473055,236.16107331865865,1.7378627831541331,0.2416727517449373
2006-03-09,0.1039416859461522,5.01,KERVILCO,1.0686569515906896,354.6373094277736,67.04629858173804,-3.176177173263093,-13.75018470089216,182.7359565546229,1.461836767460058,0.1769351594422543
2006-03-10,0.11576738674242103,5.58,KERVILCO,0.0,334.6938077003712,67.04629858173804,-4.712768961776652,-13.600836567083604,195.6152826843434,1.456441901328421,0.1857949542826608
2006-03-11,0.13277979841424634,6.4,KERVILCO,4.431290816223002,330.3578124677063,71.4780686993412,-3.3752158002210204,-15.622984921712854,166.1603944741693,1.4038812373030478,0.1719031084078108
2006-03-12,0.1641075321026076,7.91,KERVILCO,0.0,322.09655183376566,71.4780686993412,-5.717994086790242,-13.761512766566389,201.99557378230128,1.28709675932616,0.1550300936086167
2006-03-13,0.2987545464320543,14.4,KERVILCO,0.0,396.4550703988768,71.4780686993412,-7.379713165689034,-17.324055697016583,144.5027064233012,1.2920835822347616,0.155984007114668
2006-03-14,0.5560154058596565,26.8,KERVILCO,0.0,616.7144843024673,71.4780686993412,2.676684297141751,-20.37906794811278,73.11280027000264,1.6065338479949336,0.2119620382648939
2006-03-15,0.37344318304006785,18.0,KERVILCO,0.0,536.2243798234246,71.4780686993412,2.40988152997275,-12.949739763246502,146.84214347257208,1.95229221183303,0.2702051794020009
2006-03-16,0.27800770292982824,13.4,KERVILCO,0.0,592.0932698449905,71.4780686993412,3.893431830068905,-15.187668591726842,110.59348244324477,1.937948471730032,0.277626456151643
2006-03-17,0.17925272785923257,8.64,KERVILCO,0.0,391.79239324977374,71.47760121581408,3.480127110271036,-6.439449589445502,287.40261284565844,2.112329364588549,0.336489333299697
2006-03-18,0.15456398409158364,7.45,KERVILCO,6.312826883463231,345.16660759858473,77.7903467791913,3.7860244193301926,-7.886181827297759,277.0510458778508,2.2165761695067303,0.3372505216459709
2006-03-19,0.1184644763977104,5.71,KERVILCO,5.523076097547367,407.7913787213186,83.31376957919557,1.3643236568217507,-10.27773184735209,215.5416269456285,1.860686780482036,0.2644043387029775
2006-03-20,0.1004147225507738,4.84,KERVILCO,0.0,361.1080656739338,83.31376957919557,-3.2712874933814446,-11.515911604916928,216.37111900334423,1.5480714824123436,0.1810495764756436
2006-03-21,0.10477155968624124,5.05,KERVILCO,8.347651630894903,392.52629477845016,91.6619729404501,0.1891677492295985,-13.25623410417135,161.42686811235598,1.4505024930489951,0.172749983130981
2006-03-22,0.08215750026881492,3.96,KERVILCO,4.132348678920564,474.4339499925322,95.79396348115247,2.5177271880108045,-12.749078892657083,155.7766365804536,1.704862010046185,0.209383580218928
2006-03-23,0.08713674270934915,4.2,KERVILCO,0.0,620.7292033860637,95.79396348115247,2.386212438304792,-16.300924440433228,100.5550229933007,1.731648687229256,0.2046697077653059
2006-03-24,0.08360977931397075,4.03,KERVILCO,0.0,624.089880132242,95.79396348115247,5.943567591107655,-12.940270569648913,119.7043105905447,2.0907259598963948,0.2710784610101402
2006-03-25,0.07489610504303582,3.61,KERVILCO,0.0,614.0811283172126,95.79396348115247,8.519004382832009,-9.332029547248162,151.60654878928923,2.188057699376766,0.3245470032930445
2006-03-26,0.07385876286792453,3.56,KERVILCO,0.0,404.8142493241226,95.76438275870656,1.78917972810527,-7.453876109302693,265.08948642288584,2.216268238598906,0.2751538148279702
2006-03-27,0.08298737400890396,4.0,KERVILCO,0.0,621.4337754540426,95.76438275870656,5.318687884341516,-12.137560155450329,128.1406753469968,2.068639837113924,0.2872211305165918
2006-03-28,0.07344382599788,3.54,KERVILCO,0.0,537.7500889357234,95.73934500113744,5.852676765158515,-7.21252037686979,207.49379599957985,2.161609856206714,0.2838875374638583
2006-03-29,0.07427369973796906,3.58,KERVILCO,0.0,490.3412023026837,95.28487271692292,6.2890146676881,-4.975936582110606,203.5649789558393,2.397839750304548,0.3283745579872506
2006-03-30,0.09605788541530634,4.63,KERVILCO,0.0,495.6494085613947,95.27795047219878,1.149272236686563,-9.934819798743897,132.10878339098926,2.123874766069508,0.2474808459266887
2006-03-31,0.10477155968624124,5.05,KERVILCO,0.0,671.3797504853728,95.27795047219878,8.730181298641977,-11.957701597930642,80.89096088910205,2.0290940208786687,0.2651215577559132
2006-04-01,0.09190851671486112,4.43,KERVILCO,0.0,416.6961914034066,94.5495284829678,5.060562721840472,-4.26554988483467,224.972472019836,1.972741462582102,0.2743666161931829
2006-04-02,0.1184644763977104,5.71,KERVILCO,0.0,503.1079808155481,94.4759886330572,3.9406405805454026,-7.417179141003838,148.51543312927066,2.240443758173381,0.2721087389047093
2006-04-03,0.14585030982064873,7.03,KERVILCO,0.0,647.9333590578312,94.42180354986084,10.958549805994352,-7.11398852844571,121.12136481933354,2.1587117795821085,0.3525263023412763
2006-04-04,0.17780044881407675,8.57,KERVILCO,0.0,528.0484347446743,92.88466823965432,10.185270363961376,-2.340013644837376,197.2871726991524,2.404552946939298,0.37758764417226
2006-04-05,0.199584634491414,9.62,KERVILCO,5.60268907599995,469.3619239514913,94.64117418038924,10.44590559989846,-5.374059078193643,165.05923507282697,3.4283996492347595,0.5652444867715913
2006-04-06,0.21369248807292773,10.3,KERVILCO,0.0,342.2154182869996,94.62882620006756,-0.727854312407488,-7.822753667061846,238.03767125600427,2.544598724408808,0.3330757155181892
2006-04-07,0.13485448276446893,6.5,KERVILCO,0.0,566.0608233682593,94.5918117068238,6.247747140354628,-7.009205016703946,146.11854326709536,2.6128642150936923,0.3608033875283185
2006-04-08,0.16307018992749628,7.86,KERVILCO,0.0,662.9530458377009,94.58610436092113,11.28035403161171,-7.109419334875336,121.51356379051448,3.2898074518975355,0.613643801535415
2006-04-09,0.2240659098240407,10.8,KERVILCO,0.0,661.9535949388156,94.11341619940632,13.890999630443162,-4.888858914347541,144.84268564221264,3.851060559795542,0.813182786331689
2006-04-10,0.21161780372270508,10.2,KERVILCO,0.0,539.344846014786,92.7238437312006,10.18195702759804,-2.69182788219346,200.39083888708373,3.9692265291522784,0.7381531843440607
2006-04-11,0.18049753846936611,8.7,KERVILCO,0.0,492.5716617301533,92.0882472041792,6.732923357501642,-4.52358523187437,194.58721647808105,3.468613307268416,0.5882408447011507
2006-04-12,0.199584634491414,9.62,KERVILCO,0.0,667.4155708387375,91.678880188589,13.915025842935176,-5.230276515767805,141.23713804168003,3.912921035473433,0.846152656979063
2006-04-13,0.2365140159253763,11.4,KERVILCO,0.0,627.5604407911013,89.96165423047181,14.616320239569738,-1.910162388371976,184.27767348983704,4.882839787744617,1.0619057729388548
2006-04-14,0.2365140159253763,11.4,KERVILCO,0.0,570.8701372339875,87.5578819111276,13.662963700117574,-0.2769768076452432,217.191505176978,4.3439926839557925,0.9825082632044322
2006-04-15,0.24066338462582149,11.6,KERVILCO,0.0,423.231627240974,86.56225557532916,5.44905462444797,-3.642753665921121,237.33156764908355,3.7001561544599286,0.5654387953261492
2006-04-16,0.21161780372270508,10.2,KERVILCO,0.0,659.1504500150043,86.1070355571672,12.793288743562195,-4.9895850456057325,143.79213203561434,4.168982004112525,0.7662388539695888
2006-04-17,0.23443933157515373,11.3,KERVILCO,0.0,667.1842841148728,85.5742179160388,13.515484721508845,-4.969187073733604,144.57375058530866,5.005059838790847,0.8657908185020805
2006-04-18,0.2240659098240407,10.8,KERVILCO,0.0,490.3973119232463,85.57376069738714,1.2743266442868917,-9.62790489707714,144.1940847153569,3.324948905030089,0.4569161656460132
2006-04-19,0.20518628223701507,9.89,KERVILCO,0.0,656.849554002418,85.57376069738714,6.543999848116941,-11.198001683474354,90.9684481703776,3.548614636510349,0.5631503157231109
2006-04-20,0.2064310928471486,9.95,KERVILCO,0.0,676.6643096831417,85.57376069738714,10.055289663073186,-9.188588715469155,101.68611015844604,3.7087537893649647,0.7212350279304027
2006-04-21,0.21369248807292773,10.3,KERVILCO,0.0,684.0858878712341,85.56959974620194,12.857058349066202,-7.173531316567619,120.05389104995916,4.310977485476546,0.9020515252403688
2006-04-22,0.2302899628747085,11.1,KERVILCO,0.0,628.2321674044425,83.08469390042443,16.644246439168796,-0.0657206082566028,211.9313758473592,5.233123744213617,1.259406805125724
2006-04-23,0.27800770292982824,13.4,KERVILCO,0.0,638.2039590273038,81.1088409830594,15.626029414101763,-1.2730704425720665,193.2572737323723,5.306594420969338,1.0914640372566906
2006-04-24,0.3153520212338351,15.2,KERVILCO,0.0,601.6146035199635,80.92903500382211,8.598422334704408,-6.264344953680621,129.97004092727013,3.751819119953737,0.602457259946812
2006-04-25,0.2925304933813864,14.1,KERVILCO,0.0,617.9013857756918,80.92684239819697,7.870680514415259,-7.891629571664918,113.89871549979216,2.640757095737984,0.332216717800893
2006-04-26,0.30705328383294467,14.8,KERVILCO,0.0,660.4125456653704,80.70334763822014,12.274943941306176,-5.7391491042036815,135.21283500564505,3.0101920737866696,0.4950955589616292
2006-04-27,0.33817354908628366,16.3,KERVILCO,0.0,652.3460807809179,79.4617412460096,14.752619221715785,-3.0138235075541773,168.2201979352386,3.257301223118973,0.6746885782212276
2006-04-28,0.39004065784184866,18.8,KERVILCO,6.36107580569583,396.8596574858791,83.15676068666198,5.352348659965193,-6.735708958796941,169.27643845966827,2.897623934454936,0.4115505550317149
2006-04-29,0.3526963395378418,17.0,KERVILCO,0.0,619.4532952407827,83.15676068666198,5.837728834769374,-9.970300441962316,101.7681200978824,2.6629855851358144,0.351521010819019
2006-04-30,0.32157607428450286,15.5,KERVILCO,0.0,583.6690453377697,81.99557334366528,11.184202562342122,-3.194716645367693,169.96553324304338,3.650218835952362,0.5015775107400422
2006-05-01,0.3091279681831673,14.9,KERVILCO,0.0,612.4905685399923,81.05455043612929,11.930382010631366,-3.7103281145480462,160.16577137571372,3.756767455077498,0.5358046703733569
2006-05-02,0.33609886473606104,16.2,KERVILCO,0.0,593.758885494838,79.5496543366708,12.719304185441873,-2.3327732797605365,179.33792307207796,4.173718032581128,0.6673598290669898
2006-05-03,0.39419002654229385,19.0,KERVILCO,0.0,587.3515238521193,77.79763541415683,12.98126614857409,-1.6693407876368629,187.8737429847044,4.144474160163075,0.701646967196575
2006-05-04,0.40663813264362947,19.6,KERVILCO,0.0,520.9531657439271,75.61191169340748,11.792436201058074,-0.5372659813482289,215.22212235080505,4.226180583640251,0.6831031834659494
2006-05-05,0.39833939524273904,19.2,KERVILCO,0.0,532.3652935527588,74.23192068995036,10.024247804436524,-2.5237070211315635,185.9366748580433,3.721929494634309,0.6332974846020093
2006-05-06,0.38174192044095817,18.4,KERVILCO,0.0,587.3416772236709,73.74264701303674,9.743548647853038,-4.921329410991463,148.35412426590855,3.801151795369973,0.5643967130169021
2006-05-07,0.40663813264362947,19.6,KERVILCO,0.0,557.5237886252959,72.56324275646476,10.675645370673177,-3.0277980716370254,174.99383327497722,4.064127879302865,0.5882955985154008
2006-05-08,0.4253102917956328,20.5,KERVILCO,0.0,528.0918640459657,70.7801220633457,11.08190675034253,-1.501566005586447,201.1152853016084,4.23295824633498,0.6277770904022018
2006-05-09,0.4481318196480814,21.6,KERVILCO,0.0,424.1143675096411,69.40944731981679,6.847924538281258,-2.4744008508687583,228.6237056250184,3.738208171639094,0.5331801068954971
2006-05-10,0.40663813264362947,19.6,KERVILCO,0.0,557.802991736761,69.1596357312989,7.459655579538905,-5.6856144685355865,145.0772365305905,3.705997086678848,0.4729144973680068
2006-05-11,0.38174192044095817,18.4,KERVILCO,0.0,688.4282292998223,69.1596357312989,11.989646581797224,-7.697794090399973,115.06149189855644,4.184200045606357,0.6729963229159214
2006-05-12,0.37966723609073566,18.3,KERVILCO,0.0,674.3600745838196,68.10785301892136,15.638095477270696,-3.3378173875823003,163.75242107896966,5.161607855778756,0.8815476188647451
2006-05-13,0.42116092309518766,20.3,KERVILCO,0.0,653.3240039560518,66.06506243104654,16.986426718948817,-0.8183837445236304,200.0865701733364,5.06968613268472,0.9592074343937697
2006-05-14,0.48132676925164297,23.2,KERVILCO,0.6626072355421255,565.2954138669828,63.41468889508359,14.628288882420808,0.7284779207896435,227.1298157984332,4.257052401362441,0.932974653683789
2006-05-15,0.5165964032054271,24.9,KERVILCO,0.0,582.5579034805869,61.345346161122855,13.986040058709122,-0.6889418014631552,203.2366945827104,4.221464610140255,0.7292563817131437
2006-05-16,0.5394179310578757,26.0,KERVILCO,0.0,645.5166175631311,59.65168124106294,16.02578848132096,-1.571081824949598,189.1113111377853,4.738050083325296,0.9025018934021262
2006-05-17,0.5518660371592113,26.6,KERVILCO,0.0,637.8993299606815,57.59881761516693,16.669729370138008,-0.5590123468379323,204.70576682440952,4.621617292351052,1.0123522801370035
2006-05-18,0.5580900902098791,26.9,KERVILCO,0.0,630.6728849570641,55.20680429112456,17.516063045929368,0.370805632289618,219.93585037719404,4.917975670588973,1.0912438389830597
2006-05-19,0.5995837772143311,28.9,KERVILCO,0.0,644.5599043921884,52.63485080853251,19.107141560506303,1.014854081464348,230.94321989145965,5.359214047426266,1.1546352910982
2006-05-20,0.6348534111681153,30.6,KERVILCO,0.0,633.4210786243466,50.27050149752564,18.170141780536305,0.6932308405116713,225.4824721201903,5.06973084425681,1.0124678356703587
2006-05-21,0.636928095518338,30.7,KERVILCO,0.0,642.2017876535347,47.88993660715044,18.99668368196445,0.8937356518486362,228.6805645069113,5.137263686489313,1.1216755944446206
2006-05-22,0.6348534111681153,30.6,KERVILCO,8.729474897293564,440.74166326607553,45.74597683341163,16.195834061122888,0.5867947798683082,242.61251444291528,5.939591150942952,1.110482067588736
2006-05-23,0.6825711512232351,32.9,KERVILCO,0.0,517.0964314075902,44.05502601931693,12.065064083799577,-0.6274702952871177,233.047193261852,4.635395625336493,0.664825693938638
2006-05-24,0.5871356711129956,28.3,KERVILCO,0.0,661.3173126437013,42.71260796285167,18.124784799111016,-1.4988140140968076,190.14103306635803,4.961994286420669,0.8965068116294681
2006-05-25,0.5809116180623277,28.0,KERVILCO,0.0,608.1356107682535,39.93870508225721,19.63778289367005,2.763281420016543,263.44586229370367,5.23354089515173,1.1706353074750353
2006-05-26,0.5912850398134407,28.5,KERVILCO,0.0,597.9109173219006,37.06004495820026,19.903656819454547,3.520184012674174,279.23617086670424,5.623512148408859,1.2220522643369327
2006-05-27,0.5892103554632181,28.4,KERVILCO,0.0,574.68910422066,34.41800647033463,18.137558823048195,2.8880855899845503,268.7396609830062,5.748718315763788,1.0277289944235997
2006-05-28,0.5601647745601017,27.0,KERVILCO,0.0,554.195007951814,32.79666031215308,14.441549361380863,0.1109873257630228,224.33070431877144,5.18824525217594,0.8026395959626585
2006-05-29,0.512447034504982,24.7,KERVILCO,0.0,589.9831831378194,32.398508239554474,11.859342419158237,-3.953068448415767,163.20917841108516,4.372871758929825,0.72574847807111
2006-05-30,0.4647292944498622,22.4,KERVILCO,0.0,487.9465936137327,30.327373601436225,13.965460319280394,1.627303916298111,279.9087885469173,4.628236984017328,0.8887805787720682
2006-05-31,0.42738497614585547,20.6,KERVILCO,0.0,563.9042926422867,28.303972598026803,16.760032601382054,1.7153272753334896,246.74093862313137,4.65662761286909,0.8437473933544657
2006-06-01,0.4128621856942972,19.9,KERVILCO,0.0,581.0321727314868,25.953549425676485,19.41951282802452,3.3816821458855304,276.4318643779208,4.988860115537327,0.9433201703131606
2006-06-02,0.4128621856942972,19.9,KERVILCO,0.0,611.8317924997882,23.84277493597637,21.298421362831537,3.324559913725351,275.2094647356533,5.722420470948062,1.2338739238635523
2006-06-03,0.4149368700445198,20.0,KERVILCO,0.0,595.5122201782523,21.477876091760308,21.88608594642241,4.4917190852512245,300.20144882219915,6.290272139379508,1.4046000849605225
2006-06-04,0.419086238744965,20.2,KERVILCO,0.0,607.2767183970847,19.30032013369925,22.399796700208643,4.02300555954114,289.83872866769406,6.033333291738016,1.3607007455502114
2006-06-05,0.4107875013440746,19.8,KERVILCO,0.0,604.8557333676955,17.085118566361576,23.569262621077545,5.048374103002708,313.34676309063667,5.850784042719295,1.377440254881293
2006-06-06,0.4045634482934068,19.5,KERVILCO,5.54124286588839,458.9628960072891,14.913926306240876,24.33215174650076,5.534912307934175,347.0482849139374,5.742252640468555,1.4271013454757655
2006-06-07,0.4128621856942972,19.9,KERVILCO,0.0,522.7643416216439,13.090790528710968,19.62206918697961,4.81630362773639,316.5222038468849,5.736290337015861,1.2138054340930038
2006-06-08,0.4107875013440746,19.8,KERVILCO,6.354246767327845,371.4978571269744,11.678538530092114,17.041898161895844,3.736115269891268,395.5363652034868,4.885567940037955,0.927892715322972
2006-06-09,0.4481318196480814,21.6,KERVILCO,7.184614481098784,376.538114453476,10.62555920880177,16.69608664099284,2.221409597886981,381.93901170266815,4.706827225183229,0.799658787571441
2006-06-10,0.3858912891414034,18.6,KERVILCO,0.0,522.2160388628802,9.372756956762702,18.968562454111176,3.7286695944108943,318.47493043259567,5.4278254951043445,0.93848235797122
2006-06-11,0.3485469708373966,16.8,KERVILCO,0.0,568.6616446214612,8.316641740912246,21.01773195519653,3.3199540785531525,286.9046471523314,5.578347598330987,1.175691915825438
2006-06-12,0.31742670558405767,15.3,KERVILCO,0.0,569.7162591721515,7.1119563624901,23.059159012071856,5.11748127259612,323.23574576844857,5.798706925263213,1.4147658617673975
2006-06-13,0.2966798620818317,14.3,KERVILCO,0.0,561.7172585961777,6.128702582683164,22.148103834011764,4.571754013566559,313.7867421790022,6.123495815542151,1.4356779548031835
2006-06-14,0.27593301857960567,13.3,KERVILCO,0.0,495.576164021936,4.998416700032637,22.17778338004236,7.538787739784094,421.8032401131457,7.161206797281522,1.3991786761433187
2006-06-15,0.26555959682849267,12.8,KERVILCO,0.0,457.9720388852135,4.43629131899559,16.437203343309452,3.52504010544168,362.0128120116944,5.892199218842412,1.111328885325663
2006-06-16,0.2468874376764893,11.9,KERVILCO,0.0,494.2686638697694,4.199466563973713,13.86637811726459,-0.1966613473083133,266.5049292184935,4.895682403082968,0.7595503182919912
2006-06-17,0.23443933157515373,11.3,KERVILCO,0.0,566.6912017291144,3.8803683350730527,18.33062625530338,0.5961515350407803,228.59185812138568,5.248125902726002,0.8139651616315217
2006-06-18,0.20726096658723764,9.99,KERVILCO,0.0,592.5080713068547,3.4222910854527733,22.02850824006801,2.2244055094839856,253.11144465307828,5.660566933829197,1.1728081148454843
2006-06-19,0.19336058144074625,9.32,KERVILCO,0.0,542.1726469593569,2.7879990515012816,23.45638350143096,6.514681700949922,348.71347468865105,6.383513234791503,1.5276746906530778
2006-06-20,0.1848543756048336,8.91,KERVILCO,0.0,528.9732491954436,2.269660229349862,22.61083432709428,6.503147296582457,348.4150998651009,6.401375698847309,1.3643198285910982
2006-06-21,0.1769705750739877,8.53,KERVILCO,0.0,528.7633770413378,1.838468930807841,21.09572494535778,5.072503066301736,313.60354219319686,5.567726337058004,1.2754669950681257
2006-06-22,0.16701209019291927,8.05,KERVILCO,0.0,483.872837059161,1.389108843805151,19.5302315864907,5.465452065614929,322.9157621679376,5.72947915994896,1.1848101505903648
2006-06-23,0.1543565156565614,7.44,KERVILCO,0.0,583.5078564194774,1.0822005808117394,22.75592724375905,3.278962766422828,274.47704146938247,6.074697396080131,1.293350313942404
2006-06-24,0.14356815703540385,6.92,KERVILCO,0.0,564.1509605789299,0.8208222594865251,22.07825161358636,3.856495616931947,286.3805435935708,6.07549494614217,1.3318928667187615
2006-06-25,0.1526967681763833,7.36,KERVILCO,1.2258364090740668,421.8332114864365,0.5611500432219889,18.63634760557271,4.633151319609208,304.62421450469407,5.04095842274115,1.0138322450444963
2006-06-26,0.1624477846224295,7.83,KERVILCO,0.0,492.61238786315886,0.4435306624887645,15.64327551686964,1.3907157860226864,238.31888722419777,4.816395652206491,0.9130544296806816
2006-06-27,0.15394157878651687,7.42,KERVILCO,0.0,510.9597608372002,0.3154926679343901,16.267724845878366,1.030263880597178,231.09869385730383,4.573757581268746,1.0355893670253116
2006-06-28,0.14439803077549287,6.96,KERVILCO,0.0,528.5408337848771,0.1854454101546188,19.11875646523972,2.9419779705170632,267.21530696197,5.218259853498105,1.0438796355955922
2006-06-29,0.12925283501886792,6.23,KERVILCO,0.0,569.6786009133596,0.1232338371725036,21.427579090443004,2.481316436344561,258.51281047926534,5.544063915234786,1.2259360626213467
2006-06-30,0.12531093475344499,6.04,KERVILCO,0.0,562.1421391475476,0.0788812353299115,23.411297793237782,4.653888710167698,303.8694299169358,5.405945565806767,1.2955842674907123
2006-07-01,0.12178397135806657,5.87,KERVILCO,5.250390999361045,390.559694612908,0.051364346140177,22.026767550266587,6.403503713391673,346.8391645599779,4.739827142944391,0.9756314438125868
2006-07-02,0.16991664828323086,8.19,KERVILCO,8.650671538352682,375.6887037377443,0.0305703641935845,20.463584831766884,5.113007542932377,334.4724202371391,4.728607533850858,0.8707616519663787
2006-07-03,0.167634495497986,8.08,KERVILCO,1.1079341753489689,447.1456396978734,0.01328275257734,17.793913930867745,4.603190575053479,331.92667755394035,3.736799152070944,0.5460574855535011
2006-07-04,0.13049764562900149,6.29,KERVILCO,8.808658966918637,373.6733818215416,0.000175368541993,19.603346306695904,4.589349117204792,401.7242500625322,4.204515405234544,0.7019655824110224
2006-07-05,0.11348523395717618,5.47,KERVILCO,10.946913909874027,308.3316811524168,0.0,18.13974275405243,6.566079345345599,580.8932740336302,3.9327257515281255,0.5291305707965269
2006-07-06,0.15539385783167267,7.49,KERVILCO,7.596507620404462,278.75059359538017,0.0,16.160600896532383,6.364535285710045,709.8976664789894,3.665992164535653,0.5538738569179229
2006-07-07,0.14107853581513674,6.8,KERVILCO,14.672821513174668,343.2337243828234,0.0,18.468280609727223,5.305784831971029,603.0354711728016,4.197220741827785,0.6532248952917075
2006-07-08,0.19896222918634726,9.59,KERVILCO,24.72152600931505,156.80884755081806,0.0,12.316962845237963,6.901136380424716,988.2019284095288,2.2132105445319152,0.172552941547586
2006-07-09,0.2614102281280475,12.6,KERVILCO,12.232305089644573,194.1447550790853,0.0,12.34484276668882,5.906120589007862,917.0313966237052,3.172060347798224,0.3531252421828688
2006-07-10,0.2012443819715921,9.7,KERVILCO,5.577318558450634,360.7875982371313,0.0,17.411403250207933,3.9590582643944536,720.4573636012628,4.198264641926961,0.5645190754131861
2006-07-11,0.17053905358829768,8.22,KERVILCO,1.2144903630957402,493.2249138977981,0.0,18.82053673850102,2.96757477799914,579.110176174015,4.694932566796328,0.8166749196232491
2006-07-12,0.18423197029976682,8.88,KERVILCO,0.0,537.1214757401837,0.0,20.170883505900782,3.781328072849714,578.5581414061916,4.901437813603125,0.9009799817759544
2006-07-13,0.14730258886580452,7.1,KERVILCO,0.0,530.0250176019126,0.0,21.621657589605256,5.473739298015723,648.6538496169466,5.485594131344309,1.0288947501764425
2006-07-14,0.11555991830739877,5.57,KERVILCO,0.0,540.2821674243469,0.0,23.6797330650108,6.686568829792,686.3051868149423,5.241415561540707,1.2495537932028349
2006-07-15,0.10954333369175323,5.28,KERVILCO,0.0,534.20590845985,0.0,24.41038727700812,7.580162067650708,731.3397641266519,5.000242041151503,1.279992635767931
2006-07-16,0.10705371247148612,5.16,KERVILCO,0.0,532.0550009726304,0.0,24.8811397917445,8.014379531967238,753.2702406021663,5.648667780675689,1.3663404486404749
2006-07-17,0.09688775915539538,4.67,KERVILCO,0.7133393159765861,489.55273463497474,0.0,23.83777476272616,7.158634618944679,754.6723751933723,5.4997419434765416,1.377635731109505
2006-07-18,0.10601637029637483,5.11,KERVILCO,0.0,490.3096078839231,0.0,22.26127616761985,7.815402838399232,801.1496349120315,4.908220626737374,1.0982639312204645
2006-07-19,0.15767601061691755,7.6,KERVILCO,0.0016046055009617,500.09707198222833,0.0,21.335567835384804,6.566715909535745,731.8448133209351,4.815056461973883,1.0486453706256356
2006-07-20,0.13070511406402374,6.3,KERVILCO,0.0,487.6940586328356,0.0,22.09022360345314,7.821666854434926,805.2398595686491,5.214844535176304,1.071759177798983
2006-07-21,0.10228193846597414,4.93,KERVILCO,0.0,471.17281730677,0.0,21.309981371391583,7.824076718694736,826.4768313260361,4.817926669564288,0.8293007395556358
2006-07-22,0.0935682641950392,4.51,KERVILCO,8.548434043485178,444.5522525149224,0.0,22.01878677300379,6.984671716067101,803.0491308736737,4.855213261488445,0.8737496800686229
2006-07-23,0.10622383873139708,5.12,KERVILCO,19.92925928620499,407.8082051081196,0.0,21.638510245086152,5.538816999275991,781.1198541641808,4.842105350035498,0.9779187065821704
2006-07-24,0.10290434377104091,4.96,KERVILCO,17.072652753682895,378.91153062153575,0.0,21.319450642264385,7.029428966318859,926.2964919252346,4.582504714579795,1.0901769025167656
2006-07-25,0.09253092201992792,4.46,KERVILCO,9.408855912975056,412.6235255747603,0.0,21.89169683066396,6.448879876631374,880.3084404390547,4.0995495137920495,0.8968840379281942
2006-07-26,0.1039416859461522,5.01,KERVILCO,7.000270872257946,432.28400897348223,0.0,21.75416796151337,7.019174411782315,910.439707091857,4.212519386049428,0.8363446062949845
2006-07-27,0.08236496870383718,3.97,KERVILCO,0.0,446.3474308366938,0.0,18.17280696665031,5.826122253001667,864.6511612854991,4.414107371057308,0.7970022005902515
2006-07-28,0.06991686260250159,3.37,KERVILCO,0.0,498.2567206437941,0.0,20.54054899327724,5.951889130681302,823.8458120351081,4.486056830870251,0.8403469214367674
2006-07-29,0.06369280955183379,3.07,KERVILCO,0.0,465.5376368911052,0.0,21.35409738743692,8.122824877574915,968.615820718508,4.256991671252809,0.8047877931899512
2006-07-30,0.06742724138223447,3.25,KERVILCO,0.0,543.4613248095102,0.0,23.192662465187965,6.182427553125975,797.125725518328,5.242294228170953,0.9211018397892886
2006-07-31,0.06473015172694509,3.12,KERVILCO,10.295453344199558,364.4546609732368,0.0,21.219638515013017,7.030589353026283,957.0817364793006,4.631779491474957,0.8887025863393359
2006-08-01,0.10186700159592961,4.91,KERVILCO,4.1937602828026685,330.0218339922393,0.0,18.70953616367307,6.658427010462855,961.1502730961208,4.002859950831224,0.5681362594537802
2006-08-02,0.0657674939020564,3.17,KERVILCO,3.608889558169216,394.57563850133977,0.0,18.088240320783843,3.872400252017044,768.5160517545793,3.792159137081289,0.5704371663475708
2006-08-03,0.062033062071655716,2.99,KERVILCO,8.646716901321494,345.0247938875822,0.0,18.18312036823319,5.833884395262527,896.795298710373,3.903972403586064,0.5715741620044421
2006-08-04,0.07676332095823617,3.7,KERVILCO,3.722398199537965,329.99022228414503,0.0,15.8390765732955,5.583708363996959,884.2310009669764,3.719222058544089,0.5433255292586544
2006-08-05,0.13734410398473607,6.62,KERVILCO,12.528302575573116,290.4634364967415,0.0,16.551863144496956,6.365748554342205,948.6425000411898,3.4677489058697137,0.4172227295229453
2006-08-06,0.11493751300233199,5.54,KERVILCO,12.25694987160692,316.00149396294853,0.0,17.544624822349434,6.223733669548977,942.831327423312,3.221552068352292,0.3589349368631825
2006-08-07,0.29460517773160905,14.2,KERVILCO,6.494745597637519,333.8295011426135,0.0,18.67335029142017,6.618535144155084,961.9601050041102,3.5145204550557243,0.4988079865138815
2006-08-08,0.17821538568412124,8.59,KERVILCO,0.0,520.2231092071863,0.0,21.468739548965893,5.21908091758556,855.4864731421427,3.853530291499268,0.5972222979493375
2006-08-09,0.14543537295060419,7.01,KERVILCO,4.849985364185492,374.3961122719794,0.0,21.800740673507825,6.277183139222242,944.7858416469188,4.328926601392776,0.8156890962323091
2006-08-10,0.14315322016535936,6.9,KERVILCO,0.0,489.0334049791137,0.0,20.1431942212356,5.4919590045241815,881.8809807628788,3.885823663175732,0.7556170874723187
2006-08-11,0.12780055597371212,6.16,KERVILCO,8.734217872294664,406.2076153278685,0.0,22.35444907600053,5.874999808795457,899.7469454332424,4.235608217192667,0.8750394680572148
2006-08-12,0.11410763926224295,5.5,KERVILCO,0.0,436.0638474407961,0.0,18.191233915456102,5.928298925283185,917.2918485595972,3.8421376522105217,0.6951151571106482
2006-08-13,0.12593334005851178,6.07,KERVILCO,4.933929658254241,347.78995264629725,0.0,18.49962816336465,5.664761577750246,901.1524939910098,3.7960356112101854,0.5837596650379622
2006-08-14,0.1313275193690905,6.33,KERVILCO,5.741017595749203,333.2870974770952,0.0,18.429584675781538,5.848305204609566,922.1522787664778,3.523756177392618,0.4736672582782958
2006-08-15,0.12634827692855627,6.09,KERVILCO,0.0,357.9833712503401,0.0,15.829372801775463,6.462655161149944,957.7536869836742,3.7228572921210894,0.6499099147468154
2006-08-16,0.10933586525673096,5.27,KERVILCO,1.316432387780193,444.52510412373033,0.0,19.30785026923499,5.940634240676021,915.8203406808528,3.983662809628559,0.6104774198892379
2006-08-17,0.09024876923468306,4.35,KERVILCO,0.0,520.4646576020149,0.0,22.31863833757444,6.055791155914551,916.5233985261352,3.8537964806818974,0.7628153720011847
2006-08-18,0.10954333369175323,5.28,KERVILCO,7.78898570283765,356.6255576660628,0.0,19.33663999266738,6.23735983138243,935.0573266454514,4.067545742025583,0.7244292358337223
2006-08-19,0.29460517773160905,14.2,KERVILCO,2.094561582539729,275.0231912435262,0.0,14.137616446639356,6.219310831323069,949.877983731774,3.1124190320143827,0.4066456168555789
2006-08-20,0.2199165411235955,10.6,KERVILCO,1.785433439592614,448.7487841378887,0.0,18.08140993833915,5.1336002305265565,866.8434842550704,3.716289342467247,0.6276369123092956
2006-08-21,0.16369259523256308,7.89,KERVILCO,0.0,468.92734967843904,0.0,17.773851149118126,4.5159798390036,825.2575195206887,3.98761233652393,0.7165794227756853
2006-08-22,0.14854739947593812,7.16,KERVILCO,0.0,467.7215099169061,0.0,18.66465309992681,5.470336098182398,882.5191642164866,3.772354433220844,0.8029184643609218
2006-08-23,0.13734410398473607,6.62,KERVILCO,0.0,524.770967155315,0.0,20.84969850300688,4.42993313566206,815.4272558001499,4.121069306141326,0.9045182522936102
2006-08-24,0.12136903448802204,5.85,KERVILCO,6.0605746644621705,375.6861872820763,0.0,20.135207530119384,5.801590614939907,902.5955284301192,3.949467393872837,0.7698432471084854
2006-08-25,0.1479249941708713,7.13,KERVILCO,7.117427028184297,322.7726317043253,0.0,16.9448062042671,5.57702907247792,900.0566443540123,3.601183165520433,0.635824921324441
2006-08-26,0.21161780372270508,10.2,KERVILCO,11.592964970852504,329.69069264074807,0.0,13.981484037719632,2.0683734464067363,712.2039839219129,3.0069827850811226,0.4649608563003887
2006-08-27,0.16908677454314183,8.15,KERVILCO,0.0,451.1388258602548,0.0,13.361221543128297,1.1451279457732542,658.0188809821643,3.5602837444791744,0.5353237669768063
2006-08-28,0.1329872668492686,6.41,KERVILCO,0.0,513.7505221724059,0.0,15.969594353491171,0.5322365319847043,625.8945888851747,3.4064790023900064,0.5248277933015384
2006-08-29,0.11887941326775495,5.73,KERVILCO,0.0,507.6735029027315,0.0,17.951640558466533,2.543227507081834,720.8557626493781,3.846511577806958,0.6619786342486884
2006-08-30,0.1091283968217087,5.26,KERVILCO,0.0,497.8760949759026,0.0,19.801321823423766,4.574396874376162,831.6843524029173,4.203555823641845,0.8722796859187749
2006-08-31,0.10269687533601865,4.95,KERVILCO,0.3189288218213153,480.6222963919916,0.0,19.786245319887808,4.652832191512733,837.2355440494001,3.866852121731433,0.9059549715133292
2006-09-01,0.10124459629086284,4.88,KERVILCO,0.3224794525784651,455.38688176226736,0.0,19.12191041621633,5.906421425298844,918.9297530867448,3.7973322912617777,0.8600321220663764
2006-09-02,0.09751016446046216,4.7,KERVILCO,0.0,446.5756854481009,0.0,16.363036886467,3.693685753361914,789.1250940763169,3.7092549347932255,0.6146933152234825
2006-09-03,0.094190669500106,4.54,KERVILCO,0.0,508.9361656401972,0.0,17.95511262855024,1.7369049273857495,683.9086864565755,3.9169418613294464,0.7791075230672203
2006-09-04,0.09149357984481662,4.41,KERVILCO,0.0,499.5115435524339,0.0,18.119212994158666,2.1745702300902168,705.3827553786815,3.978081676885495,0.833161796870071
2006-09-05,0.08443965305405979,4.07,KERVILCO,0.0,497.0338552603882,0.0,19.02352863297297,2.836545879714069,738.7207407624327,4.559643717955552,0.9859533685601884
2006-09-06,0.0848545899241043,4.09,KERVILCO,4.971554025382372,332.56873186595186,0.0,16.805871318514896,3.3434388121845835,774.6136979122799,3.860476381524598,0.9773598830833448
2006-09-07,0.09066370610472758,4.37,KERVILCO,13.679046338356084,317.77009898094303,0.0,14.248790393910715,1.7992855490857125,696.449300077401,3.205367025006161,0.7184250414528186
2006-09-08,0.15518638939665041,7.48,KERVILCO,13.35255668873454,141.26883925063802,0.0,8.029836942025268,3.2515763159516404,772.8618831121048,2.653451282709657,0.4565349212770141
2006-09-09,0.16804943236803052,8.1,KERVILCO,0.0,374.2854535524066,0.0,11.771758337488334,1.652132704752112,689.9815140615933,3.50700776305898,0.5409737444492011
2006-09-10,0.11825700796268815,5.7,KERVILCO,4.580124780352727,341.4457565875805,0.0,13.53989316664148,1.1484745894389672,664.0584921669133,3.3616311601551394,0.5794628346994959
2006-09-11,0.10373421751112995,5.0,KERVILCO,0.0457139531212009,445.5344501901699,0.0,14.125390187669987,1.0556061328348614,658.693209647847,3.3899002020214097,0.6682044058192224
2006-09-12,0.09066370610472758,4.37,KERVILCO,0.0,488.4575899732258,0.0,16.809338428260833,1.130832256083887,660.0880268354995,3.535845896205285,0.7361104464293724
2006-09-13,0.08609940053423787,4.15,KERVILCO,0.0,487.2617265380706,0.0,19.142550703634345,2.984409504756171,752.4597146947356,3.664634995522236,0.905248835564358
2006-09-14,0.08838155331948272,4.26,KERVILCO,4.590564373911988,270.909364457924,0.0,14.520447949387936,4.339660579434435,832.9094383806154,3.1822485193460945,0.613635619124384
2006-09-15,0.1039416859461522,5.01,KERVILCO,0.545432749851655,267.2878303107658,0.0,11.018112183854862,3.627930512220339,794.4388901355491,2.7119356088323188,0.3994515365199327
2006-09-16,0.08962636392961629,4.32,KERVILCO,0.0,428.4755796006165,0.0,9.598917201348328,-2.739607667889863,502.1212389529841,3.157804982871891,0.428435633767326
2006-09-17,0.07614091565316938,3.67,KERVILCO,0.0,457.6584159143,0.0,7.848018698516032,-5.873228518071341,395.5132423124911,2.9811998696213124,0.4324504984587046
2006-09-18,0.08008281591859233,3.86,KERVILCO,0.0,485.0744672776983,0.0,11.380675550967124,-4.562448849309437,435.3131265756094,3.088244553481214,0.4925278587740537
2006-09-19,0.08132762652872588,3.92,KERVILCO,0.0,499.5690146067278,0.0,15.814741932942368,-2.010495484083537,524.9249652452404,3.705703575199908,0.8113995933706465
2006-09-20,0.07655585252321391,3.69,KERVILCO,15.688626686311483,322.638086630292,0.0,13.612080795071272,-0.0160666874461346,609.3848125240318,3.241026869756697,0.5599064997145311
2006-09-21,0.09709522759041762,4.68,KERVILCO,10.802730062980508,131.73945212772787,0.0,2.8503916715544646,-1.1577012436054412,562.2879043979727,1.7220968526277098,0.1723601832025889
2006-09-22,0.1076761177765529,5.19,KERVILCO,16.277371484306403,214.06104443612853,5.59474259099446,2.1618608347925297,-5.026515235468807,422.9258479721031,1.7559261318411603,0.2018460472915233
2006-09-23,0.09481307480517279,4.57,KERVILCO,0.0,385.46505042177006,5.59474259099446,4.336069333595363,-5.912384621478418,395.0082952192132,1.90942551591766,0.2256844476406349
2006-09-24,0.08713674270934915,4.2,KERVILCO,0.0,475.1337103257064,5.59474259099446,8.805163930408222,-5.723493713312454,399.77442684188185,2.4774003144306405,0.4068761042047351
2006-09-25,0.0879666164494382,4.24,KERVILCO,0.0,477.383554140822,5.494066763715987,11.089542451323275,-4.0315300581764735,453.6970349969668,2.9962886264965167,0.5550011097720402
2006-09-26,0.08215750026881492,3.96,KERVILCO,0.0,472.57315585761705,5.198786375213275,12.6389072274992,-2.6303707142605504,503.36660803058976,3.61065057594127,0.6280115620137325
2006-09-27,0.07697078939325844,3.71,KERVILCO,0.0,467.0110329763217,4.675647085912813,14.16955480524468,-1.0850314450108127,563.7820262976851,3.4111724725749744,0.5904223918290007
2006-09-28,0.07468863660801357,3.6,KERVILCO,0.0,477.2764388115481,4.17297525670238,15.139276211410357,-1.0969601675477794,563.3755254850528,3.501948526110222,0.6400917862434405
2006-09-29,0.07302888912783548,3.52,KERVILCO,0.0,461.9154671839772,3.445601131431212,16.45405418420369,0.8990213267396946,651.6669887915806,3.9092848468733687,0.7986635149669689
2006-09-30,0.0692944572974348,3.34,KERVILCO,0.0,473.7364828485424,2.8011254229794247,17.11123988097696,0.3504212840438641,626.4264682778534,3.888930177391876,1.0203433284338714
2006-10-01,0.06659736764214542,3.21,KERVILCO,0.0,442.071371165763,1.9955276034365548,15.605976560739332,0.6588672588454368,639.6450635949324,4.024650788022367,1.0186020872274864
2006-10-02,0.06638989920712317,3.2,KERVILCO,0.0,416.9665864051621,1.0976613030789169,15.678341486748277,1.8110748395868712,695.0408467003392,3.6782573002602015,0.9609701095700508
2006-10-03,0.07095420477761288,3.42,KERVILCO,5.174983184368002,300.684626570621,0.5110412306721877,14.158396721711345,1.0003703677143727,656.023295714262,3.2656098665014834,0.7024613245833258
2006-10-04,0.0796678790485478,3.84,KERVILCO,0.0,413.3779575596323,0.1887960442528463,14.460021329098252,0.3993930307485236,628.0245912901033,3.1959599257824585,0.7438867649194315
2006-10-05,0.07302888912783548,3.52,KERVILCO,2.4595770489407487,207.40374840833536,0.00604106333961,12.222962949260976,4.1629876102934205,822.1909518792013,2.937383778801118,0.7001404206336886
2006-10-06,0.07406623130294678,3.57,KERVILCO,5.720874513327344,193.36008353441363,0.0,12.562244860908798,4.877885601031897,864.505365699275,3.529718919798586,0.6693618752034801
2006-10-07,0.1097508021267755,5.29,KERVILCO,9.78248444614599,260.71191159629456,0.0,13.058899205511116,3.081744709540106,763.5386909859844,3.05752583927515,0.6010494180598126
2006-10-08,0.14875486791096035,7.17,KERVILCO,20.634951901512807,165.2343136129639,0.0,6.377859288906483,0.105250404660301,617.2369518947106,1.56468419183975,0.2637582273860588
2006-10-09,0.15663866844180624,7.55,KERVILCO,21.508142889964148,122.33147222744812,0.0,2.2491967024642427,-2.2197021800667778,522.1904870931656,1.4738293384907464,0.1858378032793314
2006-10-10,0.16390006366758533,7.9,KERVILCO,0.0,244.49955354979772,0.0,3.9240910520521193,-3.069667241394109,488.2704175870584,1.925668167268999,0.2753889041851355
2006-10-11,0.1385889145948696,6.68,KERVILCO,0.0,251.8741364107287,0.0,5.6550098056243465,-1.6286193482915738,542.4219581370688,2.4963620136408617,0.3554657156002478
2006-10-12,0.12282131353317786,5.92,KERVILCO,0.0,367.7641371952025,0.0,9.468554470512204,-2.081962662704582,524.9918826573113,2.7344336365904507,0.4489970533908344
2006-10-13,0.11244789178206488,5.42,KERVILCO,0.0,412.0456144009125,0.0,11.049920472387573,-3.143183593975955,484.5394778319405,2.850342602806121,0.5701134704217782
2006-10-14,0.12344371883824465,5.95,KERVILCO,4.566164188014345,253.44340222055865,0.0,9.34543746121731,-0.952787594114844,569.6582199218036,1.8313170731640884,0.4183794589674354
2006-10-15,0.17614070133389864,8.49,KERVILCO,0.0,309.45085596053696,0.0,8.676597080287518,-0.7982852453845235,576.2769602263719,2.0782551370775093,0.4366510204656214
2006-10-16,0.14937727321602715,7.2,KERVILCO,0.0,331.0843126783752,0.0,8.33411132055235,-1.9787404670667248,528.5902720349771,2.478320566276033,0.428949694398584
2006-10-17,0.13672169867966927,6.59,KERVILCO,10.731350087908472,288.906272394384,2.2928418643795667,5.793880755522657,-4.665217802769008,433.4287309342269,1.6740054447303172,0.2750244848047104
2006-10-18,0.12925283501886792,6.23,KERVILCO,0.0,311.16496317831945,2.2928418643795667,-0.0844647453683263,-9.021306056563128,311.3683460554599,1.0965192547070914,0.1172129653374635
2006-10-19,0.10601637029637483,5.11,KERVILCO,0.0,382.6351052382906,2.2928418643795667,3.576546536214519,-8.606876645214028,319.5805302951536,1.2040118654473788,0.1332874059373904
2006-10-20,0.12385865570828916,5.97,KERVILCO,3.2891067988876266,248.0366029003441,2.2135233665035483,4.105308312931518,-4.5062141114275205,437.3329389080312,1.2747925962788031,0.1443499294697395
2006-10-21,0.11638979204748781,5.61,KERVILCO,0.0,292.127961350084,2.2135233665035483,0.3019513491420162,-8.13530064687519,332.3163082496897,1.1377705491793892,0.1309826025362271
2006-10-22,0.09875497507059572,4.76,KERVILCO,0.0,364.5916724649152,2.2135233665035483,3.567968782494807,-8.285782839556841,327.3356055315908,1.34879296901821,0.1699663189972964
2006-10-23,0.10165953316090737,4.9,KERVILCO,0.0,424.93704298172446,2.2135233665035483,10.501143398413756,-6.912602244191137,363.89278396302296,2.1359324598109275,0.4139703041658019
2006-10-24,0.10601637029637483,5.11,KERVILCO,0.0,352.2750076385851,2.051009604143131,9.064818820748364,-2.8289847183551244,495.94343460721257,2.02572595958904,0.4301451435105297
2006-10-25,0.10643130716641933,5.13,KERVILCO,0.0,363.6952582302795,2.051009604143131,6.635869998125969,-5.799083872359668,396.7446733517703,1.4138884683809063,0.2593904488716683
2006-10-26,0.09854750663557346,4.75,KERVILCO,2.257617378222169,183.92940375689943,4.3084842497757165,-3.931806273056086,-9.56164621100093,297.77247508834995,1.0051848009044744,0.1111496981310341
2006-10-27,0.10580890186135254,5.1,KERVILCO,0.0,421.3785243948812,4.3084842497757165,4.164559926293598,-11.31551330192947,258.46339012172155,1.2772042178214325,0.1630043030451595
2006-10-28,0.10726118090650837,5.17,KERVILCO,0.0,406.4812677416493,4.257745514034706,9.282385921617909,-5.600393655165186,402.4240468927027,1.8460019429802432,0.312599139687547
2006-10-29,0.09958484881068476,4.8,KERVILCO,0.0,390.4992226847579,3.929987023465508,9.657883927467552,-4.202556975934871,447.3953413139314,1.718715685563756,0.3146641358015664
2006-10-30,0.09813256976552893,4.73,KERVILCO,0.0,314.11130978459664,3.4956999869161134,6.270708802745949,-3.4101627077867054,475.0421955476391,1.4672241448812615,0.217023919739355
2006-10-31,0.08298737400890396,4.0,KERVILCO,0.0,335.69809115742663,3.312688438568111,5.642953655076406,-5.069019318959833,419.0104799644153,1.523465954965055,0.2424402029861377
2006-11-01,0.07406623130294678,3.57,KERVILCO,0.0,366.9903977599653,3.312688438568111,3.5345768760141647,-8.514791218406419,322.0085517259007,1.5834068002718575,0.2723449656410641
2006-11-02,0.07593344721814713,3.66,KERVILCO,0.0,390.17750848845856,3.312688438568111,5.081725741637885,-9.038318498206571,308.4026071500797,1.6658303671432837,0.3137897585442823
2006-11-03,0.08817408488446045,4.25,KERVILCO,0.0,364.4319928714367,3.1681055304119594,7.252864762180192,-5.324356267211927,410.9655872390799,1.727500303768008,0.3673347640728173
2006-11-04,0.08236496870383718,3.97,KERVILCO,0.0,297.41586930392174,2.8251415881724697,5.2553569156216495,-4.152852826830767,448.9874796362623,1.518474107637393,0.3221620182943069
2006-11-05,0.07904547374348103,3.81,KERVILCO,0.0,330.5607859674444,2.8145346190067726,5.061417265123556,-5.815284660059195,395.9958704885941,1.591908431577586,0.2948458390459476
2006-11-06,0.07904547374348103,3.81,KERVILCO,0.0,353.6968241036543,2.8022305360491284,6.591958349685116,-5.919958061007414,392.8551431570644,1.7917757332374566,0.3065105471859827
2006-11-07,0.07925294217850329,3.82,KERVILCO,0.0,342.13671843518705,1.9495151610871768,11.641186335523894,-1.2719070900141478,555.8919552733254,2.104952642728888,0.3902367176713969
2006-11-08,0.07842306843841423,3.78,KERVILCO,0.0,337.72400231069594,1.607232340615639,12.73142890367511,-1.039881536985078,565.0768632503209,2.329292707163809,0.551420741873864
2006-11-09,0.07676332095823617,3.7,KERVILCO,0.0,322.0689410288074,1.458059955200996,10.060111765369458,-2.662455839538117,501.405609938203,1.8456146151867727,0.3996313802365126
2006-11-10,0.06597496233707865,3.18,KERVILCO,0.0,291.9160687111249,1.458059955200996,0.1833546315349126,-10.37022127032038,280.1012014519977,1.5239447216865272,0.2599323463075582
2006-11-11,0.052282045625609494,2.52,KERVILCO,0.0,352.42446652438105,1.458059955200996,6.2310429007585535,-9.203584589397591,304.2467557725516,1.624387755258632,0.3753192054037683
2006-11-12,0.08215750026881492,3.96,KERVILCO,0.6728521445234589,295.0207492350692,2.1309120848089136,-0.3791015370232342,-11.764230439454352,249.2426650679563,1.1687423629410223,0.1927051401906694
2006-11-13,0.09668029072037312,4.66,KERVILCO,5.221577329955513,216.1369070158652,7.352360674348838,-3.1047203159781325,-12.662438178966102,231.6932052430018,1.3002275938615004,0.2313581083465394
2006-11-14,0.1489623363459826,7.18,KERVILCO,0.0031469835147639,342.4241208240264,7.355507657863603,-1.3381537956080798,-13.616779473501415,215.0101406334411,1.5355901236439071,0.2340135154880893
2006-11-15,0.1547714525266059,7.46,KERVILCO,0.0,368.51960684374,7.355507657863603,-1.1911340671746755,-15.648031642824073,181.5227488965577,1.36316804171267,0.2198570242285439
2006-11-16,0.13277979841424634,6.4,KERVILCO,0.0,376.0029291817681,7.355507657863603,5.168714519467538,-10.744028502464898,269.1956686277778,1.896319262132737,0.3559844559468564
2006-11-17,0.1284229612787789,6.19,KERVILCO,0.0,293.30168617474243,7.348231973507168,4.53395924882843,-6.262615219867827,382.3376421369073,1.4429063484524416,0.2930475033147534
2006-11-18,0.10726118090650837,5.17,KERVILCO,0.0,335.85811148330544,7.348231973507168,5.671196622720143,-7.594924293370943,344.92971828770834,1.5316991749144937,0.3247376572325729
2006-11-19,0.09253092201992792,4.46,KERVILCO,0.0,366.7667808536523,7.348231973507168,6.530627944466201,-9.684523614384103,292.9618228916036,1.239090520027874,0.3338384995253916
2006-11-20,0.10373421751112995,5.0,KERVILCO,0.0,362.6858352174189,7.346267324537887,10.201026236006134,-6.481712396226348,375.8163923251048,1.989305186325618,0.4962584128790713
2006-11-21,0.11390017082722069,5.49,KERVILCO,0.0,357.8941001276428,7.238928781762137,10.899614004822077,-5.76749991093264,396.9218027889779,1.832897177623523,0.4936327641874909
2006-11-22,0.09668029072037312,4.66,KERVILCO,0.0,324.2624832706276,6.747046015091311,8.950825614630256,-4.828252303350795,426.4400532014683,1.756865667442344,0.4783195200370975
2006-11-23,0.09024876923468306,4.35,KERVILCO,0.0,309.5463600474775,6.356822687807362,7.776789459831992,-5.0698682153916375,418.8263847810856,1.672232970382635,0.4681407780487571
2006-11-24,0.10643130716641933,5.13,KERVILCO,0.0,242.91169630819104,6.350380705262232,2.9298183108335305,-6.236965814575668,383.3253827887936,1.0522275569454729,0.2891184834186411
2006-11-25,0.07676332095823617,3.7,KERVILCO,0.0,244.90052913769745,6.349952433280732,3.1830205388854607,-6.387032365867181,378.6855537287864,1.104403351038404,0.3003610596370666
2006-11-26,0.0771782578282807,3.72,KERVILCO,0.0,253.8183080569063,6.349952433280732,1.8783281782645669,-8.054436784874188,332.9167976329888,1.221693013028644,0.296713742041468
2006-11-27,0.14564284138562644,7.02,KERVILCO,0.0,268.6861851565799,6.349952433280732,2.20119130095698,-8.373491744440386,324.73874716123873,1.363508987310131,0.2843821719955762
2006-11-28,0.35062165518761923,16.9,KERVILCO,2.3515700005655105,236.69350438706508,8.701201310043054,0.6876007428878159,-11.211423600407464,260.07672400492163,1.150660571593905,0.210520290505497
2006-11-29,0.48340145360186565,23.3,KERVILCO,1.1192962067491623,287.82545834191257,9.820369367706435,-9.371918748624749,-22.21014810151925,104.83591863926642,0.6187953325973082,0.1101206816562554
2006-11-30,0.2302899628747085,11.1,KERVILCO,0.0,325.7258524948505,9.820369367706435,-8.717655315220185,-22.83740169425752,97.50390624111417,0.8416459121516393,0.1216783855517138
2006-12-01,0.2240659098240407,10.8,KERVILCO,0.0,266.8223532451092,9.820369367706435,-3.815062056424466,-14.459807355472686,199.42265455295427,0.9693990730730764,0.1447882308032718
2006-12-02,0.2468874376764893,11.9,KERVILCO,0.0,299.0549138399739,9.820369367706435,-5.023879728731088,-17.40111864475929,156.02578108213356,0.5589605139232564,0.0987780509414139
2006-12-03,0.28008238728005086,13.5,KERVILCO,0.0,344.2842910429956,9.820369367706435,-5.451885798668403,-21.85466105795705,106.40860284500197,0.9471678194704244,0.1598122881577973
2006-12-04,0.08838155331948272,4.26,KERVILCO,0.0,340.65110908643624,9.820369367706435,-0.1083824144382095,-16.81499947702178,163.8382464501509,1.3208056811996638,0.2536265320317495
2006-12-05,0.0641077464218783,3.09,KERVILCO,0.0,301.1464760806897,9.820369367706435,1.251834215153142,-12.261743033643546,238.49547104862336,1.484809980642847,0.2848661147078588
2006-12-06,0.07904547374348103,3.81,KERVILCO,0.0,274.79671616509995,9.820369367706435,1.1457522276816603,-10.76607102390328,268.9217696726682,1.246138959850338,0.2270696777858447
2006-12-07,0.25311149072715705,12.2,KERVILCO,0.0,271.6445420470748,9.820369367706435,1.4976639722941174,-10.17795180741263,281.451101659487,0.8874818778391876,0.2086630588354182
2006-12-08,0.553940721509434,26.7,KERVILCO,0.0,318.1982355261559,9.820369367706435,4.808569771791832,-10.385193510018414,276.41266752292995,1.2391089452593933,0.3979238519297358
2006-12-09,0.3526963395378418,17.0,KERVILCO,0.0,289.57392583415896,9.820369367706435,2.078244974094464,-10.908547152846454,265.1616727784487,1.6270609230317792,0.3819952182637123
2006-12-10,0.20560121910705956,9.91,KERVILCO,0.1493504334914657,266.97077472721435,9.96959103438657,1.32548267442031,-10.558695572021026,272.74557218233963,1.1928340173899,0.2924827391799963
2006-12-11,0.14522790451558193,7.0,KERVILCO,0.0,140.02965539193016,9.96959103438657,-3.5888785901105527,-9.16847262525792,305.0077109687052,1.226502173698896,0.2024458587300555
2006-12-12,0.14543537295060419,7.01,KERVILCO,0.0,236.98238144080847,9.96959103438657,-1.5310225936803812,-11.321249855508396,256.7524168523496,1.455734272875257,0.252896624536174
2006-12-13,0.15518638939665041,7.48,KERVILCO,0.0,204.0410352835563,9.96959103438657,-0.2128488171566379,-8.57010816157604,319.263637698481,1.4723587159146363,0.2640868597071538
2006-12-14,0.17904525942421032,8.63,KERVILCO,0.0,202.820708861149,9.753553326889731,2.809074241729412,-5.487885930955416,404.9728742936325,1.66072421831036,0.3179506058463011
2006-12-15,0.19377551831079076,9.34,KERVILCO,0.0,271.06040117897805,9.547384738247748,6.0618804645579605,-5.510325779800133,403.9555838083071,1.6620988747604768,0.3975298279230498
2006-12-16,0.16680462175789693,8.04,KERVILCO,0.0,217.5049635468336,8.973371293635136,4.1494882092413405,-4.633487069314422,432.0026214712333,1.6909044968665758,0.4155755964272717
2006-12-17,0.1489623363459826,7.18,KERVILCO,0.0,184.2424774291785,8.973371293635136,-0.3442198273607947,-7.405725619332069,349.96239709144857,1.5370021974428345,0.31792504501987
2006-12-18,0.12697068223362307,6.12,KERVILCO,7.20695120628763,173.22327575043823,16.179491835423413,-1.4289610913693822,-10.451750706342658,275.85182753660007,0.8874326837106079,0.183461021783566
2006-12-19,0.11161801804197584,5.38,KERVILCO,7.027811421986558,133.1837934943579,23.20812984796725,-2.532468134315752,-9.000478857547595,309.33329766805286,0.7871302064276511,0.1365183137203766
2006-12-20,0.11784207109264362,5.68,KERVILCO,7.187087629603918,147.15846138245487,30.395214016134226,-7.069976026145265,-13.616687985855922,215.7351104984117,0.6087002677382506,0.0840486775189792
2006-12-21,0.13692916711469152,6.6,KERVILCO,0.0,311.45207929692145,30.395214016134226,-3.297808056619337,-15.807986430449676,179.1463193677316,0.8582962775031269,0.1281461396241366
2006-12-22,0.136514230244647,6.58,KERVILCO,0.0,344.19147221350494,30.395214016134226,-0.4540467885753061,-16.364701922961483,170.04516441871004,0.9879879544413684,0.2354384135374439
2006-12-23,0.1433606886003816,6.91,KERVILCO,0.0,353.2243875597032,30.395214016134226,0.4980147014691603,-17.010791687928744,160.96368906090242,0.93914021365016,0.1944450713379967
2006-12-24,0.14543537295060419,7.01,KERVILCO,0.0,302.4322765805171,30.395214016134226,-4.607351817440812,-16.89289209041448,162.5980682814801,0.9638526798333944,0.152740985640059
2006-12-25,0.1402486620750477,6.76,KERVILCO,0.0,351.5130709972818,30.395214016134226,-1.3005896680400932,-18.68004491825769,139.63089805385454,1.1729286686600016,0.1877363892349283
2006-12-26,0.12987524032393472,6.26,KERVILCO,0.0,291.7955908493362,30.395214016134226,1.2752311026662555,-10.670865889726308,270.55016529273274,1.1348265984431984,0.2069693117687212
2006-12-27,0.13257232997922408,6.39,KERVILCO,0.0,289.3232320591494,30.395214016134226,3.8585970534813727,-7.980973677406544,334.30383493578887,1.0477719370793044,0.2255938261859426
2006-12-28,0.1282154928437566,6.18,KERVILCO,18.911520719075977,116.42572927384532,49.30654049132302,-3.643508048736847,-8.964275064859043,310.43241701916,0.8986656624863603,0.1560301709167573
2006-12-29,0.12717815066864532,6.13,KERVILCO,6.444257098439729,135.3969663021025,55.75157122177071,-4.626149556647996,-10.01171534832042,286.4569075533224,0.853222167601796,0.1907230897528498
2006-12-30,0.12240637666313335,5.9,KERVILCO,0.0,302.0622368680194,55.75157122177071,-0.8195018493540791,-12.265768490203872,238.14576956945825,0.94651487509243,0.1790818201764079
2006-12-31,0.11141054960695357,5.37,KERVILCO,0.0,355.883075628934,55.75157122177071,1.0451459162310868,-15.150515790636392,187.9234486832793,0.9491233315044488,0.1683054219294553
2007-01-01,0.1035267490761077,4.99,KERVILCO,0.0,288.11953737281067,60.93434057654305,1.1339103505002976,-12.439197691406198,235.28556070920897,1.0336897533938223,0.2676512245634884
2007-01-02,0.10248940690099641,4.94,KERVILCO,0.0,324.9592373689825,60.93434057654305,1.8181142027511128,-14.612617212073197,196.9860053801076,1.3685235622254373,0.3031674690093617
2007-01-03,0.09792510133050668,4.72,KERVILCO,0.0,324.42397302434176,60.93434057654305,2.9632607939628026,-13.426782789081518,216.9275409898672,1.448639235343082,0.2806179843487698
2007-01-04,0.09688775915539538,4.67,KERVILCO,2.159667232382425,206.8899144680464,63.09387588913533,2.945840073332464,-7.53432531876634,347.03652586379513,1.3091522405311862,0.2662521373796796
2007-01-05,0.09502054324019504,4.58,KERVILCO,13.72337691341437,236.64235872462464,76.81769587561946,-3.0088975447028945,-18.3819546609872,146.4772037933767,0.7578970060892454,0.1490626108678723
2007-01-06,0.09709522759041762,4.68,KERVILCO,0.0,308.9443261285324,76.81769587561946,-6.59335595561535,-20.896096051804395,115.57495888200386,1.0810703780364606,0.17494356916461
2007-01-07,0.10248940690099641,4.94,KERVILCO,0.0,276.6558583871977,76.81769587561946,-7.229967409146416,-19.50496793193931,130.38632710597022,0.9782731400575936,0.1354539687054011
2007-01-08,0.11078814430188678,5.34,KERVILCO,0.0,337.2314799561612,76.81769587561946,1.526259022853342,-14.946225045409712,191.62689853843523,1.4862774994237573,0.2396253558227629
2007-01-09,0.10933586525673096,5.27,KERVILCO,0.0,342.0572948290153,76.81769587561946,4.665221137519066,-12.260307489030634,238.742115310304,1.4298795220308516,0.3136984990202906
2007-01-10,0.10954333369175323,5.28,KERVILCO,0.0,331.78781117774435,76.81769587561946,4.72189143180752,-11.158363726154068,260.8682535577784,1.4996674841110618,0.3111901905125205
2007-01-11,0.09813256976552893,4.73,KERVILCO,0.0,269.5163231199385,76.81769587561946,2.161926730717751,-9.565645069882562,295.9891708865032,1.351940188751908,0.2645155434607308
2007-01-12,0.09294585888997245,4.48,KERVILCO,2.682231863946679,144.44511401387905,79.49933842224891,-1.446997436845388,-8.116380175910752,331.64765485832294,1.1493296961447814,0.1955389293217943
2007-01-13,0.09647282228535085,4.65,KERVILCO,0.0742564293863071,210.00035136089767,79.57359481272788,-3.8364932731992463,-12.429108488655327,235.47925099697864,1.005749183023858,0.1681677680474375
2007-01-14,0.09792510133050668,4.72,KERVILCO,3.648245668788904,259.21888440743265,83.222132040956,-9.032958977250448,-23.92141732169579,89.47040667398528,0.6011261796142843,0.0955410862014812
2007-01-15,0.08900395862454949,4.29,KERVILCO,0.0,329.87463238966734,83.222132040956,-11.26355063776808,-25.78013503543153,74.72836473659251,0.7378337753024944,0.1168714369787007
2007-01-16,0.05290445093067627,2.55,KERVILCO,0.0,373.9046857575602,83.222132040956,-5.867685615716888,-24.019781916079072,87.66015216352254,0.768237623494896,0.1745434130977812
2007-01-17,0.035269633953784185,1.7,KERVILCO,0.0,356.9368124237624,83.222132040956,-7.170517155201495,-23.56644367804358,91.2689576092022,0.9221410528978236,0.1520585310785018
2007-01-18,0.03215760742845029,1.55,KERVILCO,0.0,362.9335030807735,83.222132040956,-3.777557823496221,-20.502877063566515,119.60215002811874,1.1847854532190605,0.2029704817928913
2007-01-19,0.07012433103752384,3.38,KERVILCO,0.0,394.14253836004025,83.222132040956,1.3738254947024249,-18.617866949108265,140.7520739837898,1.3155146655788532,0.2882264640869895
2007-01-20,0.04792520849014204,2.31,KERVILCO,0.0,316.3883507321003,83.222132040956,-2.233784560506497,-15.415866059918343,184.3344757185693,1.0545563782428902,0.1874367220680002
2007-01-21,0.04439824509476362,2.14,KERVILCO,0.9587621028036696,260.8603668908527,84.18036726963375,-7.297505249116612,-18.852683832679453,138.59217992793197,0.8197202238916445,0.1454444058079047
2007-01-22,0.6742724138223447,32.5,KERVILCO,0.0,339.3876976827383,84.18036726963375,-6.403741959791478,-20.643545328346985,118.1215491906557,0.94397307173757,0.1591135297236016
2007-01-23,1.035267490761077,49.9,KERVILCO,0.0,406.8324313470161,84.18036726963375,1.6376034102322148,-18.577001124823745,141.2036925156515,1.1345376797450106,0.2150842648746171
2007-01-24,0.9626535385032859,46.4,KERVILCO,0.0,400.5294218395623,84.18036726963375,3.8234268350532337,-15.42469535816974,184.21072081209508,1.2204435298194594,0.2687017968667216
2007-01-25,0.94190669500106,45.4,KERVILCO,0.0,396.94786035980064,84.18036726963375,4.328843963693246,-14.228537474332017,203.3176682357887,1.4121653088547146,0.3106386176724867
2007-01-26,0.8962636392961628,43.2,KERVILCO,0.0,404.712812862096,84.18036726963375,4.265990158296982,-14.824445698210567,193.35653140678093,1.3581229472080214,0.2786806881862141
2007-01-27,0.8153509496374814,39.3,KERVILCO,0.0,328.03426086663427,84.18036726963375,-1.3364450404487005,-14.307914236818377,201.98900036645065,1.0619674780290185,0.1810459408449541
2007-01-28,0.7904547374348102,38.1,KERVILCO,0.0,326.2392897975136,84.18036726963375,-1.5434953913542988,-14.354218160224269,201.2229017285808,1.21980127001883,0.1908437889576958
2007-01-29,0.7863053687343651,37.9,KERVILCO,0.0,349.7932109001936,84.18036726963375,-1.567421379459561,-15.557110554834546,182.1546942813794,1.2887434510834654,0.2018886634375918
2007-01-30,0.9336079576001696,45.0,KERVILCO,0.0,348.7894147941663,84.18036726963375,-2.2628797636520512,-15.97521440688713,175.9034807366987,1.0124175408045897,0.1632775741123739
2007-01-31,0.9668029072037313,46.6,KERVILCO,1.868105559189432,249.89657460805807,86.04879289004876,-5.198277941512087,-15.453831452553151,183.6953559660452,1.1017184216053226,0.1919182492097458
2007-02-01,0.9668029072037313,46.6,KERVILCO,1.4366733246304055,317.14070194489784,87.48513302608346,-10.314082413091668,-23.55846932049317,92.055582928049,0.8999647455645309,0.1264512827561336
2007-02-02,0.9585041698028409,46.2,KERVILCO,0.0,325.02808911374103,87.48513302608346,-12.547880960047925,-24.183611490925536,86.41514631349243,1.0051489167493348,0.1254288750625002
2007-02-03,0.9481307480517279,45.7,KERVILCO,0.0,324.58558394048805,87.48513302608346,-3.539284545367048,-15.27664599438158,186.44923676086503,1.6010549167980432,0.2195460201559327
2007-02-04,0.9481307480517279,45.7,KERVILCO,0.0,380.0123523388332,87.48513302608346,2.0385973890101927,-12.509962749935012,233.5015294581284,1.7899893075232698,0.2900611911245339
2007-02-05,0.9294585888997244,44.8,KERVILCO,0.0,431.8708694730676,87.48513302608346,7.252470157114006,-11.156572824008276,258.848715621046,1.6689030836832148,0.3052980887012582
2007-02-06,0.7572597878312487,36.5,KERVILCO,0.0,399.9991936376617,87.48513302608346,8.638587075483185,-7.205851364110354,352.74537174031525,1.9073675195173767,0.3791016298038013
2007-02-07,0.3443976021369515,16.6,KERVILCO,0.0,367.0750937710497,87.48513302608346,6.530627236358817,-7.043783890800761,358.4605275127741,1.7371870795009032,0.3178138335625198
2007-02-08,0.37966723609073566,18.3,KERVILCO,0.0,340.12740306099585,87.48513302608346,4.94647333545497,-7.038441974356435,359.16782451989013,1.943387153517494,0.342940216552223
2007-02-09,0.43360902919652317,20.9,KERVILCO,0.0,282.1687817975474,87.48513302608346,2.3312691819852627,-6.96710826841981,362.37717591114,1.575336259834176,0.2626007347123833
2007-02-10,0.39419002654229385,19.0,KERVILCO,0.0,289.3306355864343,87.48513302608346,2.232835175900485,-7.22088284556122,355.203452851466,1.3947521128403302,0.2300972416290352
2007-02-11,0.3672191299894,17.7,KERVILCO,0.0,163.2499197496915,86.59944609412614,1.1800605686082886,-3.892127395275209,458.1517063021673,1.3115175755375978,0.2121008895351217
2007-02-12,0.3236507586347255,15.6,KERVILCO,0.0,335.64525282097753,86.59944609412614,0.1262673504477905,-10.724249445504665,272.60384951326154,1.4260256117677326,0.1999201486228385
2007-02-13,0.26970896552893786,13.0,KERVILCO,3.4256061322240563,265.9406605359025,90.02524914861637,-1.2543902045048203,-12.79734255207513,229.74923210122464,1.00858962327596,0.1652274792650401
2007-02-14,0.22199122547381808,10.7,KERVILCO,0.0,401.0247913711081,90.02524914861637,-4.274180545885748,-17.52486471977334,156.69430109530353,1.2861809968940423,0.1808588238037119
2007-02-15,0.19979210292643632,9.63,KERVILCO,0.0,366.7727260467103,90.02524914861637,-5.238069968675244,-16.63896115021136,167.3248974655176,1.4457868975706971,0.1874853674325963
2007-02-16,0.1863066546499894,8.98,KERVILCO,0.0,270.8101872680295,90.02524914861637,-2.216810752733789,-10.19886428857381,281.449864303763,1.785382043402555,0.2378795201834107
2007-02-17,0.17323614324358702,8.35,KERVILCO,0.0,439.621092159686,90.02524914861637,0.3920225576690043,-13.98998906401278,209.0950588218576,1.7616469975791362,0.2518166609556955
2007-02-18,0.15601626313673944,7.52,KERVILCO,0.0,462.5165072566741,90.02524914861637,4.428048318398187,-11.15951980763333,257.9384344369496,1.6474049200865204,0.2989299007124332
2007-02-19,0.1489623363459826,7.18,KERVILCO,0.0,256.8420316291163,90.02270107631705,0.5528741127540725,-6.6615446972682735,370.9397472305301,1.6112035871373211,0.2453865312685216
2007-02-20,0.14439803077549287,6.96,KERVILCO,0.0,380.2960871618753,90.02270107631705,1.07796978525063,-9.855590534854434,289.5325139848521,1.5391180822843005,0.2081778725661683
2007-02-21,0.13443954589442444,6.48,KERVILCO,0.0,457.1591302323891,90.02270107631705,5.111690140544845,-9.339212018342064,295.323146403068,1.7713980553039184,0.2855496965793757
2007-02-22,0.1450204360805597,6.99,KERVILCO,0.0,473.0204921368375,90.02270107631705,6.8117829589914205,-8.313743649019045,315.275077736805,1.795150284096587,0.3467597153368402
2007-02-23,0.15871335279202883,7.65,KERVILCO,0.0,417.14088411049687,90.02270107631705,1.923520684555572,-9.82852815549539,286.4664338431673,1.851408625842292,0.2963488242114738
2007-02-24,0.12261384509815562,5.91,KERVILCO,0.0,386.399019081705,90.02270107631705,-4.48131209330838,-14.523698082121276,200.55816842020417,1.5576824715544408,0.1895243128423409
2007-02-25,0.1039416859461522,5.01,KERVILCO,0.0,458.715651667109,90.02270107631705,-4.151330751117775,-16.738811658958458,165.13069249764007,1.4658330971022615,0.199835486344869
2007-02-26,0.09668029072037312,4.66,KERVILCO,0.0,376.1591137828957,90.02270107631705,-0.5461385613315106,-10.099819979871244,281.291737598126,1.6881770966100695,0.2336976013080732
2007-02-27,0.11058067586686454,5.33,KERVILCO,3.3292186558137526,380.3895306852049,93.3521834893265,2.774870723502311,-9.546286312689867,289.38569755410765,1.6114590536246536,0.2359928290941787
2007-02-28,0.09398320106508375,4.53,KERVILCO,2.324751913351156,411.8955940824672,95.67693636650723,-3.746087991496005,-16.302261066700172,172.23929299159732,1.572705092681933,0.2161225175289087
2007-03-01,0.08692927427432691,4.19,KERVILCO,0.0,365.26902797755207,95.67693636650723,-10.34213465945478,-18.90076706977593,137.80009900933712,1.296054431037107,0.1654132747218944
2007-03-02,0.06908698886241256,3.33,KERVILCO,0.0,475.353635594189,95.67693636650723,-10.3833412968106,-22.49546312517043,102.11986746338498,1.3387885696856,0.1726467060203192
2007-03-03,0.06742724138223447,3.25,KERVILCO,0.0,543.524009117362,95.67693636650723,-4.989032293817119,-20.80737209621553,114.71236714764264,1.434618806942922,0.1816292912028782
2007-03-04,0.08029028435361459,3.87,KERVILCO,0.0,600.1545102289323,95.67693636650723,6.743661764374092,-17.94665402548274,135.53899490555995,1.826985628330142,0.2910480811115445
2007-03-05,0.0796678790485478,3.84,KERVILCO,0.0,569.5258479184835,95.67693636650723,9.63317228533822,-9.474598531115928,264.8444155733389,2.246510942669892,0.4239027604977902
2007-03-06,0.0796678790485478,3.84,KERVILCO,0.0,532.8174232578623,95.67693636650723,9.23843332677946,-6.649887821645864,330.5422549559226,2.2512547244986285,0.4170885544563705
2007-03-07,0.0692944572974348,3.34,KERVILCO,0.0,458.6991477119107,95.38150364691508,6.583876415551124,-5.295618436058124,363.3426200965967,2.066863484051156,0.3841919762099041
2007-03-08,0.04502065039983039,2.17,KERVILCO,0.0,411.0279118566877,95.23609619671238,4.117988735222189,-5.75953778374521,316.96978699392594,2.119966832783246,0.3323254481323434
2007-03-09,0.07925294217850329,3.82,KERVILCO,0.0,526.0053811698014,95.23609619671238,7.00629496660087,-7.104207191002048,208.67308395958,2.199068443734953,0.3459403839691606
2007-03-10,0.08775914801441595,4.23,KERVILCO,0.0,461.2956330195698,95.0979332049426,5.237471955258344,-5.964497371242115,253.55514412374376,2.1044077058706567,0.3782380953927486
2007-03-11,0.09087117453974983,4.38,KERVILCO,0.0,562.4693347095258,95.08933578861372,7.215281342830138,-8.595451406772307,150.37691806928916,2.2212356861599805,0.3431613605257113
2007-03-12,0.08506205835912656,4.1,KERVILCO,0.0,594.7779415943418,95.03099038427888,12.3173864730277,-6.301452878699603,152.9223546510544,2.5345580759693003,0.5302916362761165
2007-03-13,0.12738561910366758,6.14,KERVILCO,0.0,555.1004471018654,94.09939928547658,12.341215596873887,-3.782656153221623,195.7164427351148,2.833958448028767,0.5155200174749682
2007-03-14,0.13485448276446893,6.5,KERVILCO,0.0,496.9007178915229,92.76558099699544,10.340510792630845,-2.8244680663654016,230.3245653897164,2.747964478313401,0.4627209027326586
2007-03-15,0.17468842228874285,8.42,KERVILCO,0.0,418.67869163285445,91.40941462352237,7.622361340017702,-2.769167077826571,262.3601677410853,2.837826142029128,0.4610636582487949
2007-03-16,0.22199122547381808,10.7,KERVILCO,0.0,551.0748403728879,90.92759316861944,10.551620961774754,-4.8536664372430485,178.62908394525292,3.1915922975433832,0.5487206839921293
2007-03-17,0.24273806897604408,11.7,KERVILCO,0.0,549.7741265741388,89.67048023987172,12.360455551177925,-3.006107960075457,201.54032074763683,3.3733955166755694,0.6378580157516653
2007-03-18,0.2510368063769345,12.1,KERVILCO,0.0,516.7308387082295,88.11070019353632,11.717884581527995,-2.286881626911805,224.7670419946939,3.1787594724489314,0.6594166212984617
2007-03-19,0.26970896552893786,13.0,KERVILCO,0.0,517.3299250852001,86.61466355330299,11.352740066015228,-2.4376925836842824,220.5834433305625,2.683952568747677,0.6356570943533009
2007-03-20,0.2302899628747085,11.1,KERVILCO,0.0,514.6261497361226,85.35023007553629,10.51609628261066,-2.990453229625349,213.92187252617816,2.99263595950008,0.651113313845694
2007-03-21,0.2008294451015476,9.68,KERVILCO,0.0,387.2343398602544,83.44047505372157,7.9177710927229725,-1.4528498205780482,296.46911069002937,2.9798443969809583,0.5791528296646773
2007-03-22,0.19543526579096884,9.42,KERVILCO,4.807695531491246,318.6875558981169,81.53453699417676,7.155678351525799,-1.461190975039691,325.2172793200208,2.811751160311115,0.5467576550380596
2007-03-23,0.1943979236158575,9.37,KERVILCO,10.233231207292322,306.68166083397165,80.39160548185991,5.985677012341705,-3.2799231378350866,297.2780214695402,2.701353522157246,0.5094349164442471
2007-03-24,0.17365108011363153,8.37,KERVILCO,13.715240452111942,159.19127263036182,78.64111311940054,2.5359282606861786,-1.831424576681365,471.6677531542935,2.341045132270769,0.360755124950658
2007-03-25,0.18506184403985584,8.92,KERVILCO,0.0,489.65678706306727,77.73016461246738,7.69638615200228,-3.836232095303256,274.42338656709546,3.064046754316897,0.5042608465744864
2007-03-26,0.19128589709052365,9.22,KERVILCO,0.0,578.9692764894085,77.364803200597,10.005423762033416,-5.273891358862528,206.0578779248698,3.253269476976408,0.6111790930279511
2007-03-27,0.19190830239559042,9.25,KERVILCO,2.0664869293048373,411.1934292198463,75.3657548880364,9.745009792842374,-1.239800336729774,364.6231314830584,3.800830639799854,0.6164709247748135
2007-03-28,0.18775893369514524,9.05,KERVILCO,3.86620546517041,408.73218763981765,79.22635672798626,2.3004688788458902,-10.270677182675282,206.13008047096707,2.857187831284008,0.4745221265556135
2007-03-29,0.1360992933746025,6.56,KERVILCO,4.934528299419066,354.2634575481936,84.16103786949486,-1.9283933982948271,-12.659695203671388,193.4670384298414,1.868320435086232,0.2618985343613541
2007-03-30,0.167634495497986,8.08,KERVILCO,0.4742038511864172,477.7645474403719,84.63548535133758,0.6130558059770148,-10.82876678082928,195.1634344833592,2.013518360275099,0.2811852310627995
2007-03-31,0.17655563820394318,8.51,KERVILCO,0.0,513.7615257837718,84.63548535133758,2.883014532515505,-9.043102728372835,207.61940657684312,1.8742407413890592,0.2028509274574846
2007-04-01,0.15601626313673944,7.52,KERVILCO,0.0,537.287528724362,83.90292454663974,8.746981802131405,-4.255585520839753,266.5584641399131,2.1089134775205034,0.2463322666180414
2007-04-02,0.15207436287131654,7.33,KERVILCO,0.0,512.5026919731248,81.94629940563446,10.783009873250217,-1.3422145732313668,333.20584005552786,2.498355238065797,0.34574736200846
2007-04-03,0.15912828966207335,7.67,KERVILCO,0.0,559.0438471436125,80.61862227719246,10.34347343798672,-2.839537452681125,277.17709954062394,2.519072145762125,0.3270227927380499
2007-04-04,0.1744809538537206,8.41,KERVILCO,0.0,563.8216563377091,79.29119628793781,10.288472924770868,-2.838705870368224,275.71456917405465,3.425972894473281,0.6456757085606413
2007-04-05,0.19232323926563494,9.27,KERVILCO,0.0,523.0814255759515,77.66067818645506,9.452298724747733,-2.116781806026274,305.7973739671247,3.581406178178814,0.5873120951466478
2007-04-06,0.2029041294517702,9.78,KERVILCO,0.0,558.0302282161181,77.18913016237244,7.578775400072283,-4.884988216190568,210.1492275072888,3.202375593774431,0.5278939959033073
2007-04-07,0.2095431193724825,10.1,KERVILCO,4.158713528869641,330.49311501969305,76.42904986181948,3.8660660055414713,-4.068569110128585,331.45384534472936,2.79657921704281,0.443637338821267
2007-04-08,0.2199165411235955,10.6,KERVILCO,1.091701114623187,161.54753119952437,74.7744571002469,0.9315500438940036,-2.0613826601593583,457.1010423129476,3.0505766813768767,0.4758821438443488
2007-04-09,0.1887962758702565,9.1,KERVILCO,3.551693132477376,387.29424172530577,73.14696592508841,7.709652932510331,-2.123659102517093,354.00482297007943,3.0511169017307336,0.4638924897074092
2007-04-10,0.16784196393300826,8.09,KERVILCO,0.0,547.036366487112,73.14696592508841,-0.1822807805714395,-11.348410383301731,160.80536044783648,2.485093913131149,0.3205475220426039
2007-04-11,0.14211587799024802,6.85,KERVILCO,0.0,607.8646486093272,73.14696592508841,-0.2055162967651192,-13.252021250782391,129.4099201165453,2.492128007090876,0.3077152410326796
2007-04-12,0.13983372520500317,6.74,KERVILCO,14.3010128782631,367.2071926039129,87.4482736163225,-0.1412778275547945,-9.226231084544787,236.8993682554132,2.046536610557381,0.2878514635261809
2007-04-13,0.1593357580970956,7.68,KERVILCO,3.3226245426583425,421.6055283156899,90.77030933190096,-1.354163591305023,-11.444009197273571,208.57312594554628,1.6116771592994226,0.1510735267002762
2007-04-14,0.16680462175789693,8.04,KERVILCO,0.0,720.4452246833868,90.77030933190096,6.867590090727944,-13.381464495174445,114.10845246349434,2.0910747534209,0.2287842204615716
2007-04-15,0.18008260159932157,8.68,KERVILCO,0.0,677.6330420251717,90.6993164151866,10.169128791650662,-5.982135697667215,195.33266461795623,2.428944016862784,0.2983189772708273
2007-04-16,0.18132741220945517,8.74,KERVILCO,7.379203678538075,476.0059631099869,89.3978997325386,10.055843429832636,-2.9017666554372448,323.4477925307739,2.830957315403753,0.3702838611298919
2007-04-17,0.18443943873478907,8.89,KERVILCO,0.0,575.1914582977495,88.66846520658508,7.159742761465923,-4.264185887811776,277.12390162919337,2.139373946656388,0.2875707155931992
2007-04-18,0.18381703342972225,8.86,KERVILCO,0.0,647.6725978434321,87.61373304066406,10.656046724768514,-3.4879597991894373,255.22783493453787,2.9865716331267165,0.3847420706619563
2007-04-19,0.1831946281246555,8.83,KERVILCO,0.0,675.5585612450374,87.58421181723232,7.1927144035877015,-8.245522315401171,181.4304507197384,3.4238765803649978,0.4892517544825279
2007-04-20,0.1952277973559466,9.41,KERVILCO,0.0,663.8180230245954,86.79733548217209,10.99066489350002,-4.126765849566421,237.9173148861861,3.933962743193698,0.6745716206488179
2007-04-21,0.2064310928471486,9.95,KERVILCO,0.0,561.3349181107288,85.57542321130659,8.14015209658571,-3.0898878563264027,301.6188277606699,3.9903458175133664,0.6482434792985281
2007-04-22,0.19916969762136952,9.6,KERVILCO,0.0,631.0297110370544,85.33206321184682,7.926637045932742,-5.687443034858589,226.8093931458285,3.358322036297667,0.4969535345656475
2007-04-23,0.2095431193724825,10.1,KERVILCO,11.422967301863432,418.11641262811406,83.93086307812268,8.795468400295936,-2.66331236031856,363.0972714275138,3.390957002223088,0.5839065077784759
2007-04-24,0.19543526579096884,9.42,KERVILCO,15.822067398822025,281.1229247336008,91.47325707040476,0.8780050546151273,-5.560204633226142,374.2314711337772,2.3155644634218966,0.266649277919775
2007-04-25,0.27800770292982824,13.4,KERVILCO,0.0,644.8065507509303,91.41726231398091,7.120326467617304,-6.802700751609508,250.39067991229493,2.731363999300528,0.3169512731506878
2007-04-26,0.27593301857960567,13.3,KERVILCO,0.0,649.0187714901595,90.97695827588862,9.378216392652536,-4.962248498733133,278.0068775471632,3.1958228687863848,0.4734835029392169
2007-04-27,0.3091279681831673,14.9,KERVILCO,0.0,680.1059076563656,89.8727483122937,12.740839545093896,-3.3712089510155354,290.13843721583555,3.539018271953262,0.5481749543123867
2007-04-28,0.38174192044095817,18.4,KERVILCO,0.0,677.0878163819098,87.86700369516493,15.100386012283195,-1.2241762357228632,330.3918504882844,3.799626093189085,0.8694325026063603
2007-04-29,0.4668039788000848,22.5,KERVILCO,0.0,664.7518057416816,85.11925384290511,16.54654056490934,0.5946444350404695,374.3116617399834,4.186545595909006,1.0255384203507094
2007-04-30,0.5186710875556498,25.0,KERVILCO,0.0,656.7157333123695,82.86582644633307,15.147325903360734,-0.4709683567114343,353.4360650761908,3.305084257180439,0.4342546492814025
2007-05-01,0.6224053050667797,30.0,KERVILCO,2.2336604482286373,486.87225484782965,79.90680848170088,12.947394410796916,1.3979664621534718,497.9691734104513,3.660631544835708,0.5210112609195573
2007-05-02,0.7053926790756836,34.0,KERVILCO,1.2021040952303643,262.65976400655586,76.8854814787414,7.484583184527168,1.8980017303716352,617.7688004311334,2.434970674481132,0.2659556781063301
2007-05-03,0.6929445729743481,33.4,KERVILCO,0.0,626.1863286646507,75.06585915143359,12.991771356305218,-0.9815636768546374,357.0215744643612,3.6868847952060095,0.459825170551464
2007-05-04,0.7157661008267966,34.5,KERVILCO,0.0,527.5289492085867,73.76652767110988,8.26867526337841,-2.297131532491839,378.1276763060944,3.262306619113362,0.4188301844337588
2007-05-05,0.6556002546703413,31.6,KERVILCO,20.1162184650563,325.36714905167,79.03246877243514,3.2210086138692686,-4.720228926980203,394.4517885020067,2.771343747017084,0.3187087737642419
2007-05-06,0.5892103554632181,28.4,KERVILCO,17.050422946139978,474.60375990170576,92.07973593310592,4.613760954183072,-6.303411222631604,327.4874084636156,2.6667594230376146,0.2735598484759385
2007-05-07,0.5746875650116599,27.7,KERVILCO,0.0,552.8175866062688,91.49984149973166,6.743598235291746,-4.216562836460812,370.61415660211134,1.939120736623072,0.1417352801627603
2007-05-08,0.5165964032054271,24.9,KERVILCO,0.0,642.979911423123,91.05957446433412,9.834944264257471,-4.636780124183328,324.43337527324564,2.909763095136976,0.2941954469987031
2007-05-09,0.49584955970320116,23.9,KERVILCO,0.0,666.4791804290779,90.11895564283483,12.76890386195394,-3.2504625403223755,342.98482739813915,3.256942607262326,0.378766859513123
2007-05-10,0.4937748753529786,23.8,KERVILCO,0.0,656.9585989665551,88.3476152577173,14.954055081960597,-0.9719097531977652,399.5811499301489,4.043514159145358,0.5811743745648809
2007-05-11,0.5290445093067627,25.5,KERVILCO,0.0,634.089364222586,85.71709221471077,16.65507901389644,1.4333223561741406,478.01156677701056,4.272348423543014,0.7706804527351294
2007-05-12,0.636928095518338,30.7,KERVILCO,0.0,619.3195652169146,83.01403758875807,16.43621486783016,1.7669997615352615,494.5079127415767,4.575261160964867,0.8566152258727133
2007-05-13,0.7697078939325843,37.1,KERVILCO,0.0,557.7593122707428,79.89951620114704,15.626114238721115,2.9772626539422475,573.745609571476,4.431306505991867,0.8326543291485181
2007-05-14,0.8713674270934917,42.0,KERVILCO,0.0,559.1145867993242,76.99663739301039,15.04395325153482,2.6627812704081264,560.8992729713817,4.116100619007542,0.6820851929262908
2007-05-15,1.0165953316090737,49.0,KERVILCO,0.0,562.4225882588955,74.66639455789847,13.531152031107563,1.2957395746641245,506.9279457948628,3.988938348090437,0.5929133231729278
2007-05-16,1.1182548647699808,53.9,KERVILCO,1.7801414219330507,503.80386639120576,72.64997731210634,12.667226045937992,0.4649023318455659,502.2227474325751,3.721065774288739,0.5897598821590602
2007-05-17,1.145225761322875,55.2,KERVILCO,2.8789840656637344,479.22144024977706,70.6835119049028,12.176004109495766,0.5401717083629237,513.7653326802728,3.714889880032125,0.5623435058283061
2007-05-18,1.0622383873139707,51.2,KERVILCO,0.0,645.7782460470684,69.02733505665134,15.40655681525311,-0.4841379681056364,413.1736543456163,4.356800840173181,0.7078401509733522
2007-05-19,1.0497902812126352,50.6,KERVILCO,11.399506519830211,464.5883291678076,66.9866157562336,15.866233072670914,0.7926065690350828,531.0053544035769,4.138505317641909,0.7649873153353559
2007-05-20,1.1410763926224294,55.0,KERVILCO,9.396368566834669,426.7110438469203,65.06223328687229,13.639811967114303,0.7055053035266706,561.2435384595944,4.011048317693412,0.6578624109435071
2007-05-21,1.1244789178206487,54.2,KERVILCO,12.416666272023663,403.2246366256304,63.25858533673589,12.364781540755816,0.4928651268099562,574.4269991523038,4.191870556048739,0.6132268734190266
2007-05-22,1.1265536021708713,54.3,KERVILCO,11.532968620782537,323.2692083756281,62.642661324423855,6.032215242623719,-2.578332170085905,489.13410094684747,3.379675503281055,0.4371177563641194
2007-05-23,1.0124459629086282,48.8,KERVILCO,16.101651125384873,296.4881151383469,65.25910915306713,3.431015934214363,-4.153035493255009,445.3263218732988,2.874859411249717,0.3343663717340874
2007-05-24,0.9585041698028409,46.2,KERVILCO,0.0,628.0811988780043,65.2558845933148,7.58124551959595,-7.198494221580149,322.028759269642,3.106446941824532,0.3532208323826793
2007-05-25,0.8672180583930463,41.8,KERVILCO,0.0,561.8429179905474,63.74216526083288,12.462977585731132,-0.1903487402177913,539.5821338552142,4.150381205129621,0.5844058801128499
2007-05-26,0.7946041061352555,38.3,KERVILCO,0.0,620.1104260330682,62.2465197223343,14.762919691460992,-0.2858177743829081,513.4552260379157,4.408167546229659,0.6889845351661759
2007-05-27,0.7842306843841423,37.8,KERVILCO,0.0,606.3684961233224,60.42740049427559,15.667695042170733,1.0957339212996573,567.3259377667586,4.457151681856167,0.8046528557795526
2007-05-28,0.8464712148908203,40.8,KERVILCO,0.0,574.0320787699243,58.31343304169585,15.777141483074963,2.568078602392905,641.0100932378173,4.369565311340933,0.8088697077712221
2007-05-29,0.9336079576001696,45.0,KERVILCO,0.0538361455028709,620.2794272624723,57.06955466196546,14.523101039664455,-0.512060830051186,499.7758791250959,4.904683207732495,0.7917934775170004
2007-05-30,0.9481307480517279,45.7,KERVILCO,0.0,602.1070002386729,56.157148798707446,12.07390303797565,-1.9850367708359464,461.03408686231137,4.343122517319592,0.5994424695336068
2007-05-31,0.9294585888997244,44.8,KERVILCO,0.0,612.6854112575681,54.75525266317866,14.65182457117466,-0.3716981123553582,506.9631545886968,4.72468124770915,0.684949457804092
2007-06-01,0.931533273249947,44.9,KERVILCO,0.0,575.8328969048515,53.173829317084966,14.348880281924709,0.6223360284797724,556.1688401811646,4.726010498304437,0.6993508900403143
2007-06-02,0.9481307480517279,45.7,KERVILCO,0.0,643.7798666867566,51.660887207152975,17.93999535668286,0.7280676156182758,522.8218272055793,5.075607368194033,0.8502577549625545
2007-06-03,0.9668029072037313,46.6,KERVILCO,0.0450743729689526,565.4387471748468,49.98415916981749,15.00025227943287,1.4301257812014565,591.2806693698429,4.72281612654438,0.8308201155160013
2007-06-04,0.9190851671486113,44.3,KERVILCO,3.0368786345527536,446.1092896216651,48.68569888838048,15.080273886178515,0.1510562071504999,574.7715222079214,4.716229646076026,0.7814604625627013
2007-06-05,0.921159851498834,44.4,KERVILCO,0.2768663271846583,560.0728631139076,46.85288683179293,16.83666434422424,2.529143450756105,643.0142045469318,5.291793687986791,0.9565194962282624
2007-06-06,0.9149357984481662,44.1,KERVILCO,0.0,594.1191682919962,46.43034232851036,12.36205087779608,-2.5924198922679897,448.7833714667488,4.9689701265084585,0.7210619891270208
2007-06-07,0.8423218461903753,40.6,KERVILCO,0.0,454.195804405663,46.07537375849648,6.593673070532633,-3.3754623725641912,454.48027421072175,3.2618818504434044,0.3952939562490349
2007-06-08,0.7759319469832521,37.4,KERVILCO,0.0,638.735873549065,45.339376053148925,15.36996272958133,-2.2849422689484014,433.88620786923,4.511993323105204,0.7021962860087491
2007-06-09,0.7510357347805809,36.2,KERVILCO,0.1369205682250942,577.6088015313342,43.45106374431595,17.781859399506683,2.671831886207661,636.8737449852907,5.106002087196551,0.9459246094859716
2007-06-10,0.7468863660801357,36.0,KERVILCO,0.6333339968918444,608.8171205833219,41.760230300224265,18.693784550118465,2.268694552453813,600.4201135961932,5.3302884694839765,1.0897133690454588
2007-06-11,0.7344382599788,35.4,KERVILCO,4.285279013956571,427.5163200048118,39.83091211751362,18.8016940914356,3.823381243115128,750.44564978672,5.206451659614974,1.0250499400079862
2007-06-12,0.9128611140979436,44.0,KERVILCO,3.8204468825998696,225.4690345093152,38.258801462916,9.509926070857889,3.044779540151324,757.3189906910852,3.3785024999140174,0.4466937820118663
2007-06-13,0.83817247748993,40.4,KERVILCO,0.0,545.7314096411263,36.98265988137067,14.96325748803227,1.715672349212966,631.9258128125546,4.632092369181524,0.6620193647924175
2007-06-14,0.7966787904854781,38.4,KERVILCO,0.0,619.1154523475459,35.748578365811234,18.14770122664665,0.9147612406680036,554.0346709513506,5.453208260470981,0.872589146794188
2007-06-15,0.7883800530845877,38.0,KERVILCO,0.0,611.8876540232354,33.80000694458713,21.865794890185,4.368220023166988,694.9361749373396,5.764365021335373,1.1331727073924969
2007-06-16,0.7883800530845877,38.0,KERVILCO,0.9651395933810004,525.5654990012259,31.769832979846942,20.790395027571435,5.291812940570686,774.1405817578784,5.19834454473507,1.306008854041992
2007-06-17,0.7759319469832521,37.4,KERVILCO,0.0013330670855913,592.4907868760966,29.790168142815386,21.75975487267197,5.227556481606862,749.228210239005,6.184706030358158,1.2293518591151646
2007-06-18,0.744811681729913,35.9,KERVILCO,0.0,576.2412136672347,27.962621390716425,19.787712850148925,4.104763550090496,708.5197636450488,6.325325831863622,1.097303419189562
2007-06-19,0.7074673634259063,34.1,KERVILCO,0.0,613.5181722504846,26.16743066648585,22.40232308264529,3.9726192236843167,674.4476320573223,5.979849776207423,1.2760862210384722
2007-06-20,0.6701230451218995,32.3,KERVILCO,0.0,580.5283639821581,24.01447842365168,23.59776779755686,6.637336166149914,826.0037042892562,5.2797677058601735,1.4782678503144586
2007-06-21,0.6327787268178927,30.5,KERVILCO,0.0,533.6144755392884,21.94255008169834,22.17160927874487,7.1745412735680265,885.1937924319348,5.48333978151538,1.463128300408295
2007-06-22,0.6016584615645538,29.0,KERVILCO,0.1595291353724712,553.8152087983633,20.427215839367705,21.58665903257787,5.504809180502765,764.7810424203496,5.173603733075185,1.3512452951203855
2007-06-23,0.5746875650116599,27.7,KERVILCO,0.0,586.8187553205449,18.99764729627123,22.9903288684444,5.001789311585796,687.9914631292171,5.568492121000045,1.2944385961408695
2007-06-24,0.5477166684587661,26.4,KERVILCO,0.0,565.169239941026,17.33493188802369,24.14533098317364,6.943523673605655,797.2907527997083,5.40020577169957,1.533858812088173
2007-06-25,0.5248951406063176,25.3,KERVILCO,0.0,577.891556911844,15.845762600815751,24.49133002679879,6.431696807559463,758.4463142262242,6.469536191988484,1.512334688567214
2007-06-26,0.502073612753869,24.2,KERVILCO,0.0,485.67583049794354,14.321839537723806,20.72226193021734,6.9987807301315685,866.6915409463502,5.71763847190875,1.3284548540836698
2007-06-27,0.4419077665974136,21.3,KERVILCO,0.0064966223157367,526.1119768837639,13.246563643275596,21.02318689383697,5.685058725673202,762.0991279272258,5.232664351732908,1.1597454922397037
2007-06-28,0.419086238744965,20.2,KERVILCO,0.0,532.5576903795205,12.332214437059935,20.457346729691,4.8299290970523705,703.8305000984818,5.247863182017604,1.1824746618814024
2007-06-29,0.40871281699385204,19.7,KERVILCO,0.0,551.0638379050048,11.33476056242889,22.32787294353861,5.496821084763064,715.2019484214886,5.816930269061269,1.3887881912973603
2007-06-30,0.36099507693873223,17.4,KERVILCO,0.0,572.8804846458288,10.369834227214408,24.105723643270387,5.721573681042899,703.1243187596309,6.108495238331019,1.442127837297274
2007-07-01,0.33402418038583853,16.1,KERVILCO,0.0,557.1600404434532,9.328144803257944,25.51606172171493,7.56222655982536,804.8447176228226,5.544781466299337,1.4682633060015986
2007-07-02,0.3132773368836125,15.1,KERVILCO,0.0,536.6365776893476,8.352401626530172,25.673685411705417,8.734561558368936,887.1275465528183,5.305463931210716,1.5544179085229175
2007-07-03,0.29460517773160905,14.2,KERVILCO,0.0,536.3307233477016,7.49006587759016,25.67405543613424,8.508993685525182,873.022082410261,5.665503355116817,1.5720314512609512
2007-07-04,0.28838112468094124,13.9,KERVILCO,7.413819162719703,391.3109994533951,6.932425591208677,22.795944817407108,6.334808158952263,875.5613110625352,5.069391715991104,1.017082016093811
2007-07-05,0.31120265253338986,15.0,KERVILCO,6.531139399008777,360.8277663659037,6.430575702311023,19.12999232627521,4.8100396059090285,814.4749886781019,4.4523756917806425,0.7672384389386723
2007-07-06,0.3526963395378418,17.0,KERVILCO,0.0,508.7938469405072,6.0337829099535005,19.278024436336555,3.935659383498534,709.4173863711071,4.4364339679907046,0.8370489915680093
2007-07-07,0.2821570716302735,13.6,KERVILCO,0.0,523.6245577555998,5.578637956347165,21.441986603235623,4.973919994251681,736.3499484256891,5.338234095925526,1.0426269576123568
2007-07-08,0.26555959682849267,12.8,KERVILCO,4.992839848395017,400.2997188785818,5.186013781882767,22.049610354056128,4.674627472741773,795.3886850869962,5.3783186780073935,1.143361170098871
2007-07-09,0.24896212202671192,12.0,KERVILCO,0.0,505.43806066389607,4.742547976514875,20.82584942207135,5.170512123578543,763.4454928381599,5.550953608329416,1.1450702161690718
2007-07-10,0.2385887002755989,11.5,KERVILCO,0.0,519.9908228978265,4.2461056204025605,23.13993290492467,6.585726267597029,823.1225974975439,5.075934858354831,1.2032897040346595
2007-07-11,0.24273806897604408,11.7,KERVILCO,5.117970787091625,351.4188246334585,3.788193043399098,20.98315930456169,6.670513783194317,937.132044284888,5.003648197443443,1.0362376339094188
2007-07-12,0.2510368063769345,12.1,KERVILCO,3.753505723003794,319.52596391188706,3.4457019801973043,17.000907478092607,5.4687990670886295,860.4847590354535,4.100401918779637,0.7533865442811852
2007-07-13,0.2282152785244859,11.0,KERVILCO,0.0,467.59913328920425,3.1157046439250915,18.38815688439516,4.35741706350029,737.4411872324779,4.193852724051072,0.7382675443749704
2007-07-14,0.20518628223701507,9.89,KERVILCO,0.0,503.7269773028512,2.7533852390543063,20.88169675411105,5.15140527112921,746.5899982501267,5.025574752548276,0.9206240391783626
2007-07-15,0.1981323554462582,9.55,KERVILCO,0.0,521.9245222503661,2.3605750287885434,22.38729153604208,5.637197750609854,753.5453624295649,5.296643206999508,1.0538740186345217
2007-07-16,0.2002070397964808,9.65,KERVILCO,0.2362497102015864,506.2556945936861,1.9289997301856667,23.4039809102683,7.24909586633669,832.2368933719663,4.779129230425897,1.177658831163602
2007-07-17,0.18236475438456645,8.79,KERVILCO,0.0,483.5941097369581,1.5233553152251598,22.928524823027104,7.775103988220943,885.2295168414292,4.796981631743564,1.2458688906871804
2007-07-18,0.182779691254611,8.81,KERVILCO,3.6152414276708495,451.757948242342,1.2098016856971316,23.528227714027512,6.77194902449494,836.3789446115027,4.755408898395119,1.1292446027567358
2007-07-19,0.20560121910705956,9.91,KERVILCO,20.17895206255165,319.84644397980475,1.005003517128093,20.651063219465023,7.830521827299287,1010.861915245385,4.264788857339715,0.8900288265975859
2007-07-20,0.2095431193724825,10.1,KERVILCO,7.069376348921562,289.02937988614343,0.825520630345115,17.778370497647284,7.339391034001149,1003.6571966897812,3.89756303193593,0.6430501535265606
2007-07-21,0.20103691353656986,9.69,KERVILCO,9.846871945843011,352.458071043224,0.6845452784777903,20.47749992002604,6.913733667075537,954.428646707498,4.4261631734208295,0.7425391393681144
2007-07-22,0.2863064403307187,13.8,KERVILCO,0.0,493.8379680568426,0.5486948771078628,21.99400917065409,6.60236698011603,888.681239664787,4.591250139759891,0.9175918318976112
2007-07-23,0.18609918621496715,8.97,KERVILCO,0.0,469.6122180346799,0.4173944413033204,22.303675191929475,7.998416696355322,968.1302991416868,4.605654012446421,0.8037050983869378
2007-07-24,0.167634495497986,8.08,KERVILCO,0.2942291324553024,428.7493596264363,0.3341729026170646,21.248607477901075,8.17064323952415,996.8442918827546,4.610835138658395,0.8518720228562305
2007-07-25,0.16078803714225143,7.75,KERVILCO,2.085558548524556,465.2192596194868,0.2617819685852035,21.37368238685905,6.966949191634055,883.4161613347316,4.428838351321005,0.8522693744685893
2007-07-26,0.17365108011363153,8.37,KERVILCO,7.634027841955861,364.15669483906976,0.2185318274591763,20.880711152856552,5.92323251712866,889.7401748022018,3.937939040954648,0.7802455871816298
2007-07-27,0.21161780372270508,10.2,KERVILCO,7.448546446229351,284.3660106858867,0.1699996647678164,17.43550859197857,6.828132497510999,979.836283757879,3.828124268551379,0.7217438008669338
2007-07-28,0.27800770292982824,13.4,KERVILCO,7.855522275324064,285.6887730545166,0.1202948300089758,17.995175929566336,7.4080553047034465,1026.782796774374,3.789416466293698,0.6426813962175854
2007-07-29,0.2323646472249311,11.2,KERVILCO,6.509458578825752,322.2687508648222,0.0991986960738928,18.78471760484669,6.539808628210105,963.8771065811654,3.9832311019790834,0.7002031148354714
2007-07-30,0.3029039151324994,14.6,KERVILCO,7.012418548809561,357.73880689753696,0.077369139589671,20.426890987972435,6.240448555261346,937.6396756068884,4.152370220753782,0.7413708198043157
2007-07-31,0.2448127533262667,11.8,KERVILCO,0.0,454.1014244808485,0.0533446495094488,20.24625973566443,7.258278549762779,970.825096814582,4.297912722050277,0.8161759556028073
2007-08-01,0.2240659098240407,10.8,KERVILCO,0.0,493.8316668142024,0.0306099627022814,21.40646300313159,6.7074603195266,916.8895339125476,4.792951883537745,0.8335542535151921
2007-08-02,0.2095431193724825,10.1,KERVILCO,0.0,463.6588930298393,0.0096529236823952,19.999124436246632,6.791233239072815,940.231799960656,3.7924024848342,0.523738297481814
2007-08-03,0.19833982388128046,9.56,KERVILCO,1.2926388544860343,359.0059010440714,0.0,20.058467620660977,9.029776385959378,1118.677726293443,3.680773889898266,0.5430080458779197
2007-08-04,0.19688754483612467,9.49,KERVILCO,9.43319953199211,322.08305645620544,0.0,20.407465335561227,8.454948577891653,1097.6994392430818,4.179869782448228,0.6732014832129786
2007-08-05,0.2199165411235955,10.6,KERVILCO,6.483589577447169,313.0954081166673,0.0,18.88087589107399,7.5277727972246895,1036.069521579753,3.8480335940085286,0.7342454131750541
2007-08-06,0.28838112468094124,13.9,KERVILCO,8.876837702845702,287.9756114779843,0.0,17.462923352712245,7.427150189850773,1035.3159752830184,3.3621473224550784,0.4729032066157089
2007-08-07,0.40871281699385204,19.7,KERVILCO,6.130283193506381,292.26703042124944,0.0,16.310694510804,6.329796999005654,961.1750876841888,2.88711751653392,0.3733789123192368
2007-08-08,0.3651444456391775,17.6,KERVILCO,0.0,517.9778852208572,0.0,19.651429523513595,4.6283418242020815,804.1669114958188,4.373730732555147,0.7076819663888616
2007-08-09,0.2987545464320543,14.4,KERVILCO,0.0,516.4312360190477,0.0,21.451621629724425,6.25511031734587,891.0953985118202,4.6803659155247335,0.962429392703151
2007-08-10,0.28423175598049605,13.7,KERVILCO,1.0198595747051649,432.24853632816735,0.0,21.192851539221603,8.041009960680421,1030.5727918199057,4.657611119886401,0.921344758270148
2007-08-11,0.2676342811787153,12.9,KERVILCO,7.489582018004747,382.9570520063402,0.0,21.78158130755556,6.397473992835204,953.4407279658273,4.7617462718868815,0.9865981742810586
2007-08-12,0.2676342811787153,12.9,KERVILCO,0.0,505.40299254227625,0.0,21.75156703396274,6.80053343436019,940.3838185797848,4.501876192542586,1.064702026929551
2007-08-13,0.26970896552893786,13.0,KERVILCO,6.678726510189803,372.335258037817,0.0,22.992334311577544,8.01091344801385,1066.4772090367926,4.34090927234208,1.1046554908919528
2007-08-14,0.2821570716302735,13.6,KERVILCO,0.0,486.7765456154553,0.0,21.784877360099163,7.732800229250829,1021.453313018585,4.343901427382183,1.0351824653072883
2007-08-15,0.26970896552893786,13.0,KERVILCO,0.0,458.3534792072146,0.0,20.17506555780858,7.529031678042014,1019.2470514907372,4.203138842264876,0.8340280229531766
2007-08-16,0.2510368063769345,12.1,KERVILCO,6.920210635053952,342.4770670997407,0.0,19.74830980041628,7.040019944219448,1004.650146825592,3.940370185589982,0.8096699385963372
2007-08-17,0.2593355437778249,12.5,KERVILCO,0.0014641775568726,437.55182483519866,0.0,19.00846360748546,7.328487604042285,1014.1266427964392,4.174238024541477,0.817186063264064
2007-08-18,0.2593355437778249,12.5,KERVILCO,2.11117466691052,378.9063227705772,0.0,19.21645338220892,7.226602144810348,1016.6527794412098,4.141259932310934,0.7816342945813078
2007-08-19,0.2468874376764893,11.9,KERVILCO,0.0,480.8688927370834,0.0,20.74314967354087,7.1001144540055625,975.1431856554308,4.514723102017642,0.8894019074152165
2007-08-20,0.2240659098240407,10.8,KERVILCO,0.0,490.18332195253424,0.0,21.724007130002413,7.475042082006606,974.6085112441832,5.054176921364645,0.987057497993586
2007-08-21,0.19668007640110238,9.48,KERVILCO,0.0,548.5615452672515,0.0,23.631231210873704,5.666159854038858,807.0221465143371,5.041288380154612,1.1195359451096965
2007-08-22,0.188381339000212,9.08,KERVILCO,0.0,484.068980907506,0.0,21.73377120911763,7.586069344863344,937.7229559683436,5.105577522742564,1.2606275879020945
2007-08-23,0.18257222281958874,8.8,KERVILCO,0.7583777497506636,430.87706947586895,0.0,19.456590109000626,6.691102804961029,931.2799686801156,4.905111613001807,1.0503896583967658
2007-08-24,0.1775929803790545,8.56,KERVILCO,0.0,466.0531888382118,0.0,19.473204253584743,6.284334283847588,883.8548887058021,4.800815372743772,0.929914125429922
2007-08-25,0.16120297401229594,7.77,KERVILCO,0.0,528.1690548177069,0.0,22.529049943708984,5.774599817555968,805.3180051025887,4.744555875888573,1.0766333476433418
2007-08-26,0.1537341103514946,7.41,KERVILCO,0.0,484.5229135047244,0.0,21.996308969327146,7.483611858536501,939.3596252662792,4.365436559730883,1.152459608995197
2007-08-27,0.1595432265321179,7.69,KERVILCO,14.680529784451734,316.5032730633152,0.0,17.5720478739343,5.792809235062293,921.5069850878348,3.7643795834337865,0.7631006161665416
2007-08-28,0.16680462175789693,8.04,KERVILCO,0.0,430.2102462546661,0.0,16.434397529759973,4.5499840365254,830.5453149445746,3.6405632982698,0.6246368161963805
2007-08-29,0.1755182960288319,8.46,KERVILCO,9.517685610943918,302.37822158019844,0.0,16.697274642587125,5.640931089374015,913.8086647637168,3.3430780497911456,0.5727618171337192
2007-08-30,0.1651448742777189,7.96,KERVILCO,3.363326006112435,381.4485329529644,0.0,18.785877399058048,4.46289308750825,825.0163226380712,3.6731207608772016,0.744249414728825
2007-08-31,0.13900385146491412,6.7,KERVILCO,4.953652126849152,353.82189775570833,0.0,20.04090119176195,5.7309863370038725,916.7811512136728,3.585470185661145,0.81116334318
2007-09-01,0.14356815703540385,6.92,KERVILCO,1.0930105458122772,439.7534033106448,0.0,19.49391105032132,5.039949433291274,864.557871158419,3.7848080872719807,0.8416368463091687
2007-09-02,0.13589182493958024,6.55,KERVILCO,0.0,466.152642867152,0.0,19.50606010324415,5.505150571852763,888.806339990652,3.979452891189689,0.923999826254208
2007-09-03,0.15207436287131654,7.33,KERVILCO,0.338730160279471,481.0454641304525,0.0,19.27265449038504,4.063662763522718,797.4507657213854,3.70660374674804,0.9156211367232928
2007-09-04,0.1417009411202035,6.83,KERVILCO,3.77625702655691,358.2654043261546,0.0,19.077331291530808,3.920645230225267,809.3604200455256,3.7532145978845057,0.838309886421738
2007-09-05,0.13319473528429085,6.42,KERVILCO,1.4373914321874537,398.79941659603486,0.0,18.55419010421186,5.338616694179391,888.0378803218771,3.59849211592146,0.7493640908401252
2007-09-06,0.12157650292304431,5.86,KERVILCO,0.0,440.5380907175819,0.0,17.845601831020865,4.483055461310282,838.2791833655735,4.152668202055469,0.7459111636932398
2007-09-07,0.11016573899682,5.31,KERVILCO,0.0,439.9095913391735,0.0,16.830964753006647,3.532767955239198,783.8140844097752,3.847686461690522,0.8055568849825037
2007-09-08,0.1080910546465974,5.21,KERVILCO,0.0,490.447799955286,0.0,18.64067874888264,2.4790023667321006,717.2914880234202,4.044934182773037,0.8680844777896083
2007-09-09,0.1004147225507738,4.84,KERVILCO,0.2519436984731649,404.4590636246343,0.0,16.75865925270358,4.551023947427384,844.9021441605103,3.952245294097689,0.7455478401506354
2007-09-10,0.11016573899682,5.31,KERVILCO,0.0,434.8846192196329,0.0,15.926790451766264,2.7714239014392885,745.2944378691159,3.9132913497873902,0.7469707616121062
2007-09-11,0.09502054324019504,4.58,KERVILCO,0.0,484.5782266856547,0.0,18.103264753848105,2.0380360014987806,692.7182728022033,3.8212664539352015,0.9170229489135052
2007-09-12,0.09004130079966079,4.34,KERVILCO,0.0,439.2303509316957,0.0,16.77518020089242,3.138340825745122,758.4978524464143,4.3307564610280735,0.8988474153416363
2007-09-13,0.0848545899241043,4.09,KERVILCO,0.0,493.1020736082484,0.0,18.678980389766693,1.6507021407013356,671.3057195589762,4.388558033694721,0.9446754815265
2007-09-14,0.08153509496374814,3.93,KERVILCO,0.0,427.2435096978611,0.0,17.921333054441657,4.33719678621856,823.1489443450693,4.083540643345659,0.8967925945830495
2007-09-15,0.0796678790485478,3.84,KERVILCO,1.954167577408026,317.2653472591672,0.0,16.636069356278494,5.313687408669791,891.7337114734542,4.283136822214097,0.9010358788535454
2007-09-16,0.07904547374348103,3.81,KERVILCO,4.449312159497109,296.1623880810908,0.0,17.43810253397827,5.1146900271668025,879.3693848874881,3.679647356574221,0.8593476900605804
2007-09-17,0.11555991830739877,5.57,KERVILCO,7.65447640894241,204.80784360211507,0.0,9.159957080675854,1.581610940085074,689.5831439905025,2.658487461842276,0.4452681302784295
2007-09-18,0.11701219735255458,5.64,KERVILCO,0.0,425.5877450655665,0.0,13.547763447734404,0.2886173516836211,624.3232987198132,3.266476309036463,0.6198520407252716
2007-09-19,0.08402471618401526,4.05,KERVILCO,0.0,451.0138379175973,0.0,16.00259024504001,1.0796136573329684,658.8901843875504,3.805588261013495,0.7095565845107826
2007-09-20,0.0744811681729913,3.59,KERVILCO,0.0,368.3651524707802,0.0,16.351116753589263,5.13498850375903,880.2510198990656,3.3661200027767952,0.6569712734639731
2007-09-21,0.07240648382276872,3.49,KERVILCO,0.0,441.9615899634035,0.0,17.885633052801683,3.2067525154826044,766.7481008461559,3.6174315232365166,0.7194646114156765
2007-09-22,0.06721977294721222,3.24,KERVILCO,0.0,395.0952487602942,0.0,16.895146589890714,4.357342161539926,832.7908121622928,3.6534785199635817,0.7675374748901118
2007-09-23,0.07302888912783548,3.52,KERVILCO,6.877275630672549,252.3142174008024,0.0,11.802384313087227,3.4925975892267003,784.931964535209,2.610784425524753,0.4367691148521856
2007-09-24,0.08195003183379267,3.95,KERVILCO,0.0,389.67372696132577,0.0,11.011644882591092,-0.6554886685765339,584.6085954130259,2.637439758566342,0.3862313059145019
2007-09-25,0.06846458355734576,3.3,KERVILCO,0.0,465.3438282737137,0.0,12.514738881644709,-3.332759643796241,479.1700752763271,2.8507468222080226,0.5259302489950172
2007-09-26,0.06721977294721222,3.24,KERVILCO,0.0,439.576588791161,0.0,13.17173973428902,-1.4871561668751505,547.6081019546233,3.5036750954164044,0.6455763615822777
2007-09-27,0.06493762016196736,3.13,KERVILCO,0.0,466.1687488193493,0.0,14.872559003260946,-1.9301214609652777,530.0964870127278,3.311343108019747,0.7540094075411286
2007-09-28,0.06784217825227899,3.27,KERVILCO,0.0,318.8775253247662,0.0,11.482545348944267,1.733920995377728,692.2088910725139,3.642636108753873,0.7080155287021878
2007-09-29,0.08506205835912656,4.1,KERVILCO,0.0,375.3576877367152,0.0,11.147589761823438,-0.597838003677416,586.2989354498721,3.5936203461899936,0.6068407950254612
2007-09-30,0.0796678790485478,3.84,KERVILCO,0.0,485.3942138269729,0.0,13.061685112668236,-6.133522354891241,389.0370801786216,3.9299846010626087,0.8259874527706118
2007-10-01,0.07697078939325844,3.71,KERVILCO,1.191230911965942,355.6137247754867,0.0,12.54387007000514,-0.1817337190572754,602.7628693127607,3.784562661506498,0.935577935608948
2007-10-02,0.08360977931397075,4.03,KERVILCO,0.0,338.047331786228,0.0,11.40950217627356,0.7447186463851306,644.6039506642418,3.7796318002328047,0.7091961167211012
2007-10-03,0.07759319469832521,3.74,KERVILCO,0.0,424.338622004945,0.0,14.829141092873238,-0.1775242072005375,602.7495339283081,4.070880685287849,0.9539911692929756
2007-10-04,0.07261395225779096,3.5,KERVILCO,2.650155743133732,335.28689282419106,0.0,15.303642141755928,1.443886057564369,677.8984612308168,3.721342562288339,0.8761383859628307
2007-10-05,0.10892092838668646,5.25,KERVILCO,0.016000133096896,253.0877268960253,0.0,11.80578887200404,3.995238105928095,812.8998804875949,3.590193256761092,0.7622402269710682
2007-10-06,0.09875497507059572,4.76,KERVILCO,0.0,448.8584209110952,0.0,13.03708928027513,-4.232867123850684,456.4542869412241,4.0736476195036655,0.7393743171893731
2007-10-07,0.07572597878312486,3.65,KERVILCO,0.0,394.44549026380105,0.0,5.64350139028058,-7.508951140657596,348.67302168446616,2.576953434967161,0.4700766119646442
2007-10-08,0.07240648382276872,3.49,KERVILCO,0.0,473.94821062088334,0.0,14.125098707179996,-6.830002351686414,367.0592699411735,3.246981016106188,0.7238643867914535
2007-10-09,0.07738572626330295,3.73,KERVILCO,0.0,415.258096504091,0.0,14.977446325820743,-0.81344713882608,575.2545814713457,2.9867811223234115,0.9386288137992232
2007-10-10,0.0796678790485478,3.84,KERVILCO,0.0,371.46496852567446,0.0,14.880389654522538,1.5144214836405725,681.4016227243601,3.306457657055713,0.9649837852805664
2007-10-11,0.0771782578282807,3.72,KERVILCO,0.0,397.3281746104865,0.0,16.17301116205961,1.1635060369292065,664.1394092567051,3.0513411307905343,0.9359665472338248
2007-10-12,0.07323635756285773,3.53,KERVILCO,0.0,395.1765063336826,0.0,15.793317064699934,0.6732960625514051,641.0942235195615,3.4225136301433463,1.0242980732377815
2007-10-13,0.07302888912783548,3.52,KERVILCO,0.0,335.7135545425236,0.0,10.1585195303114,-1.3283168605443334,554.3927050647608,3.1988630436259444,0.7594868533563934
2007-10-14,0.07531104191308034,3.63,KERVILCO,3.652390932283888,141.27023895536345,0.0,2.979349445471738,-1.9411164338424247,529.8691647823376,2.201472339608389,0.3849046484247302
2007-10-15,0.08609940053423787,4.15,KERVILCO,0.0,313.5600145666269,0.0,5.983213208960653,-4.276344214615174,446.6559375621909,2.4042786906386056,0.4099576785341799
2007-10-16,0.08236496870383718,3.97,KERVILCO,0.0,360.7641020711975,0.0,8.334863437288778,-4.42256362966355,440.244164596496,2.5620554907223303,0.6312755439183166
2007-10-17,0.0879666164494382,4.24,KERVILCO,0.0,258.6063720686876,0.0,2.031971644538205,-6.26180460798868,383.7566051733865,2.3678259056882536,0.3841560316408722
2007-10-18,0.07987534748357007,3.85,KERVILCO,0.0,239.4012788925737,0.0,0.1753535612944446,-7.356079316155884,353.050686672013,2.520726924862728,0.363751486946924
2007-10-19,0.08838155331948272,4.26,KERVILCO,0.0,391.8494584871002,0.0,10.000887822900165,-5.0719623171443375,419.4566504703235,3.2748688785039133,0.5976003999004136
2007-10-20,0.0952280116752173,4.59,KERVILCO,1.3575654737580685,343.3379324484314,0.0,12.360561756289409,-2.035990475950763,527.0303478664316,3.6280561183709694,0.7148042579113094
2007-10-21,0.08921142705957176,4.3,KERVILCO,0.0020661541778614,335.61137717440823,0.0020661541778614,-1.574318654682499,-13.210257204276092,227.1061825890148,2.1556983773813303,0.3546966480786722
2007-10-22,0.08112015809370363,3.91,KERVILCO,0.0,413.0525448717161,0.0020661541778614,0.9042125018700607,-16.41084119818269,171.60614335009757,1.188568820670053,0.1471173866434361
2007-10-23,0.0973026960254399,4.69,KERVILCO,0.0,408.2046939087828,0.0020661541778614,11.286400784002534,-7.002051833750888,361.4322718821852,1.5217554133996194,0.2314848434737247
2007-10-24,0.094190669500106,4.54,KERVILCO,0.0,387.0388575647801,0.0016631725754683,14.68995502223501,-2.38366377377073,512.3634841480746,2.0226199889809027,0.4213175254770017
2007-10-25,0.08755167957939368,4.22,KERVILCO,0.0,370.4488574298368,0.0012462147460127,13.789036354182866,-2.175877339208961,519.8192189884862,2.2545713083640355,0.4629122550755443
2007-10-26,0.0827799055738817,3.99,KERVILCO,0.0,357.49123194569074,0.000766363839239,13.540350708008324,-1.6322145683091591,540.7145452066208,1.9867717302292616,0.4532622512511646
2007-10-27,0.08029028435361459,3.87,KERVILCO,0.0,338.6729316245555,0.0003633822368459,11.46163955895834,-2.2521436910875865,517.5147413642416,1.5438988009592738,0.3421713532431504
2007-10-28,0.07800813156836972,3.76,KERVILCO,0.0,317.63752556932525,0.0,11.634019209173832,-1.196384813584353,558.4603383111019,1.812108033290739,0.3684271950885733
2007-10-29,0.07634838408819165,3.68,KERVILCO,0.0,324.93472526859784,0.0,12.002980287251727,-1.4238341466082791,548.0610629857304,1.5642317884722303,0.4091981295501803
2007-10-30,0.07634838408819165,3.68,KERVILCO,0.0,290.8489880603244,0.0,11.05324945279729,-0.4273318690895091,591.606128951713,1.7109480366953274,0.4421233763891442
2007-10-31,0.0744811681729913,3.59,KERVILCO,0.0,261.68811467973524,0.0,6.983233155214403,-2.77739310217778,498.21662331649327,1.405861541862389,0.4077447897574457
2007-11-01,0.07053926790756837,3.4,KERVILCO,0.0,303.08408457544795,0.0,7.3353332684467025,-4.879592050383728,425.0676668582277,2.2083735650979928,0.4790214090584354
2007-11-02,0.06970939416747933,3.36,KERVILCO,0.0,309.6047196318587,0.0,6.909146790599506,-5.539744429404096,404.3472954944693,1.6959910982678823,0.4400761515494175
2007-11-03,0.06721977294721222,3.24,KERVILCO,0.0,344.2588183411362,0.0,8.844578504173622,-6.251841543962513,380.15144264008177,2.6178998345206264,0.5643282135476418
2007-11-04,0.07261395225779096,3.5,KERVILCO,0.0,335.63066339570554,0.0,10.476307951469025,-4.585285035057483,427.1057072006319,2.8145008974394905,0.6444559512545053
2007-11-05,0.07261395225779096,3.5,KERVILCO,0.0,333.8765463163713,0.0,10.801431550792696,-4.198644326096633,432.1505166304767,2.5749553149601208,0.6028719055887063
2007-11-06,0.07012433103752384,3.38,KERVILCO,0.0,340.3346979202737,0.0,10.22294533919552,-5.522376289915425,386.5173834638586,2.5006840029578736,0.6368551232791704
2007-11-07,0.07655585252321391,3.69,KERVILCO,0.0,319.026010837322,0.0,10.170245924986428,-3.990628602226968,437.6549420509872,2.767840850976442,0.6357313729213965
2007-11-08,0.07634838408819165,3.68,KERVILCO,0.0,322.43020201736977,0.0,10.541879160464266,-4.002619883386647,436.6125400489011,2.7308483557202705,0.6213432823670318
2007-11-09,0.07323635756285773,3.53,KERVILCO,0.0,316.2109277255602,0.0,10.553360611264797,-3.6577794514798536,451.1269754503281,2.1691437096989445,0.6284283983926003
2007-11-10,0.0771782578282807,3.72,KERVILCO,0.0,279.4226484455796,0.0,9.634749939681996,-2.364443449477247,496.701750619325,2.2172891002840487,0.6532305725889992
2007-11-11,0.07572597878312486,3.65,KERVILCO,0.0,275.6181086772238,0.0,9.16417823538067,-2.58669062911292,491.6540166963965,1.8599344092134849,0.5455197279042544
2007-11-12,0.07323635756285773,3.53,KERVILCO,0.0,270.9903190942586,0.0,7.807418053663733,-3.606811414300168,454.7078408589758,1.5797361150676017,0.5230058737939409
2007-11-13,0.07385876286792453,3.56,KERVILCO,0.0,270.0267208409482,0.0,9.129509516720098,-2.7064114353358546,481.9810818485612,2.695446118003839,0.565442966535593
2007-11-14,0.07074673634259063,3.41,KERVILCO,0.0,271.0551827944741,0.0,5.717396098442164,-5.962662789243331,387.1701795627447,2.011758877462978,0.4202825325562241
2007-11-15,0.059128503981344074,2.85,KERVILCO,0.0,324.2946942265206,0.0,8.844316018226323,-7.228568093669042,324.07537795184226,2.365786225636038,0.5945797084607655
2007-11-16,0.08630686896926013,4.16,KERVILCO,0.0,282.3689096659053,0.0,8.28055371704532,-4.8820242278964905,400.5697158194515,2.53263405689459,0.5764236203404594
2007-11-17,0.07489610504303582,3.61,KERVILCO,0.0,243.8682556218352,0.0,6.418672915431436,-4.57110577955218,420.1486054385848,2.394267052121458,0.5552926325501708
2007-11-18,0.0744811681729913,3.59,KERVILCO,0.0,263.48558786021607,0.0,9.338793008403888,-2.896029750851203,465.4563867909744,2.3899380482554995,0.6060153074317846
2007-11-19,0.06887952042739029,3.32,KERVILCO,0.0,283.507669324514,0.0,11.507957124102356,-2.215306982236878,477.4515894522688,2.2543338159845057,0.7336086768155281
2007-11-20,0.06991686260250159,3.37,KERVILCO,0.0329949090272224,255.6696389544757,0.0,9.071158027296669,-2.895015148151609,470.2151933073235,2.059898938165878,0.5258474335228639
2007-11-21,0.052282045625609494,2.52,KERVILCO,0.0,282.7542646784524,0.0,-2.5285305074735285,-15.764880634521246,182.04865057649064,1.3218156120066342,0.2242458717603302
2007-11-22,0.036929381433962266,1.78,KERVILCO,2.4690812247108336,261.4802900945672,2.4690812247108336,0.8819566730721391,-15.765241813209034,178.50060599698614,1.1595408582817492,0.2547577619899716
2007-11-23,0.05663888276107695,2.73,KERVILCO,4.591118416482013,194.5189169698744,7.060068897707348,-4.281446871819074,-14.428309140969091,200.25458392536484,1.1095148350632271,0.2364529655227122
2007-11-24,0.09709522759041762,4.68,KERVILCO,0.0,315.8311317720326,7.060068897707348,-5.091594627143849,-18.263367989190915,145.33354671366948,1.172110298239948,0.2265098402102153
2007-11-25,0.11784207109264362,5.68,KERVILCO,0.0,364.3353333868152,7.060068897707348,3.07138964553938,-15.231625223631063,180.4323386540489,1.717939381262081,0.357525555974477
2007-11-26,0.13630676180962478,6.57,KERVILCO,0.0,287.5123774192841,7.060068897707348,0.2800648863833047,-11.661953639803242,240.86962662944023,1.496033075065971,0.3329073952591594
2007-11-27,0.1406635989450922,6.78,KERVILCO,0.0,336.0538119285349,7.060068897707348,3.04978437471071,-12.53573157761856,213.93972710076952,1.7296665565197429,0.4073024741611816
2007-11-28,0.12759308753868984,6.15,KERVILCO,0.0,297.32422865950474,7.060068897707348,-3.079499526760281,-15.64000604128164,172.89540978730935,1.4676851208033623,0.2346653018885217
2007-11-29,0.10290434377104091,4.96,KERVILCO,0.0,342.85609419025093,7.060068897707348,1.806871647373228,-14.910696171551145,159.43316083828552,1.5220430314070783,0.3079388772378978
2007-11-30,0.0668048360771677,3.22,KERVILCO,8.706889303459441,182.8273100447867,15.766764513327834,1.723969246784607,-8.37299759448029,314.1480370445033,1.0472004014038812,0.2109687316462719
2007-12-01,0.17385854854865382,8.38,KERVILCO,3.727336858267842,187.3937609068531,19.38447906232262,1.5707503921497956,-7.471477142733343,338.6407464609968,1.2190289491702826,0.2019837625908107
2007-12-02,0.25311149072715705,12.2,KERVILCO,0.0,240.2528671798308,19.38447906232262,-4.004859384052993,-13.543573544000116,218.5568998713236,1.204880686122595,0.1983352340937597
2007-12-03,0.27800770292982824,13.4,KERVILCO,0.0,326.9881185545771,19.38447906232262,3.749935443399513,-11.600728763232375,218.9958963997451,1.543334964971837,0.2758676880339426
2007-12-04,0.2199165411235955,10.6,KERVILCO,0.0,281.727336784912,19.009288466808577,7.151898064473233,-5.1060324030499125,354.592863190722,2.050517696825892,0.4064401095450838
2007-12-05,0.17717804350900995,8.54,KERVILCO,5.71872718699708,150.20226141682193,17.686620077005156,4.657844004291952,-2.850813283170069,478.6224746341051,1.168318942959291,0.2415929258391368
2007-12-06,0.15767601061691755,7.6,KERVILCO,19.779369034992,57.80773613081689,16.32526068871345,-0.0978989030028205,-2.7598229762714546,498.5224775941609,0.99637377293454,0.1903018644888751
2007-12-07,0.1360992933746025,6.56,KERVILCO,32.360684477125794,83.36810608204658,15.626735262289875,0.2372683113640643,-3.757385439037472,463.7924690034593,0.7842046054467708,0.1597998758463041
2007-12-08,0.14460549921051513,6.97,KERVILCO,15.876627726569316,193.4261947555164,31.503164774359764,-0.9827603057847144,-10.411451171271272,280.58729418157674,0.6457212023447687,0.1297158451132844
2007-12-09,0.13526941963451347,6.52,KERVILCO,0.0,283.26848717531755,31.503164774359764,-4.353066441156016,-15.39207180232392,184.7908991685164,0.7478666678648704,0.1485679638032321
2007-12-10,0.14294575173033708,6.89,KERVILCO,12.574632420222027,202.351886767674,44.0772133242933,-1.418762771870102,-11.850577359826143,246.64942017850672,0.6378136247328039,0.1094155061807421
2007-12-11,0.1195018185728217,5.76,KERVILCO,6.88246947231993,144.3594929211263,50.96022790220352,-5.474689373616662,-11.810418587921662,247.55967869351923,0.6590365462364888,0.1037219352161109
2007-12-12,0.12116156605299978,5.84,KERVILCO,0.0,273.94137553845644,50.96022790220352,-6.145045747836612,-16.38550193186572,169.95817022509897,0.79447559297059,0.1218487003138884
2007-12-13,0.11161801804197584,5.38,KERVILCO,0.0,323.8582996166446,50.96022790220352,-4.079956082725544,-17.5227586489732,154.45568431442837,0.8203664391470261,0.1648853768741369
2007-12-14,0.10788358621157516,5.2,KERVILCO,1.7744281402915842,254.6739733401704,52.73517607030431,-7.324183877750287,-19.670448247686068,128.53905291724078,0.6250670617578635,0.1152706534255047
2007-12-15,0.10477155968624124,5.05,KERVILCO,0.0,326.48214190559474,52.73517607030431,-10.966237118540024,-24.46248214443426,84.31377496929133,0.6573796538536114,0.0948269557287036
2007-12-16,0.0935682641950392,4.51,KERVILCO,0.0,358.70950591473337,52.73517607030431,-3.012972937340801,-20.586552493215454,118.744973201878,0.8894941114926314,0.1594936291262206
2007-12-17,0.08817408488446045,4.25,KERVILCO,0.0,352.0341442273559,52.73517607030431,-1.1659292531834489,-18.12750351094576,146.78230245226587,1.0110294908807782,0.1923052037938621
2007-12-18,0.09875497507059572,4.76,KERVILCO,0.0,318.7861710633103,52.73517607030431,-0.7245176521674643,-14.392975924610166,200.66201679861524,0.9137836347673228,0.1609383059594838
2007-12-19,0.09896244350561796,4.77,KERVILCO,0.0,248.920302128634,52.73517607030431,-2.136520903827165,-11.558452320457487,252.78550680152333,0.95169865439638,0.1664937594554983
2007-12-20,0.11244789178206488,5.42,KERVILCO,0.0,307.9047318350308,52.73517607030431,0.904869053954749,-11.902833843043966,245.69392993316805,0.918603230627883,0.1675172389539889
2007-12-21,0.14999967852109392,7.23,KERVILCO,3.772003929927058,192.2662090215068,56.50747968762503,-3.349690512455917,-13.210946427395706,220.94776981853025,0.6801748691150693,0.1206149933966006
2007-12-22,0.12759308753868984,6.15,KERVILCO,0.0,261.96029123181427,56.50747968762503,-9.948752780797015,-19.620417918894265,129.21535951443582,0.6966101520509993,0.1019374998839563
2007-12-23,0.11203295491202035,5.4,KERVILCO,0.0,278.93444460558817,56.50747968762503,-6.932354981695126,-17.551205663346863,154.16373295158976,0.936413291278074,0.1386768974551984
2007-12-24,0.09751016446046216,4.7,KERVILCO,0.0,346.6325496777549,56.50747968762503,-0.9545559198505248,-16.7504647807041,164.97518564144082,0.7965012275773172,0.1273061109992562
2007-12-25,0.09626535385032858,4.64,KERVILCO,3.487843311970287,268.9871321704153,59.99515688130951,-4.816213088267092,-16.549274670185575,167.6329673748557,0.5731610341040905,0.0928560814353716
2007-12-26,0.0910786429747721,4.39,KERVILCO,0.0,351.1083780061282,59.99515688130951,-6.075193528458464,-21.88394087617883,106.01238908107932,0.574951726142065,0.1053848394881167
2007-12-27,0.09211598514988341,4.44,KERVILCO,0.0,284.6990918224257,59.99515688130951,-11.513982858163088,-22.07065088602712,104.21654210486216,0.5083456000920037,0.0799090624969297
2007-12-28,0.09377573263006146,4.52,KERVILCO,0.0,311.31055770660265,59.99515688130951,-12.507743492042684,-24.52122657764201,83.80111785403254,0.5847010957974969,0.0874867877916103
2007-12-29,0.0796678790485478,3.84,KERVILCO,0.0,306.9353578292107,59.99515688130951,-10.80053404835686,-22.392100784775508,101.38399915100791,0.5753184275479806,0.0831118923039249
2007-12-30,0.08257243713885945,3.98,KERVILCO,0.9391813975420458,284.3683647320024,60.93434057654305,-5.709342776064919,-16.419813277292903,169.64094726150196,0.805941508391991,0.109809838881239
2007-12-31,0.08692927427432691,4.19,KERVILCO,0.0,326.0390177833344,60.93434057654305,-12.07388836419315,-24.910551389090173,82.62179433906353,0.8822236409786638,0.1189817990886424
2008-01-01,0.08568446366419334,4.13,KERVILCO,0.0,357.88721578610154,64.76327221656433,-8.16637286446161,-23.4298383749518,92.39016679051213,0.8412283939044412,0.1335395180272312
2008-01-02,0.08008281591859233,3.86,KERVILCO,0.0,358.78224247782674,64.76327221656433,-0.8046211438508707,-16.41343880680325,169.60843286180756,0.9977530307101116,0.2724973785706056
2008-01-03,0.0796678790485478,3.84,KERVILCO,0.0,353.3519867848193,64.76327221656433,0.4649282890027323,-14.444464068472922,199.64318044273475,1.2874432062056256,0.2842935990848492
2008-01-04,0.07987534748357007,3.85,KERVILCO,0.0,269.2713599649153,64.76327221656433,-1.081689793715086,-10.547953135114138,274.0369540939339,1.0664738053621134,0.186890601511327
2008-01-05,0.08672180583930464,4.18,KERVILCO,11.570283182551703,146.18976797887294,76.33319834083066,-0.5800116500901508,-7.215324277056816,355.77309313810906,0.798248691337247,0.1434282572870384
2008-01-06,0.09834003820055119,4.74,KERVILCO,8.840710453748601,149.9575222198557,85.17281957253584,-2.154703671629904,-8.497520191927869,323.2810208647901,0.7677873184564232,0.1297384394408819
2008-01-07,0.10207447003095187,4.92,KERVILCO,8.911307791561411,183.5926010686821,94.08452508748738,-5.633803873370601,-13.58611524164972,215.3947591970441,0.7148398178606984,0.1366027532229863
2008-01-08,0.10684624403646387,5.15,KERVILCO,0.0,289.1339292939755,94.08452508748738,-6.674115329696225,-16.37922127162521,170.04221280904574,0.7635492763084197,0.1186168337575088
2008-01-09,0.1014520647258851,4.89,KERVILCO,2.804774211881284,164.58406006051823,96.88917999176182,-6.761770634876349,-12.99098964805536,224.97590194793045,0.8765432545755645,0.1405045308701045
2008-01-10,0.1014520647258851,4.89,KERVILCO,4.336252367203734,206.2562212217136,101.22519094908856,-6.94193136724179,-15.456467978200848,183.6491849267825,0.8080415109787398,0.1172400966875744
2008-01-11,0.09916991194064023,4.78,KERVILCO,0.6093767249845716,266.3692389035645,101.83477612721666,-5.987592750974381,-14.940304482607178,191.77465774969264,0.9350215636875812,0.1400535244421908
2008-01-12,0.09605788541530634,4.63,KERVILCO,0.0,296.4690630643891,101.83477612721666,-6.200612965250867,-15.957056003038808,176.1959237142521,0.8499804582418429,0.1336952476757865
2008-01-13,0.09377573263006146,4.52,KERVILCO,0.0,374.9252423376598,101.83477612721666,-4.104785894063112,-18.33365136231247,144.15944501454055,0.7443025454078979,0.1280430914186855
2008-01-14,0.10995827056179774,5.3,KERVILCO,0.0,393.2937546637027,101.83477612721666,-2.3976636338934507,-18.403903963403103,143.32624720825757,0.9209490978679328,0.1581107264071676
2008-01-15,0.11929435013779945,5.75,KERVILCO,0.0,374.693088619464,101.83477612721666,-4.261247562333109,-18.14138491997635,146.57298497045176,1.276775018965986,0.2122083547291774
2008-01-16,0.13796650928980284,6.65,KERVILCO,0.0,352.88451567759626,101.83477612721666,-13.539232652654096,-25.53922769723528,77.03769878628513,0.4774775604952441,0.0752044843183082
2008-01-17,0.1439830939054484,6.94,KERVILCO,0.0,363.2606725132623,101.83477612721666,-13.170905130452432,-25.777043021588845,74.72601026751022,0.6166701730214152,0.0828912280554975
2008-01-18,0.1439830939054484,6.94,KERVILCO,0.0,364.8026441424498,101.83477612721666,-11.055061417765906,-23.59837749093144,91.03520531667212,0.611921788586907,0.0891501182650407
2008-01-19,0.1439830939054484,6.94,KERVILCO,0.0,381.3340668133867,101.83477612721666,-8.454458425439404,-22.06445870271424,104.35717386065028,0.7495276004771202,0.1024839470963123
2008-01-20,0.14356815703540385,6.92,KERVILCO,0.0,384.1104293436836,101.83477612721666,-4.277054349783713,-17.936265413933548,149.1881165325628,0.8890164432868853,0.1551356682912954
2008-01-21,0.1439830939054484,6.94,KERVILCO,0.0,320.4468242732472,101.83477612721666,-6.612270490329268,-16.742898420011624,164.99737721112152,0.996252667147809,0.1583879611750779
2008-01-22,0.14253081486029254,6.87,KERVILCO,0.0,310.2817174066011,101.83477612721666,-5.468609375023992,-15.11214731083207,189.01140746430536,0.8911003050980747,0.1382195259604053
2008-01-23,0.1433606886003816,6.91,KERVILCO,0.0,359.78681160342035,101.83477612721666,-4.161122749107324,-15.868088566885232,177.4310034650689,0.8980325372824991,0.1411976719076834
2008-01-24,0.1439830939054484,6.94,KERVILCO,0.0,338.4135684942286,101.83477612721666,-4.163789200174254,-14.7740028345233,194.3608350367567,0.8292064973548033,0.1451128325139813
2008-01-25,0.1439830939054484,6.94,KERVILCO,0.0,213.72639231177075,101.83477612721666,-5.500893471165707,-11.69164451659926,249.84532658311443,1.005848986958272,0.1521361680889617
2008-01-26,0.14149347268518125,6.82,KERVILCO,0.0,364.7919365762692,101.83477612721666,-2.2354477395635683,-13.978171751100987,207.08090297194644,1.143801562554277,0.1851508038506556
2008-01-27,0.14087106738011446,6.79,KERVILCO,4.979690533335531,290.15647997098785,106.81444823714546,-0.5059389073424873,-13.541625595010265,215.1041593157802,0.9947109270847952,0.1948474952151805
2008-01-28,0.12074662918295528,5.82,KERVILCO,5.269746109148554,293.5558837944448,112.08432547425932,-2.0099677139501013,-14.95005820729024,192.13738981428912,1.077652466088491,0.1527799419947902
2008-01-29,0.09294585888997245,4.48,KERVILCO,2.245559553684148,264.2062642530121,114.32991463619722,-11.620367675925458,-20.46169509067658,121.4036074548207,0.8727615971655851,0.1096167494009379
2008-01-30,0.09294585888997245,4.48,KERVILCO,2.458847628462882,296.4888774613755,116.78931772890184,-10.068415023345077,-20.56823506450017,119.74490825669204,0.7383356084086083,0.1027051740718369
2008-01-31,0.09294585888997245,4.48,KERVILCO,0.0,434.6247652661943,116.78931772890184,-9.496219395567726,-24.09616013502449,87.68338957058523,0.9746511342688045,0.1387610960978504
2008-02-01,0.09294585888997245,4.48,KERVILCO,3.0682017264011203,265.4028555117393,119.856653049557,-7.492890775749156,-16.69020267940513,165.71743919786647,1.268773057935544,0.2010575746664616
2008-02-02,0.09294585888997245,4.48,KERVILCO,0.0,324.0682202245522,119.856653049557,-7.241120074371392,-15.807680949915362,178.40944911929748,1.0066190666317136,0.1727082603631042
2008-02-03,0.09294585888997245,4.48,KERVILCO,4.0851998443806,275.84650890137976,123.94160664784908,-6.490909777839294,-16.702033249123012,165.65653717100935,1.0770185288583682,0.1748747229060414
2008-02-04,0.09294585888997245,4.48,KERVILCO,8.385826406072358,203.46455227595223,132.32696359776637,-4.928853627139967,-11.966365204480704,244.3473249147713,1.051672382906691,0.1786447743645687
2008-02-05,0.09294585888997245,4.48,KERVILCO,0.0,422.3816044056484,132.32696359776637,-6.2005786783568055,-18.532666788288115,143.2929986303354,0.8710201440652927,0.1254402138313864
2008-02-06,0.09294585888997245,4.48,KERVILCO,4.312081446310776,317.47688538351184,136.6391448317056,-7.937587093765067,-19.97814224349541,125.21289633758884,1.3851369007435632,0.1917089158239263
2008-02-07,0.09294585888997245,4.48,KERVILCO,9.561626914273385,331.0919069387461,146.2003625508795,-5.956367519650697,-19.42850425684417,131.21518722025908,1.2213492094825813,0.1600906538281904
2008-02-08,0.09294585888997245,4.48,KERVILCO,0.0,282.01832901726584,146.2003625508795,-5.815564223587137,-12.978323507751668,225.20479752749188,1.492367655587258,0.1977145236824393
2008-02-09,0.09294585888997245,4.48,KERVILCO,0.0,416.5631741337172,146.2003625508795,-0.1500299497658472,-11.797683299295894,247.70902160368308,1.5791433934407568,0.232971519557082
2008-02-10,0.09294585888997245,4.48,KERVILCO,0.0,446.1034129989679,146.2003625508795,1.3247602368228917,-11.849599014379464,246.70140543485752,1.484308212018681,0.2550713629649169
2008-02-11,0.09502054324019504,4.58,KERVILCO,0.0,399.1331399909541,146.2003625508795,0.0231423287230546,-10.995764158937622,264.2275497961043,1.7304147278614743,0.2481149170589995
2008-02-12,0.1132777655221539,5.46,KERVILCO,0.0,382.3678018232856,146.2003625508795,-0.6682463175931131,-10.781135435600396,268.7539458438436,1.4636857610094591,0.2018000814927476
2008-02-13,0.1417009411202035,6.83,KERVILCO,0.0,428.3874711736793,146.2003625508795,1.897119568068982,-9.719127472456732,292.2124810642953,1.5853533518817755,0.2610227748419909
2008-02-14,0.2468874376764893,11.9,KERVILCO,0.8895011781815114,327.8383169134525,147.08966266136636,-0.3830957356529839,-8.312657153632996,326.5402743710934,1.3095654738270297,0.2179385714111684
2008-02-15,0.2302899628747085,11.1,KERVILCO,0.0,387.6847198223307,147.08966266136636,0.3804462401120185,-9.088477940223154,307.6802462151014,1.4322498889339297,0.2663923471120784
2008-02-16,0.27593301857960567,13.3,KERVILCO,0.0,467.9315685449806,147.08966266136636,0.9519992707836028,-11.641120769359448,250.4359166996876,1.7220489050932553,0.2592115676269956
2008-02-17,0.2717836498791605,13.1,KERVILCO,0.0,378.2215664959333,147.08966266136636,-6.268740483462636,-15.056391156385011,190.4498915604865,1.2880577451476425,0.1721556049505607
2008-02-18,0.2510368063769345,12.1,KERVILCO,0.0,507.51519031619233,147.08966266136636,-1.4595700619152012,-15.73271903707352,179.73744697846263,1.5570262417666811,0.208973713463378
2008-02-19,0.24896212202671192,12.0,KERVILCO,0.0,534.1198605660579,147.08966266136636,3.199947085417368,-13.307977449104143,217.57927630054064,1.7352416103268848,0.2840293747475848
2008-02-20,0.24896212202671192,12.0,KERVILCO,0.0,455.3252163074889,147.08966266136636,1.2382995508060048,-10.20877341342518,280.77590650622136,1.4442001270742484,0.2541150624536008
2008-02-21,0.24896212202671192,12.0,KERVILCO,4.892496421084754,228.931985842472,151.98246440447602,-1.6030541362619564,-8.520357722438899,321.2406290551993,1.208011406494859,0.1970045721253033
2008-02-22,0.2448127533262667,11.8,KERVILCO,1.288011040432807,313.88037474659785,153.2704065617442,-0.9872792921825232,-8.894832775472294,311.87500517004383,1.3231454514246457,0.1848767139460139
2008-02-23,0.24273806897604408,11.7,KERVILCO,0.0,347.61120136498744,153.2704065617442,-1.2079980739108986,-8.73751252461803,315.88817106824985,1.5622536329329584,0.2194099922895566
2008-02-24,0.24066338462582149,11.6,KERVILCO,4.298163799746716,311.647183081405,157.56794191172412,-1.2683102076491437,-10.454238134177686,276.31302865907986,1.4954749302262538,0.2167274869368765
2008-02-25,0.2385887002755989,11.5,KERVILCO,0.0,402.1326438586711,157.56794191172412,-1.9132248494776711,-10.537229373988117,275.2321658080352,1.642245287173386,0.2114735324621153
2008-02-26,0.21784185677337292,10.5,KERVILCO,0.0,529.388972803851,157.56794191172412,0.5717110911798333,-12.756117286223873,229.24048295601327,1.5878132934407838,0.2118510556004416
2008-02-27,0.21784185677337292,10.5,KERVILCO,0.0,559.5324502514426,157.56794191172412,4.749570072567972,-10.58263354720199,268.2357477710663,2.019660425608236,0.2956166310257366
2008-02-28,0.21161780372270508,10.2,KERVILCO,0.0,526.8700557309005,157.56794191172412,5.787555491347897,-7.55683237164474,339.119200289196,2.3075393681153136,0.3626561354483659
2008-02-29,0.20726096658723764,9.99,KERVILCO,0.0,557.5447954084747,157.56794191172412,7.043573575814647,-8.086637706083174,320.8945884220946,2.0394137599560187,0.3445065374251576
2008-03-01,0.2022817241467034,9.75,KERVILCO,0.0,540.0485658186423,157.5435646295524,7.676563511854447,-6.181137390999281,371.68216119084383,2.207925854358081,0.4123302063986861
2008-03-02,0.20518628223701507,9.89,KERVILCO,11.273968954886984,409.2895640633172,168.8174556526407,0.309287211133684,-14.004818754852138,210.19352252233213,1.410074095853589,0.1852796665850838
2008-03-03,0.19253070770065717,9.28,KERVILCO,0.0,583.34699802247,168.8174556526407,-4.353495398566139,-19.989379021138515,125.42304629193568,1.3187256588213403,0.1592846265998816
2008-03-04,0.19833982388128046,9.56,KERVILCO,1.7503424185507903,521.5505506260288,170.56764257902685,-1.3516648356754704,-14.531573018100724,197.78571906985823,1.5241050655713062,0.1863190758875303
2008-03-05,0.19170083396056817,9.24,KERVILCO,0.0,507.8538908619344,170.56764257902685,-5.264572559880767,-16.948018020752258,163.6435425093097,1.0450465308541304,0.1368718976917622
2008-03-06,0.19232323926563494,9.27,KERVILCO,0.0,545.2834215717965,170.56764257902685,-7.250685151748098,-20.31739106472946,122.0515844238399,1.0564892889556745,0.1234131579069697
2008-03-07,0.19377551831079076,9.34,KERVILCO,0.0,608.7371758151933,170.56764257902685,-0.1789185049591905,-17.21607146784056,157.63321640980925,1.2475688623067385,0.1379463860874747
2008-03-08,0.19211577083061268,9.26,KERVILCO,0.0849093213017413,370.5188878212258,170.65255184249116,-2.623619518868648,-10.477112599059604,275.29290554567984,1.3653121544618123,0.1703258606761646
2008-03-09,0.182779691254611,8.81,KERVILCO,0.0,513.6028373144236,170.65255184249116,1.5377494913224432,-10.169516135149086,277.62119964298006,1.2189117479529037,0.1373989725447821
2008-03-10,0.17240626950349802,8.31,KERVILCO,0.0,514.545328442949,170.65255184249116,1.1609829963079177,-10.474636738036368,269.92908439015497,1.2665342624237212,0.137740517102378
2008-03-11,0.16701209019291927,8.05,KERVILCO,0.0,622.7123466786962,170.65255184249116,6.164257763840428,-11.360035621347553,235.2578774098965,1.7381026380720854,0.2163188170330135
2008-03-12,0.1692942429781641,8.16,KERVILCO,0.0,525.6307831252301,170.65255184249116,4.970977680722251,-7.206770156402602,339.05675251973986,2.125717496967947,0.2779803618886405
2008-03-13,0.1692942429781641,8.16,KERVILCO,3.751149379823463,318.5510264741916,174.40408497707833,0.5952474073762912,-8.461166995721532,322.2676604029336,2.151719511342697,0.2983862084832225
2008-03-14,0.16908677454314183,8.15,KERVILCO,0.0707906564060874,440.34077420354816,174.47498018398633,-0.5414914651256778,-9.618596048562337,293.28573600528097,1.5363581427115305,0.191690542271683
2008-03-15,0.16058056870722917,7.74,KERVILCO,0.0,568.3345402202243,174.47498018398633,-0.0437785770298676,-13.225700979228668,214.0319495878816,1.4803916669709878,0.1916556462473466
2008-03-16,0.1558087947017172,7.51,KERVILCO,0.2312868142150999,542.5297617179051,174.70618403634282,1.5800602309382743,-10.970650861895676,253.90935227313275,1.5802480693958492,0.2201692352000062
2008-03-17,0.15560132626669493,7.5,KERVILCO,2.3708169550593183,377.0201968086139,177.0765740845645,0.2135992164671725,-9.101010967303004,301.3642890409466,1.4130793325492688,0.1558784273498954
2008-03-18,0.1526967681763833,7.36,KERVILCO,0.0,597.420781920085,177.0765740845645,0.5422821182076797,-13.580340082556315,201.40393617380005,1.583077958882032,0.171542651771067
2008-03-19,0.14979221008607163,7.22,KERVILCO,0.0,641.2304411195631,177.0765740845645,4.708855265777826,-11.887038369324914,206.88223947664224,1.787733483043179,0.2142362819026859
2008-03-20,0.1423233464252703,6.86,KERVILCO,0.0,578.9887749744707,177.0765740845645,6.892577938579537,-6.443963581851418,319.90826924946595,2.760890313120857,0.4296838143241493
2008-03-21,0.15207436287131654,7.33,KERVILCO,0.0,561.8290179623516,177.0765740845645,4.5349046789006335,-7.93846360719413,295.925221025319,2.709387588364516,0.3856759805127288
2008-03-22,0.12863042971380115,6.2,KERVILCO,0.0,580.1108468082285,177.0765740845645,2.4384699382641863,-10.670742079309644,243.0657728789972,2.517814564381992,0.3613877884976927
2008-03-23,0.1475100573008268,7.11,KERVILCO,0.0,649.5508147339303,177.0765740845645,3.391535722791072,-13.300084214453124,182.1061793345072,2.56116930072484,0.3805729055021064
2008-03-24,0.5456419841085436,26.3,KERVILCO,0.0,614.0701337145798,177.0765740845645,6.984024146682892,-8.095418454041669,266.31604427939226,3.36302684453128,0.553435261587879
2008-03-25,0.7655585252321391,36.9,KERVILCO,0.0,549.2651925726917,176.24884951568865,8.662275147276993,-4.027108933008403,372.02241678648255,3.4560878194789484,0.5935338366341462
2008-03-26,0.2240659098240407,10.8,KERVILCO,0.0,563.8053466760317,175.4692277159692,8.985526303253907,-4.144860076823371,351.9776115989984,3.751228999728185,0.6565384860205528
2008-03-27,0.1929456445707017,9.3,KERVILCO,0.0,504.3998301499919,174.79873553947547,6.59879802255233,-4.410774371044113,366.4025699569399,3.3396237490756406,0.4858091776779435
2008-03-28,0.20622362441212636,9.94,KERVILCO,0.0,608.7618404689404,174.77983581805992,7.367644665526934,-7.02913747286504,270.45703558121926,3.147639471426777,0.5524620399350618
2008-03-29,0.20373400319185922,9.82,KERVILCO,0.0,466.9787556700077,173.80498859463532,6.169697209696324,-3.678574088004493,398.0325182404147,2.928389055019393,0.5064867563806776
2008-03-30,0.21369248807292773,10.3,KERVILCO,1.5993377968204314,466.8941394254606,172.92961779377322,6.748223346432714,-3.9154713791795857,386.02254155911055,3.21782330377999,0.5155379714091042
2008-03-31,0.17655563820394318,8.51,KERVILCO,0.0,539.3224477525173,172.92961779377322,1.1964729972202797,-10.069290885520353,248.50527004026017,2.076655277590685,0.2717886645204195
2008-04-01,0.16867183767309735,8.13,KERVILCO,0.0,676.8960528840071,172.92961779377322,5.330983672061583,-11.650833884006229,183.70234659129005,2.0611646204858585,0.3206260246493241
2008-04-02,0.18174234907949965,8.76,KERVILCO,0.0,611.6688601728137,172.47940530745564,8.989701817203954,-4.928350789666529,308.4773572675678,3.003616054983712,0.4668244918812246
2008-04-03,0.18547678090990033,8.94,KERVILCO,0.0,555.5671167598662,172.47795884701495,3.1831406749618085,-8.364880676884558,271.2307038559961,2.288283951841596,0.3283028427436703
2008-04-04,0.18962614961034557,9.14,KERVILCO,0.0,691.2060139141231,172.47795884701495,6.370221600739288,-11.167568152519928,183.12097342918523,2.85709983423218,0.4122141605992274
2008-04-05,0.2064310928471486,9.95,KERVILCO,0.0,581.8000593164795,172.46511038199176,6.179977355354508,-6.338512521350072,276.360317791176,2.79961009319283,0.4164068104661383
2008-04-06,0.21369248807292773,10.3,KERVILCO,0.0,564.7443142941994,172.46511038199176,4.473269097812948,-7.242812907690617,255.1049736962057,2.549467600362638,0.3364605104082067
2008-04-07,0.17614070133389864,8.49,KERVILCO,0.983793880913198,491.74947407624006,173.38863333603433,2.947175143286896,-7.029622301436998,269.65814775952657,2.547519009068328,0.3410204014594947
2008-04-08,0.1775929803790545,8.56,KERVILCO,0.0,680.7609263430231,173.38863333603433,5.806435753837339,-10.373480096989464,158.87729878016378,2.622825301422232,0.3796500601416156
2008-04-09,0.16099550557727368,7.76,KERVILCO,0.0,449.7526512027941,172.934756049705,3.794672051137278,-4.923231507247351,325.242289078517,2.446409425141709,0.3509167968008999
2008-04-10,0.14813246260589355,7.14,KERVILCO,1.0344887112637755,354.66386880462386,173.80487887489872,-1.4574350257530002,-8.371927397131568,300.468225754397,1.726462277242346,0.1835899615333598
2008-04-11,0.16307018992749628,7.86,KERVILCO,0.0,614.0748176271319,173.80487887489872,-1.5977301841761584,-14.11245785690632,143.95829111892434,1.6144894090556756,0.1705652606024238
2008-04-12,0.1340246090243799,6.46,KERVILCO,0.0,729.3797297727002,173.80487887489872,2.73010615776891,-15.751191697284582,97.68414506673903,1.8667343216868104,0.1888509195603284
2008-04-13,0.14875486791096035,7.17,KERVILCO,0.0,728.4304574475993,173.80487887489872,9.722776623574486,-9.030777353442438,137.6632958924662,2.79244868595316,0.3799749811688722
2008-04-14,0.2002070397964808,9.65,KERVILCO,0.0,673.1993916433374,173.0021437623728,11.633756647427022,-4.088490907937484,208.36234131448384,3.659116819572823,0.6219568281680515
2008-04-15,0.27593301857960567,13.3,KERVILCO,0.0,623.8320794834328,170.97273404895515,12.655122317409706,-1.1676899301010473,272.99340985233954,4.488186831529999,0.7384681111226873
2008-04-16,0.3029039151324994,14.6,KERVILCO,4.171984976546737,518.0782295514699,174.7216386325681,7.1773288490760265,-7.282217881194861,224.55678463626404,3.1316681590351125,0.4688642644841739
2008-04-17,0.2821570716302735,13.6,KERVILCO,0.0,510.0296657689578,174.7216386325681,0.8906904851715843,-9.082207572039287,229.59029542406896,1.6269766595263575,0.1957028074872017
2008-04-18,0.26970896552893786,13.0,KERVILCO,0.0,732.5528011052274,174.7216386325681,8.263935930141573,-10.275858369311068,133.02546994242076,2.912320208499516,0.377953655259359
2008-04-19,0.3029039151324994,14.6,KERVILCO,0.0,670.1521633133341,173.57345688827402,12.198208345692034,-3.2655835008229297,229.1344851310756,4.048773205160108,0.7153457482223452
2008-04-20,0.34647228648717404,16.7,KERVILCO,0.0,584.3724754546504,172.23030808639112,9.430834279806614,-2.8019227253800043,278.77889867194045,4.087813232509211,0.6265456506134585
2008-04-21,0.37344318304006785,18.0,KERVILCO,0.0,618.0923783246867,171.74224672625024,8.41018503731981,-4.838133172438921,233.2564286175538,3.681290614053948,0.5570199329529124
2008-04-22,0.4004140795929616,19.3,KERVILCO,0.0,710.7005718757114,171.22998731212732,12.328806668445594,-4.77959636837261,189.75534384210417,3.645138300594557,0.643215044679858
2008-04-23,0.45435587269874916,21.9,KERVILCO,0.0,623.010437489016,169.3143276788245,12.067564823897932,-1.4395853789855286,278.41680346312484,4.335264336110383,0.7350778224813275
2008-04-24,0.48132676925164297,23.2,KERVILCO,0.0,702.4858825892793,169.17146921070565,9.62427470348531,-6.845183200952967,170.99100231845853,4.176773023797345,0.6267788325076946
2008-04-25,0.4585052413991944,22.1,KERVILCO,0.0,647.7565841601181,169.17146921070565,3.650888173084844,-10.337104581135538,161.88524942473293,3.048985195502653,0.3780433992086634
2008-04-26,0.44605713529785884,21.5,KERVILCO,0.0,602.1576970273582,169.17146921070565,3.68005191768185,-8.791087131183527,192.8570953462569,2.9224815323588373,0.3670444651564949
2008-04-27,0.42323560744541017,20.4,KERVILCO,0.0,742.0970473018946,169.17146921070565,7.773102395138066,-11.00502882473148,114.85281632705114,3.182125676757647,0.4468571302258138
2008-04-28,0.4253102917956328,20.5,KERVILCO,0.0,688.1330116162552,168.9271720395478,10.671300145267574,-5.423121674826988,168.32037611357734,4.3470569850720056,0.7108147194260888
2008-04-29,0.439833082247191,21.2,KERVILCO,0.0,619.6437077821381,166.93601420848307,12.42994912474934,-1.2563099371708986,240.12824092495725,4.301523705297755,0.8158395995669608
2008-04-30,0.47095334750053,22.7,KERVILCO,0.0,613.5309172608069,164.8339807302764,12.428227671568996,-0.9960573679132196,234.9315828522218,4.583832692625535,0.727813843175189
2008-05-01,0.5062229814543141,24.4,KERVILCO,0.0,445.6585712288784,164.76961907702258,0.0949033311926804,-8.380452574487496,233.77196797315088,2.891316368323524,0.3440489835298571
2008-05-02,0.4626546100996396,22.3,KERVILCO,0.0,561.4799742151397,164.76961907702258,1.4859918145337858,-9.719153130773677,159.9915223691766,2.073146415603312,0.209660937954517
2008-05-03,0.439833082247191,21.2,KERVILCO,0.0,715.3273346545413,164.76961907702258,7.887312890265394,-9.137712914393646,112.89121777508878,3.121612418182265,0.3920543159751391
2008-05-04,0.43568371354674584,21.0,KERVILCO,0.0,662.4714245507573,163.95940603874624,10.673125689693991,-4.069952421849082,166.16398946894037,3.612338104476857,0.5933479740474392
2008-05-05,0.4377583978969684,21.1,KERVILCO,0.0,672.5394857367963,161.68394624981045,14.704061085656337,-0.5825586524561721,204.25952773493887,4.181994329184798,0.7873915403457551
2008-05-06,0.47925208490142046,23.1,KERVILCO,0.0,637.0025261580056,159.29604175490567,13.583043182643186,-0.3128122162579136,209.22730904175145,4.151169517608234,0.7553000479271154
2008-05-07,0.5165964032054271,24.9,KERVILCO,3.208570761373725,447.0858939745469,157.2071359306956,11.625719624086772,-1.0279368409469627,228.17431748270772,3.890988387274808,0.587927629503687
2008-05-08,0.6244799894170023,30.1,KERVILCO,3.2116228974499035,371.86146943953406,155.69239227593494,6.3586855646805365,-2.3947495922740303,251.46218512777145,3.4622430596620264,0.448310807933903
2008-05-09,0.6307040424676702,30.4,KERVILCO,2.014592857408403,573.2457255425384,154.80961955587367,11.251667160769042,-3.8985894087892095,163.02202829236114,3.7355745256905126,0.5153445805044589
2008-05-10,0.6431521485690057,31.0,KERVILCO,0.0,499.228341589196,153.98991194517458,5.814191216889098,-4.083999220902289,175.84311275578017,3.185447008715848,0.3579585483736979
2008-05-11,0.6058078302649988,29.2,KERVILCO,0.0,721.6514111557228,153.39796839645473,13.323523693459832,-4.590360391556905,148.1097114575429,4.373786814831398,0.6597229836606007
2008-05-12,0.6307040424676702,30.4,KERVILCO,0.0,611.118373827563,151.10082376066342,12.63660412565261,-0.530542078011725,205.06288034960124,4.569860290891538,0.6902044476960878
2008-05-13,0.6701230451218995,32.3,KERVILCO,4.695313634203934,311.4099310154265,150.40946066595745,4.016601115567994,-3.6851116312763614,291.69520309025273,3.128005463003316,0.3933002284761555
2008-05-14,0.6514508859698961,31.4,KERVILCO,3.3546247841471555,447.89938686569263,149.06505697389437,8.401220598663848,-2.799226643400405,241.25748113075127,3.0135272320390074,0.3545119946802132
2008-05-15,0.6410774642187831,30.9,KERVILCO,1.6604222890989646,343.7611943931969,147.53313001079425,4.4947626020884295,-2.351631549360402,322.0219202231086,2.271066059039114,0.2408855441781805
2008-05-16,0.616181252016112,29.7,KERVILCO,0.0,684.5687090186431,147.015207421208,10.098422368161238,-4.884174556495118,148.63086679824272,2.554606429011464,0.3284938636496436
2008-05-17,0.6327787268178927,30.5,KERVILCO,0.0,658.0806511295705,144.39645654983582,14.45772755614518,0.2349602333373988,219.26654507639347,4.079716246146568,0.5364010226244157
2008-05-18,0.7012433103752385,33.8,KERVILCO,0.0,671.1107325452814,141.36266398727392,16.028101546542786,1.224094039591968,236.45743581634696,5.0271236436275215,0.7698207045350393
2008-05-19,0.8443965305405979,40.7,KERVILCO,0.0,661.8612162952539,137.26334290417026,18.45824759394702,3.761263847414545,286.72611894252435,5.517280929493453,0.9274962982704252
2008-05-20,1.0518649655628578,50.7,KERVILCO,0.0,689.3394906434128,133.20467618150343,19.648871244731595,3.6626062483078416,282.1994011811594,5.346358201320562,1.0083381108688494
2008-05-21,1.3257232997922408,63.9,KERVILCO,0.0,643.112079183812,129.93834235512605,15.698884291552234,1.777402418205707,247.91324506842608,5.383903612475964,0.8836070454036146
2008-05-22,1.402486620750477,67.6,KERVILCO,5.8061818033719605,253.21665997597387,128.10269871959554,4.597080947210516,-1.535056076368302,394.46289405747854,3.533314961132912,0.4473311690132828
2008-05-23,1.2614080849353404,60.8,KERVILCO,4.517545178505328,297.7915263057116,126.7890967364986,4.388764084442647,-2.7983584741071525,345.03133316042573,3.0127419306114747,0.348451866028071
2008-05-24,1.0892092838668646,52.5,KERVILCO,0.0,572.5522246864579,125.80014052474677,7.3174539828141025,-3.6482539686766815,192.2799208955453,2.5526228208342903,0.2908475625923972
2008-05-25,0.9232345358490566,44.5,KERVILCO,0.0,683.346608501144,123.51814882077176,14.349455213107223,-0.5683215209974819,205.9812169480746,4.257513043471952,0.5930005654567198
2008-05-26,0.8921142705957177,43.0,KERVILCO,0.0,637.9294283052146,120.6787421184072,13.9579891049998,0.7624558236946808,231.6681745098275,4.541924815983834,0.6291807256513798
2008-05-27,0.9024876923468306,43.5,KERVILCO,0.0,689.410400699345,118.4541148649413,14.341230294552984,-0.7056600450465922,203.03671332942585,4.254615913972312,0.6367347716773424
2008-05-28,0.9751016446046216,47.0,KERVILCO,0.0,665.1080923761799,115.35694580380247,15.53877077102344,1.3741482781979386,239.8228632484648,5.049669764338704,0.7262682966204407
2008-05-29,1.1514498143735423,55.5,KERVILCO,0.0,598.8440843152904,112.11761569713408,13.638476558177668,1.7139699157436008,257.08767200201,5.05622090319382,0.7544808627555406
2008-05-30,1.4564284138562646,70.2,KERVILCO,0.0,694.2851164129379,109.35678845434748,16.104073788099356,0.5734927293385137,223.2312883390595,4.864227933576788,0.7862922512474587
2008-05-31,1.481324626058936,71.4,KERVILCO,0.0,717.2347311003585,106.17347734902948,18.86261623240776,1.5923220497442263,241.07361235391213,5.251807821923168,0.912963081267403
2008-06-01,1.4751005730082678,71.1,KERVILCO,0.0,682.5596844962361,101.98030858970134,19.988071985020387,4.0579811041654485,290.50223957447804,5.688605134861865,1.1877220215200328
2008-06-02,1.5145195756624974,73.0,KERVILCO,0.0,659.5371067021352,97.5791325845408,19.622678042545065,4.690421954966088,304.5107923859761,6.140809309692422,1.231948269976105
2008-06-03,1.5435651565656137,74.4,KERVILCO,0.0,575.1120176043338,93.44805412642202,15.916967163633055,4.05443413512036,293.8451210416251,5.482357878029824,0.9449547716002036
2008-06-04,1.4751005730082678,71.1,KERVILCO,0.0,527.479640933655,90.31476497337556,12.134580200307402,1.7489391265531282,256.02756162962504,4.764376428820625,0.8193084751939633
2008-06-05,1.3900385146491414,67.0,KERVILCO,0.0,210.2802488538955,87.9177940306039,3.778458935273608,0.1133366620168648,427.4566667131576,3.680302046352187,0.4733630936190055
2008-06-06,1.2780055597371212,61.6,KERVILCO,0.0,680.3851422450813,85.28472530716078,16.01644502065808,0.7137116843996358,225.8555697202168,4.66757166792258,0.6310709475546659
2008-06-07,1.188794132677549,57.3,KERVILCO,0.0,655.5191548878627,81.5270116222642,18.237631299135423,3.6000379492036885,280.80766602923313,5.590641621491947,0.9136474832655894
2008-06-08,1.2136903448802205,58.5,KERVILCO,0.0,569.5079874071256,79.34940985140598,11.224732933510628,-0.21018202757498,214.2494099224028,4.995952853719822,0.7304621447497671
2008-06-09,1.168047289175323,56.3,KERVILCO,0.0,688.6810727975823,77.75470116014412,14.672568946316147,-1.8319180664780228,184.5587270672653,4.975887594419465,0.7458285863282639
2008-06-10,1.1244789178206487,54.2,KERVILCO,0.0,686.5657016657294,74.62738351688452,18.916586177582587,2.2350959925480027,252.9868992472928,6.052225574328893,1.1067368016378334
2008-06-11,1.1244789178206487,54.2,KERVILCO,0.0,593.80263898053,72.57043807974101,11.972098721065032,-0.3501930023223675,207.98842867647863,5.3237195641089,0.7689306118425555
2008-06-12,1.0788358621157514,52.0,KERVILCO,0.0,601.2431347564445,71.04954372383048,11.24957770949961,-1.8014209182134453,186.60712853111465,4.60529257887743,0.6260129898327378
2008-06-13,1.0165953316090737,49.0,KERVILCO,0.0,701.4728923131296,69.49226271508756,16.559853557516725,-1.4962354012324326,190.1423918084373,5.13390112827671,0.8326700070424707
2008-06-14,0.9688775915539538,46.7,KERVILCO,0.0,686.7149644534143,66.59709655392416,19.961346093257426,2.1205643685358884,250.92710071304896,6.109830106944241,1.1672578154953102
2008-06-15,0.9543548011023956,46.0,KERVILCO,0.0,675.5955234499786,62.99515275950679,21.68193001207793,4.155334276199532,292.58390380924374,5.94903539590187,1.2856489143761616
2008-06-16,0.9730269602543989,46.9,KERVILCO,0.0,594.8439116037323,58.5096590970464,20.657759480569844,6.913055469270105,359.12405414701266,5.593208427187379,1.2620295425297745
2008-06-17,0.9751016446046216,47.0,KERVILCO,0.0,631.3619881317322,54.44754885182852,21.552304659336915,6.104456412114262,338.9599923731138,5.690293742195707,1.2931152904439478
2008-06-18,1.0082965942081832,48.6,KERVILCO,0.0,616.5964469776382,50.2689005174592,21.62611932219144,6.58932812496103,350.6183681091348,5.846285232319134,1.2589501028294805
2008-06-19,0.8775914801441593,42.3,KERVILCO,0.0,619.1028756647553,46.66550010928778,20.782326743589348,5.605372547710611,326.2540104531443,5.457519668885536,1.1887152200847817
2008-06-20,0.7800813156836973,37.6,KERVILCO,0.0,633.2399706265949,43.491207666315525,20.726531528608607,4.632265481761298,303.5237431063644,5.680689039557535,1.0760453994220749
2008-06-21,0.7427369973796903,35.8,KERVILCO,0.0,634.9668082021794,40.72300949253096,20.40178666830912,3.749420317848696,284.3195907893878,5.232500278558207,1.0897230637485675
2008-06-22,0.7012433103752385,33.8,KERVILCO,0.0,567.5462340516483,37.58752731016871,19.37356359596629,5.3424125826857445,319.943899456211,5.103471475093245,1.2911131453948084
2008-06-23,0.6701230451218995,32.3,KERVILCO,0.0,570.850238184767,34.83665647621948,18.903116335270152,4.633793239763926,303.578041012936,5.377817491815277,1.2408199935168711
2008-06-24,0.6493762016196736,31.3,KERVILCO,0.1571418591725569,585.7875357619588,32.1571129101203,19.54188512774388,4.314659076841226,296.19870569905027,5.535665812791791,1.228046535192078
2008-06-25,0.636928095518338,30.7,KERVILCO,0.0,581.0424690095524,29.29900032282075,20.810374063254,5.530116151864468,324.1392234174397,5.399620589716162,1.3579300550060829
2008-06-26,0.6099571989654441,29.4,KERVILCO,0.0,556.5610354192713,26.515263815139736,20.559903162925487,6.229959411480825,341.4053847716694,6.117190137305699,1.3059716538214123
2008-06-27,0.5871356711129956,28.3,KERVILCO,0.0,595.0212086190132,23.86939489092908,22.5663445078471,6.281984314911061,342.731921794351,6.174224659502516,1.303807319525629
2008-06-28,0.5726128806614375,27.6,KERVILCO,1.3369425293419517,511.7888708173969,21.516853690022447,20.93281985879488,6.184907654312298,341.60466551548257,5.670071079173164,1.2503144037925458
2008-06-29,0.6037331459147763,29.1,KERVILCO,5.035158572619515,425.18545677345264,19.48638574880537,20.687638889838407,5.492518043927449,325.27096302821667,5.4063588109200005,1.0689687455026948
2008-06-30,0.5788369337121051,27.9,KERVILCO,2.3099101480400424,466.23747856995976,17.54056437751552,20.512836472578982,5.012197590307455,313.8156447454853,4.950811153537028,1.0398970564380987
2008-07-01,0.5414926154080985,26.1,KERVILCO,0.0,554.6282483992302,15.857334824331328,19.3640214582318,4.707310562447014,305.6807447993725,5.278591979629353,1.0585671360451214
2008-07-02,0.49792424405342384,24.0,KERVILCO,0.0,541.2859920514276,14.157763045231464,19.93573165507147,5.727425396253987,329.65250923202706,5.065864308789376,1.107928650850687
2008-07-03,0.4668039788000848,22.5,KERVILCO,0.0,565.109558272015,12.603506722655268,20.93750923989216,5.427295257055774,322.0371183654537,5.529821827821749,1.1370182849675314
2008-07-04,0.4481318196480814,21.6,KERVILCO,0.0,571.1271648947114,11.003759639496648,22.676702588882893,6.416829067729865,346.48530845138134,4.896473851800065,1.2308822763287075
2008-07-05,0.44398245094763616,21.4,KERVILCO,0.0,507.3929268221725,9.46404071050509,21.69149777169736,7.960500801737381,388.2014093253384,5.3350343358944725,1.273514491310335
2008-07-06,0.43360902919652317,20.9,KERVILCO,0.0,444.8047609783988,8.134674033263073,18.70869523386984,7.240218645482805,380.4765326262656,4.269728922398848,1.0307612415637548
2008-07-07,0.4149368700445198,20.0,KERVILCO,0.0,430.1427588399202,7.073065455906135,16.634812563890815,5.750883159056378,348.69523483154,3.983322015495245,0.756633360087743
2008-07-08,0.3713684986898452,17.9,KERVILCO,0.0,494.33252839679386,6.189804979123148,17.819425287780177,4.588985392640409,305.27374387410214,4.550288617077383,0.8599028830750246
2008-07-09,0.33194949603561585,16.0,KERVILCO,0.0,536.9074228759026,5.438317175217111,19.75908986713909,4.637727521095873,303.7366334114735,4.987056290868127,0.9635250919738162
2008-07-10,0.30705328383294467,14.8,KERVILCO,0.0,553.6452795872019,4.566406430874739,23.17754644343336,7.011087150360471,361.6971195649119,5.4551260929203504,1.3058728769668022
2008-07-11,0.2925304933813864,14.1,KERVILCO,0.0,545.126505026091,3.7524641430706014,23.349096845713348,7.464597494732079,374.03917176046497,5.4679450797088975,1.2883587971824069
2008-07-12,0.2821570716302735,13.6,KERVILCO,0.0,501.067301037252,3.129576376363452,20.17029085711812,6.348560794427796,346.03767046237067,5.145821031851799,1.0688852501079755
2008-07-13,0.2717836498791605,13.1,KERVILCO,2.624587546564816,470.3009364691191,2.5726381846344744,21.684898321372547,5.320691473420331,324.54855481947783,5.165201535110194,1.0920259732302924
2008-07-14,0.26348491247827005,12.7,KERVILCO,0.0,508.3238485917123,2.014453459030372,21.07317287809008,6.829464888502083,360.8211911342921,4.71709663006102,1.059420479904542
2008-07-15,0.24896212202671192,12.0,KERVILCO,0.0,532.9937773265918,1.572224884776045,21.379771025723265,6.0896918486526985,339.33658943532976,4.587622217614578,1.1823818607916
2008-07-16,0.2385887002755989,11.5,KERVILCO,0.0,546.6055775636333,1.2017094328226472,23.972596625917426,7.644297663786501,378.8230812357357,4.869810319709277,1.27260715831104
2008-07-17,0.23443933157515373,11.3,KERVILCO,3.9345252924300897,476.2219965164445,0.9775295303981084,21.71650763326928,6.102482120088917,350.67721846737504,4.892975995157494,1.0800960974397211
2008-07-18,,,KERVILCO,8.140504147668386,370.7113235197919,0.8203171225801008,20.280933426841155,6.3714761637771815,401.1068074014167,4.16747326467054,0.9470570058534
2008-07-19,,,KERVILCO,0.0,558.088014307968,0.6766769832463706,22.74684531752716,5.677522864549128,335.3462962105861,5.142373485599462,1.1948932796515377
2008-07-20,,,KERVILCO,0.0,522.6969538462675,0.4968516928896302,23.058991361007912,7.776373822424622,402.4190056977196,5.215399160293417,1.214883313645603
2008-07-21,,,KERVILCO,0.0,542.0294621437664,0.3297095004383496,23.71823201651249,7.455030436952327,383.9699859451581,5.3093603021558815,1.1727849648822422
2008-07-22,0.15684613687682847,7.56,KERVILCO,0.0,507.6349251235467,0.2292349673417129,22.921768032212466,8.208030651049752,424.0017672288653,4.8994248200167405,1.1370482710783456
2008-07-23,0.2323646472249311,11.2,KERVILCO,0.0,447.4835550712471,0.1765022768458131,20.51806194799473,8.325540598012187,462.7382204595857,4.393181635057634,0.888389831334913
2008-07-24,0.2261405941742633,10.9,KERVILCO,2.336207446043993,438.2411395653026,0.1336827391907877,22.51461347483672,7.124365596151452,441.0772936628256,4.7947775653775535,1.1220749464135322
2008-07-25,0.2448127533262667,11.8,KERVILCO,0.1171168988566046,503.8946039789406,0.0964453793901726,21.35851454743529,6.8760560140971245,392.19787346922817,4.541903335192625,1.1047313082083698
2008-07-26,0.28008238728005086,13.5,KERVILCO,0.0,429.64499687993793,0.0707171134736739,19.489761369866475,8.034773867188438,472.6547451343622,4.278557808235527,0.9703784306046732
2008-07-27,0.2012443819715921,9.7,KERVILCO,6.691334736830764,373.5768288798367,0.0477900907626854,21.077708275455954,6.839910459567623,468.05072613840815,4.808021840039698,1.0111463255606326
2008-07-28,0.19688754483612467,9.49,KERVILCO,15.16831386430082,374.2348713414816,0.0270030948351014,20.8112271180911,6.44600213816041,489.5540698163384,4.6543874816765065,0.9271551659748176
2008-07-29,0.2064310928471486,9.95,KERVILCO,0.0,521.0037245652524,0.0101301118278776,20.23018272196544,5.047350495275192,411.3366400745443,5.128516902074987,1.0259154395336585
2008-07-30,0.15975069496714014,7.7,KERVILCO,0.0,516.6106480545168,0.0047349507414137,22.30781469554228,7.102797238569936,480.1141967367228,5.401433075776669,1.311488559795796
2008-07-31,0.14315322016535936,6.9,KERVILCO,0.0,523.0734640941944,0.0,24.36156035413727,8.680283823765748,520.8545677081221,4.76181935261206,1.2987046210659765
2008-08-01,0.13900385146491412,6.7,KERVILCO,0.0,500.358975138586,0.0,24.244862622942748,9.539241273011797,577.2908220799219,5.186147845464597,1.3341101481828763
2008-08-02,0.13049764562900149,6.29,KERVILCO,0.0,496.550590972885,0.0,23.8845439033855,9.451099458270289,571.5782534082117,4.905028766928998,1.359559666058819
2008-08-03,0.12780055597371212,6.16,KERVILCO,6.94799939225682,366.04576080932605,0.0,22.748488296633703,8.365702649590292,671.186136738321,4.474220883544403,1.1441518555032304
2008-08-04,0.14668018356073778,7.07,KERVILCO,8.796959168446618,374.7143592658025,0.0,22.106981472954622,7.690685812873432,680.099353699013,4.255662785596385,1.0518293003564527
2008-08-05,0.14730258886580452,7.1,KERVILCO,6.775266393108227,298.2175328674652,0.0,18.88253696736534,7.923162289147512,861.6054657714616,3.729119757051568,0.7213796869434536
2008-08-06,0.1450204360805597,6.99,KERVILCO,9.084081711536964,295.48129614896385,0.0,18.8714941041346,8.050115452642304,895.006722105136,3.473461015312285,0.6361115922733795
2008-08-07,0.18547678090990033,8.94,KERVILCO,14.708278565433622,182.13630778583808,0.0,14.797368118709102,8.47342153277986,1075.9106065241665,3.066560580002037,0.4390046462148388
2008-08-08,0.27800770292982824,13.4,KERVILCO,0.7785158555823666,309.95465589459025,0.0,16.40124416532209,7.989905477542022,971.3501503783089,3.8149688474580814,0.5294523323739787
2008-08-09,0.17261373793852025,8.32,KERVILCO,7.895961217676194,313.54990034499133,0.0,18.964514042405987,7.598646277536556,939.8101559055336,4.1625653721561005,0.6603732293193453
2008-08-10,0.2074684350222599,10.0,KERVILCO,0.889588033768989,404.4360316415138,0.0,17.83310509496019,6.860880828475776,822.043820287006,3.820727803196107,0.6742288782245042
2008-08-11,0.16161791088234048,7.79,KERVILCO,0.0,503.43279060688,0.0,19.98750500052088,5.5213703365636295,661.1162149478132,4.936394341317022,0.9146972981285824
2008-08-12,0.13049764562900149,6.29,KERVILCO,0.0,504.88889911016014,0.0,20.74709462480041,6.101525750867436,667.5808117644914,4.784186604598101,1.013958785526844
2008-08-13,0.11576738674242103,5.58,KERVILCO,0.0,504.5683760814218,0.0,20.55093074053568,5.935095324031859,652.5080166563117,4.689137898460649,0.9940159678962964
2008-08-14,0.11058067586686454,5.33,KERVILCO,0.0,496.4577608619141,0.0,18.75064555738084,4.621649864743322,606.2026624755415,4.604821557907579,0.9388635443798544
2008-08-15,0.11016573899682,5.31,KERVILCO,3.160504472382251,288.5617247300278,0.0,14.349249258520908,4.484365246196042,801.2434083412369,3.722471432473069,0.613452738350725
2008-08-16,0.12448106101335596,6.0,KERVILCO,8.737417744081203,234.86767375070536,0.0,10.878055329100828,3.264537622640717,772.7605178963505,3.0830311191359283,0.395022585619619
2008-08-17,0.2365140159253763,11.4,KERVILCO,5.343216196597584,226.75901597878504,0.0,9.679161444380258,2.444894007558213,730.1735709917327,2.918644000335818,0.4034883557266532
2008-08-18,0.16369259523256308,7.89,KERVILCO,0.0,478.3494052471231,0.0,14.913830518460715,2.2848151605189506,597.2309108349629,3.8437074754270752,0.6035528327110768
2008-08-19,0.12946030345389017,6.24,KERVILCO,0.7305680340303666,517.4638323387028,0.0,19.45971312577949,4.713898689757726,654.6623199047542,4.235453237269724,0.7971094225925565
2008-08-20,0.11618232361246555,5.6,KERVILCO,1.0288902235675357,518.6223340568429,0.0,20.10355464605511,5.233306039831954,677.7145290607692,4.6574858839406925,0.983025201745233
2008-08-21,0.1004147225507738,4.84,KERVILCO,0.0,532.092778759873,0.0,21.09802366122601,5.301200280692994,651.8394914517717,4.890598793124355,1.0382415249238122
2008-08-22,0.09004130079966079,4.34,KERVILCO,0.0,540.6935149800191,0.0,23.527501151675263,6.72808857772724,683.0993213413014,4.759126042420009,1.1930527796836858
2008-08-23,0.08755167957939368,4.22,KERVILCO,0.0,476.20877838871024,0.0,20.311934440505915,7.168419013931481,781.3132362788436,4.421913167140374,1.0406858819161222
2008-08-24,0.09253092201992792,4.46,KERVILCO,0.0260453892574901,511.6570737755664,0.0,20.70456192128564,5.789958720556144,680.1765293414446,4.0519289870749455,1.0842526342197527
2008-08-25,0.10020725411575153,4.83,KERVILCO,0.0,493.2821503137456,0.0,19.25818837392328,5.199924461004808,676.6866493566569,3.9575441293813856,0.9162137288566612
2008-08-26,0.12323625040322239,5.94,KERVILCO,4.245041751404586,371.3708464196071,0.0,19.4911724218596,4.932486778511385,770.6855898175413,3.936660375036871,0.7993265027722355
2008-08-27,0.09024876923468306,4.35,KERVILCO,0.0,493.8324746937368,0.0,20.79584632904129,6.372502736143059,741.3292208421464,4.835746557334669,1.0260055151256575
2008-08-28,0.07385876286792453,3.56,KERVILCO,0.0,512.437173516448,0.0,21.10965420979159,5.647369466563089,690.9909972342267,4.238157775452765,1.0312069873239222
2008-08-29,0.07178407851770192,3.46,KERVILCO,0.0,511.0800838312417,0.0,21.05687167561911,5.586669661789218,691.3499797191295,3.92736706197855,0.9102090717647277
2008-08-30,0.07738572626330295,3.73,KERVILCO,0.0,460.6594555511328,0.0,18.844473993515223,5.982227257732418,765.4764375212204,4.008714432248436,0.885670519022691
2008-08-31,0.08568446366419334,4.13,KERVILCO,7.050841260982202,253.57519667889048,0.0,14.9753122814943,6.2785538241516665,946.4329573136314,2.9342416057149987,0.4526419739454091
2008-09-01,0.10622383873139708,5.12,KERVILCO,0.0,392.834888070448,0.0,16.244336661957362,6.00672859756178,855.3536382619765,3.846111000391464,0.5886883498515499
2008-09-02,0.08132762652872588,3.92,KERVILCO,0.0,475.57727171019553,0.0,15.858195843162974,2.6402891830180364,632.0073098571783,3.6845361023892393,0.6485134776406335
2008-09-03,0.07697078939325844,3.71,KERVILCO,0.0,469.84918562536313,0.0,14.793448844966283,1.845804800807315,605.7323481599836,3.8353580481787657,0.6354508665983646
2008-09-04,0.06887952042739029,3.32,KERVILCO,0.0,482.5957474445948,0.0,15.461575373973012,1.5536617745234804,583.8319088425329,4.332132187537364,0.8020396117326892
2008-09-05,0.06265546737672249,3.02,KERVILCO,0.0,499.8815232519024,0.0,17.523540268364513,2.4697480922149766,604.8752680958729,4.544457039981115,0.8341008131168701
2008-09-06,0.057883693371210514,2.79,KERVILCO,0.0,476.3253338901911,0.0,17.130382302430128,2.893438155454892,641.0408057015153,4.647330987005598,0.8429823118491301
2008-09-07,0.05373432467076531,2.59,KERVILCO,0.0,492.6687062200558,0.0,18.725327314328787,3.163317352700944,636.590605818132,4.664688488047976,0.974257674232219
2008-09-08,0.052696982495654014,2.54,KERVILCO,0.0,454.51080794993095,0.0,16.625490959890794,2.9658573897189338,662.3512412606253,4.101292737252042,0.9221396277297628
2008-09-09,0.05497913528089887,2.65,KERVILCO,0.7642750665156213,426.31750334530585,0.0,15.302204549620033,2.82746696854577,678.3190648894926,3.5915591157195554,0.793212664593064
2008-09-10,0.0692944572974348,3.34,KERVILCO,1.39500649008853,301.28367172230566,0.0,10.652190923428984,2.560731434476168,723.1359329114465,3.12237584602416,0.5384333130028128
2008-09-11,0.07095420477761288,3.42,KERVILCO,0.0320045926646977,437.4857052936358,0.0,14.17637883484302,1.443930651259799,620.8054490085766,3.1542776109517656,0.5779622278571792
2008-09-12,0.06867205199236803,3.31,KERVILCO,0.194855079214996,411.7378614863034,0.0,12.356443410022724,0.8223104100236917,617.4796516545653,2.917588816582115,0.4485130139799277
2008-09-13,0.06390027798685606,3.08,KERVILCO,0.0,494.0530370932079,0.0,15.218805351700343,-0.6164896368117236,508.6842343043276,3.629869723089135,0.7086462906992046
2008-09-14,0.057883693371210514,2.79,KERVILCO,0.0,476.2414621431409,0.0,16.021711146413807,0.8519829606096188,571.5248377420658,3.82151313390729,0.7381716800455618
2008-09-15,0.05414926154080983,2.61,KERVILCO,0.0,437.2228601077469,0.0,15.378823347486144,1.791577650851639,634.2690670966374,3.110500072687937,0.7981597073367506
2008-09-16,0.05331938780072079,2.57,KERVILCO,0.0,453.31267128372815,0.0,17.24555314217529,2.4496778897971616,650.6865136214238,3.472442719373944,0.8392583627097203
2008-09-17,0.04730280318507525,2.28,KERVILCO,0.0,442.6679776571805,0.0,17.10519176173546,2.7135329957072,670.9239878581329,3.3792493838660325,0.8855589260765726
2008-09-18,0.04668039788000848,2.25,KERVILCO,0.0,434.8357390783652,0.0,15.735754893967044,1.7771611632191957,638.0397012802031,3.7419692148309736,0.8078580543838688
2008-09-19,0.047095334750053,2.27,KERVILCO,0.0,423.43757198049786,0.0,14.69155438160294,1.310976003536206,628.0548794710126,2.858231881823875,0.6940133965994049
2008-09-20,0.051244703450498204,2.47,KERVILCO,2.479740447607069,331.3831829497439,0.0,14.627759464806338,2.166101963701496,709.1994677489025,3.1938497128333827,0.7197321350473496
2008-09-21,0.05767622493618825,2.78,KERVILCO,0.0,392.48802542879264,0.0,15.11541644120462,2.960729105984852,721.819604341077,3.664469884701893,0.7271214971339728
2008-09-22,0.05103723501547593,2.46,KERVILCO,0.0,371.4820058057878,0.0,14.678523905150072,3.3440527802025257,751.4155093120665,3.893979752711546,0.7678150672281226
2008-09-23,0.04688786631503073,2.26,KERVILCO,0.0,440.23656113342673,0.0,15.802292056783598,1.2956151203432282,623.376579651019,3.566384790963269,0.7744376244554823
2008-09-24,0.045643055704897184,2.2,KERVILCO,0.0,454.9340959530986,0.0,17.20621001102783,1.4972946028840954,620.6654637372815,3.36312271877397,0.8926716085392833
2008-09-25,0.045435587269874914,2.19,KERVILCO,0.0,441.0883295486296,0.0,17.820317119787415,2.63760839367519,678.8082661798347,3.539606698074816,0.9244291457490104
2008-09-26,0.045435587269874914,2.19,KERVILCO,0.0,419.8981255059759,0.0,18.07697116549941,3.94008952496052,756.801032013887,3.540143400130186,0.9217950659307408
2008-09-27,0.058298630241255034,2.81,KERVILCO,0.0,381.4962149032925,0.0,14.79061332156284,2.804484714511975,730.873896959804,3.204474990552192,0.7661148927948892
2008-09-28,0.06493762016196736,3.13,KERVILCO,0.0,405.8384161750464,0.0,15.174142908516052,1.882624208875585,661.0893339639672,2.9426416074617543,0.8325165526541068
2008-09-29,0.051867108755564974,2.5,KERVILCO,0.0,412.9998836095256,0.0,16.345976874275433,2.4935316661364904,681.4817903537786,3.1786146966840847,0.8340991717270143
2008-09-30,0.04834014536018656,2.33,KERVILCO,0.0,427.9749564696722,0.0,17.81148185893735,2.6555841798881685,676.3063996203199,3.5769162560527983,0.9592460883341672
2008-10-01,0.04751027162009752,2.29,KERVILCO,0.0,392.01380016541054,0.0,16.153874440532906,2.825066396977548,710.4552994670614,3.1309576467810647,0.9833279543817748
2008-10-02,0.0502073612753869,2.42,KERVILCO,0.0008991381074064,390.5875165985729,0.0,15.211383579122517,1.92748459899395,672.950192414188,3.4097949507264174,0.8945957458216413
2008-10-03,0.04730280318507525,2.28,KERVILCO,0.0,344.5098157757463,0.0,13.464916948002594,2.201643189016601,703.190246072237,2.92734314708209,0.7678133388977195
2008-10-04,0.050829766580453684,2.45,KERVILCO,0.0,214.02266866846392,0.0,7.992246182705651,1.5244005199115542,682.2653344132683,2.4052927909899124,0.4431152246729563
2008-10-05,0.06016584615645537,2.9,KERVILCO,0.0,287.6002757308019,0.0,8.763977587970817,0.0455818434780579,612.757076271933,2.206107331692433,0.353534754994808
2008-10-06,0.0657674939020564,3.17,KERVILCO,0.0,360.9608684706215,0.0,8.897677300738076,-2.527610728444345,507.30517331555257,2.4229299005964338,0.3560480768658913
2008-10-07,0.054771666845876615,2.64,KERVILCO,0.0,429.8418006659596,0.0,12.17298259124522,-3.412315070738211,456.1181961521127,3.083014234124452,0.6202806805464309
2008-10-08,0.05290445093067627,2.55,KERVILCO,0.0,426.70492772861496,0.0,15.177030022808935,-0.7583351634646854,545.7580607738167,3.7202352869511057,0.8778475867044169
2008-10-09,0.05041482971040916,2.43,KERVILCO,0.0,412.299646060275,0.0,14.341735010507929,-0.946687631649938,545.4758374518609,3.559225338595684,0.8383214234698853
2008-10-10,0.04979242440534238,2.4,KERVILCO,0.0,318.3207768173704,0.0,11.449906167260137,0.8118814713074036,643.8110946254649,3.156156638549976,0.5887032497790384
2008-10-11,0.056431414326054696,2.72,KERVILCO,8.37397654499017,176.10852982831213,0.0,6.888294609674919,-0.5021240519195019,589.3903567690624,2.1482731766369274,0.3147540679366049
2008-10-12,0.08360977931397075,4.03,KERVILCO,0.0,388.7811309823593,0.0,6.899679539711487,-6.754453767837932,370.535753886159,1.8263805660883008,0.2582247690735417
2008-10-13,0.051452171885520454,2.48,KERVILCO,0.0,369.6250726629315,0.0,3.335343580266813,-9.208750444761131,305.0773646816201,1.7833143514284289,0.3596494149102184
2008-10-14,0.05892103554632181,2.84,KERVILCO,0.0,336.2784316507314,0.0,6.043943625976749,-5.064945602388431,419.16334617726216,1.7039801448535008,0.3024480710477546
2008-10-15,0.056016477456010176,2.7,KERVILCO,0.0,371.0003605564876,0.0,8.784138605291647,-4.344491021144666,441.9546527677849,2.144340024820037,0.4853007107757894
2008-10-16,0.05456419841085435,2.63,KERVILCO,0.0,376.5641096984086,0.0,10.153920653005123,-3.541985633095498,468.1102751857895,2.960626826961166,0.598334081476173
2008-10-17,0.055186603715921136,2.66,KERVILCO,0.0,383.1527151502765,0.0,13.447939491348135,-1.056386477843858,553.0069902761579,3.108811723884856,0.6788357676398492
2008-10-18,0.051659640320542724,2.49,KERVILCO,0.0,362.43402597217226,0.0,13.57878874929522,0.1657275958775444,609.7158517806109,3.0181325497649008,0.8243995038908708
2008-10-19,0.05352685623574306,2.58,KERVILCO,0.0,333.06511949705043,0.0,11.994037173646516,0.1071984288960319,612.9056410681434,2.6669142763212657,0.6418258650347078
2008-10-20,0.05311191936569854,2.56,KERVILCO,0.0,329.7459544827667,0.0,10.316366492021958,-1.2723120663480312,555.7856874758227,2.3798724288079764,0.5496778410150107
2008-10-21,0.05726128806614373,2.76,KERVILCO,0.0,377.0637318901619,0.0,7.805085050012859,-6.505036458124641,377.1813968266072,2.8256894779389388,0.4713336730026365
2008-10-22,0.04751027162009752,2.29,KERVILCO,0.0,250.4371830634098,0.0,-2.027247671213944,-10.002884750465222,287.8556094404934,1.5880202813686568,0.2367899652826723
2008-10-23,0.049170019100275596,2.37,KERVILCO,0.0,403.2972276699109,0.0,6.609563411652699,-10.300274519590143,279.53257267515824,1.7243875597269935,0.2380669973675358
2008-10-24,0.061203188331566676,2.95,KERVILCO,0.0,342.74477336282234,0.0,8.614750228956861,-4.297343534945824,443.47661705406784,2.4483738792013603,0.410631514304466
2008-10-25,0.05892103554632181,2.84,KERVILCO,0.0,375.495486514072,0.0,12.746238780979274,-2.726105954209833,494.1552188143764,3.176857641646042,0.6070185068163323
2008-10-26,0.05705381963112147,2.75,KERVILCO,0.0,356.2519508756094,0.0,12.376560170481254,-1.8908848235628648,525.5712831856499,2.697890809385922,0.6065503896454966
2008-10-27,0.052282045625609494,2.52,KERVILCO,0.0,370.5169208693285,0.0,12.395669722778422,-3.12483311695948,460.91832515907856,2.801009747641745,0.7064165983940776
2008-10-28,0.0543567299758321,2.62,KERVILCO,0.0,363.5993677721752,0.0,13.431299828145397,-1.8970836278686207,504.7079075810786,2.92779224717293,0.7503084401783501
2008-10-29,0.05331938780072079,2.57,KERVILCO,0.0,342.9378768810716,0.0,12.59091444098967,-1.4871628228560738,531.8207656074841,2.731455697358293,0.750922548866507
2008-10-30,0.054771666845876615,2.64,KERVILCO,0.0,342.6798064800664,0.0,12.784164243329808,-1.4759921466906356,532.0636672600427,3.029610341116736,0.7254218754960845
2008-10-31,0.05207457719058724,2.51,KERVILCO,0.0,341.391119713593,0.0,13.071779624050636,-1.2825945914674295,540.7339423391205,2.229469148435393,0.7851740346724951
2008-11-01,0.05414926154080983,2.61,KERVILCO,0.0,311.0054993354152,0.0,11.869781709289375,-0.6798346133023817,576.0688541586643,2.269579312039002,0.6720728290814506
2008-11-02,0.05207457719058724,2.51,KERVILCO,0.9762111090966372,283.251270079025,0.0,11.248874905176766,-0.3320608293361624,592.890642359405,2.2281202995330065,0.6076259042438322
2008-11-03,0.05726128806614373,2.76,KERVILCO,0.0,262.7883841868847,0.0,9.245394840965949,-0.8330677849564802,575.7330122135877,2.021724863519035,0.4598077769735832
2008-11-04,0.05311191936569854,2.56,KERVILCO,0.2378266946055013,225.9076641116149,0.0050031611940903,4.924787848206042,-3.801233580812932,461.6192399820535,1.938063866584132,0.3738380496916305
2008-11-05,0.04688786631503073,2.26,KERVILCO,0.0,247.0970126496017,0.0050031611940903,-3.272365950183589,-12.330875846892244,241.1086898290364,1.7557756322810143,0.263160641689411
2008-11-06,0.03257254429849481,1.57,KERVILCO,0.0,284.20127502555147,0.0050031611940903,-3.697064992301219,-14.53911854051274,196.51469919400776,1.43889160923607,0.2036502060482678
2008-11-07,0.0543567299758321,2.62,KERVILCO,0.0,356.9407506770554,0.0050031611940903,1.7318269006557367,-14.599690531221336,168.2608401471893,1.41543506596958,0.2134210642913523
2008-11-08,0.06058078302649989,2.92,KERVILCO,0.0,290.05173433759626,0.0047968454612622,5.818431984740191,-5.867411392825419,315.78880140618065,1.3927498216387209,0.2435602199090729
2008-11-09,0.06804964668730125,3.28,KERVILCO,0.0,245.7953314788647,0.0044564242561479,3.6475205340410817,-5.887976424197644,347.82551695199214,1.2582274709762282,0.2733951331832192
2008-11-10,0.06556002546703413,3.16,KERVILCO,0.0,157.8428477523117,0.0044564242561479,0.1462304097384613,-5.811755361947668,388.70085254786096,1.2021051452586795,0.192226376066277
2008-11-11,0.06307040424676702,3.04,KERVILCO,0.0,164.64148248913236,0.0044564242561479,-0.2035522940228183,-6.387273653117412,369.2595829267572,1.1522358512962518,0.1707506353639096
2008-11-12,0.06265546737672249,3.02,KERVILCO,0.0,214.59518983286287,0.0044564242561479,1.6794958514961025,-6.344910968032712,358.497184540919,1.0356263252392512,0.1396016089544372
2008-11-13,0.06493762016196736,3.13,KERVILCO,0.0,263.1355171976682,0.003032844223947,7.300810270744063,-3.287665631655176,393.39929443757467,1.411030693731111,0.204628478819858
2008-11-14,0.05394179310578758,2.6,KERVILCO,0.0,274.19405325308554,0.003032844223947,0.939971391422518,-9.756041768346869,252.7173995720337,1.092043451094865,0.1420685514271674
2008-11-15,0.046472929444986225,2.24,KERVILCO,0.0,334.09729776112385,0.003032844223947,5.313779249322336,-9.988144168940716,168.92790612790128,1.307113884268956,0.2098058964144128
2008-11-16,0.06846458355734576,3.3,KERVILCO,0.0,321.6949428362734,0.0028471598184539,8.35954544292005,-6.13220226511194,187.510900073137,1.4926575916483296,0.2933419662753078
2008-11-17,0.06742724138223447,3.25,KERVILCO,0.0,307.7481657921037,0.0013307377064804,10.521059180221592,-3.0517523539434843,235.0138879332788,1.8121569256374568,0.4918207796174301
2008-11-18,0.062033062071655716,2.99,KERVILCO,0.0,289.5173166224312,0.0,9.807584144911162,-2.67092343273387,254.663006515734,1.7165293947106683,0.5865825226438142
2008-11-19,0.05809116180623278,2.8,KERVILCO,0.0,292.00187542708966,0.0,8.685912311543227,-4.060057918202924,225.63851605773613,1.937564463652071,0.5185612730278019
2008-11-20,0.058298630241255034,2.81,KERVILCO,0.0,235.6969476094132,0.0,1.655222785522308,-7.675975807256331,238.3793618297828,1.1673898441847632,0.3148659530795635
2008-11-21,0.06016584615645537,2.9,KERVILCO,0.0,258.633605383259,0.0,2.957721202144085,-7.758942807217786,216.4430967832793,1.727198270282699,0.3360762051767663
2008-11-22,0.05684635119609922,2.74,KERVILCO,0.0,288.5371489845843,0.0,5.105405812865309,-7.535634090720246,192.36717448019232,1.7404457331854142,0.4421592398588876
2008-11-23,0.05580900902098792,2.69,KERVILCO,0.0,278.85097731216155,0.0,4.153354293934207,-7.855162231201206,196.84755727554628,1.7887547306282814,0.3493095106191712
2008-11-24,0.0543567299758321,2.62,KERVILCO,0.0,316.40691911752555,0.0,5.6336634418444005,-9.529969023712498,149.65243997847094,1.6332016045041762,0.4406711494425587
2008-11-25,0.06037331459147764,2.91,KERVILCO,0.0,260.5578027505423,0.0,4.154213190598398,-6.668135485820955,200.2419662356261,1.80651631745946,0.4881804111759492
2008-11-26,0.06493762016196736,3.13,KERVILCO,0.0,282.92885504930115,0.0,5.344690040186801,-6.926346858398026,175.7191386479736,1.4179512523564677,0.4790616161777417
2008-11-27,0.07157661008267968,3.45,KERVILCO,4.603920322254589,140.4132492919995,1.4762992888559126,1.1517526853296198,-5.941390637252452,340.3809745407499,1.0866932294828195,0.2122594450995679
2008-11-28,0.08983383236463854,4.33,KERVILCO,0.0,210.2953057535548,1.4762992888559126,-0.6921380315071927,-8.339551769553763,260.17741029773714,0.6320322914165744,0.0779942997725473
2008-11-29,0.10228193846597414,4.93,KERVILCO,2.05308475361811,217.328163229992,3.529551427192425,-1.3790076893093968,-9.940944061680437,226.79510458035148,0.6338723835415631,0.0760607477403342
2008-11-30,0.09024876923468306,4.35,KERVILCO,0.0,113.16339396056284,3.424243445249808,-2.2814002948291603,-5.973502725433189,362.7084268541576,0.9283671950640202,0.1216737282416581
2008-12-01,0.09066370610472758,4.37,KERVILCO,0.0,260.5203660699216,3.3799760313717324,2.209173071826826,-6.704483674102598,205.5750990588948,1.2686616056437725,0.1873857125355787
2008-12-02,0.08360977931397075,4.03,KERVILCO,0.0,258.2691865651716,2.987207077544509,3.848290230621059,-5.064854741687562,225.67335698278583,1.5377638272757397,0.3074449267394451
2008-12-03,0.07738572626330295,3.73,KERVILCO,0.0,243.0767506949816,2.987207077544509,-1.211682480114709,-9.234543924168864,198.4367820899946,0.858260745306165,0.125788106553648
2008-12-04,0.08195003183379267,3.95,KERVILCO,0.0,208.8740309600105,2.987207077544509,-3.480362375614728,-10.298659962079103,213.16999378237983,0.7098065594032772,0.1116823538035042
2008-12-05,0.11701219735255458,5.64,KERVILCO,0.0,259.82116296308726,2.987207077544509,-2.3890732434416124,-11.428616005856048,164.18828173379674,0.9587891381325044,0.1456663263988636
2008-12-06,0.1489623363459826,7.18,KERVILCO,0.0,266.8586088763644,2.987207077544509,2.506237727180045,-6.852796920551556,200.30574412404752,1.232652582224465,0.2195085737317348
2008-12-07,0.1514519575662497,7.3,KERVILCO,0.0,287.78909715990966,2.762420220268511,4.842527702414058,-5.472843484106425,193.18212119688283,1.2221928856911617,0.2543535638694927
2008-12-08,0.16950171141318635,8.17,KERVILCO,21.41303185552477,189.8821455171107,24.175830122579665,-1.3745369562014358,-9.669624303764625,230.75690741937444,0.7801442159729225,0.1349160874969118
2008-12-09,0.16597474801780793,8.0,KERVILCO,0.0,265.8856383880274,24.175830122579665,-5.28192473140986,-13.972144720752777,203.2673472740588,0.5915647911256271,0.0947679254253628
2008-12-10,0.2095431193724825,10.1,KERVILCO,0.0,341.97478889769235,24.175830122579665,0.1972283797665812,-13.881962340777228,166.09576135425738,0.8604792654464728,0.1294792177845668
2008-12-11,0.1904560233504346,9.18,KERVILCO,0.0,307.37233476314145,24.175830122579665,-0.2712961304630356,-11.780998639110589,208.71845913602965,1.1128324628538753,0.2095102105684032
2008-12-12,0.21161780372270508,10.2,KERVILCO,3.534573543938912,223.3528496652533,27.710081025188,-2.247214067118533,-12.507202727763472,227.89118061114544,0.8167160534191473,0.1859275611122255
2008-12-13,0.21369248807292773,10.3,KERVILCO,3.461858179044741,130.95100717956154,31.171826210312663,-2.2276563109210006,-8.227070004780327,328.4099652051472,0.8386572226939008,0.1459351485414551
2008-12-14,0.15684613687682847,7.56,KERVILCO,0.0,338.93123126283064,31.171826210312663,-6.752095750864128,-21.15317133074295,113.37097988932832,0.7698468620922082,0.1211102397721986
2008-12-15,0.10497902812126352,5.06,KERVILCO,3.4509869936059894,242.5889464447509,34.62242013398696,-10.485078731656952,-23.31116545568873,93.57010239905188,0.4485235132505357,0.0735416575204647
2008-12-16,0.10622383873139708,5.12,KERVILCO,1.6050600651706788,154.22828312916016,36.227868149734434,-7.819244009687366,-13.799949386465675,210.5269659732346,0.6479236169484748,0.1004299427754265
2008-12-17,0.12012422387788849,5.79,KERVILCO,5.724985839784977,172.52485419308252,41.95289446184081,-4.6701324444250165,-12.129447634257968,241.3041124354345,0.6302252552756525,0.1137008338448632
2008-12-18,0.11078814430188678,5.34,KERVILCO,7.917513873342199,197.63330787013075,49.87087726113818,-2.559761409128626,-11.176525538140082,260.9238583810801,0.7503993586908223,0.1207859460909685
2008-12-19,0.10539396499130803,5.08,KERVILCO,0.0,277.8759822184732,49.87087726113818,-5.672959300825978,-14.702507407323065,195.6839135041678,0.7992947270404417,0.1338786814094168
2008-12-20,0.09792510133050668,4.72,KERVILCO,0.0,191.681409887163,49.87087726113818,-9.258191390242388,-15.19949153233581,187.61797222401364,0.7604525422860308,0.1029602964793763
2008-12-21,0.09045623766970533,4.36,KERVILCO,0.0,303.25044813648344,49.87087726113818,-5.946301614332548,-16.066109300298407,174.96180554793912,0.8534017429268977,0.1355762990853369
2008-12-22,0.08630686896926013,4.16,KERVILCO,4.97803665844201,159.50698942628927,54.84840297695803,-5.261671167122761,-11.731997587483187,249.15209504763124,0.6629026268542951,0.1161852220262328
2008-12-23,0.09128611140979437,4.4,KERVILCO,0.0,301.6003181610102,54.84840297695803,-7.235506289176097,-16.892784515469213,164.3499028943175,0.5233201994296459,0.0765606066496125
2008-12-24,0.08506205835912656,4.1,KERVILCO,1.3601048165306084,286.28192717775704,56.2085779852758,-9.869077246342476,-20.33499912915581,121.75383615279566,0.6587760649022237,0.1059050015805922
2008-12-25,0.07842306843841423,3.78,KERVILCO,4.988404046017051,229.86705556689708,61.1968028254606,-2.924781544981203,-13.0084020247067,224.59757343282217,0.5452487066644491,0.0833146148101093
2008-12-26,0.08340231087894846,4.02,KERVILCO,3.5666507112932693,267.35160921217465,64.76327221656433,-3.944916311105648,-18.287009726332013,145.90370590653248,0.7177031688025968,0.1056779175856699
2008-12-27,0.08132762652872588,3.92,KERVILCO,0.0,310.0115796117385,64.76327221656433,-12.608432350490007,-22.39868133463427,102.51374081983604,0.5360594804638187,0.0688877818795263
2008-12-28,0.07468863660801357,3.6,KERVILCO,0.0,345.3294226272044,64.76327221656433,-3.418347492142172,-15.917421692727006,176.87556046891513,0.7304879497626489,0.1054282713616873
2008-12-29,0.07219901538774644,3.48,KERVILCO,0.0,345.8451605628586,64.76327221656433,0.8399327824844355,-11.975666022277712,243.92253553632892,1.039692650868418,0.2047318310226832
2008-12-30,0.07219901538774644,3.48,KERVILCO,0.0,316.0332429950668,64.76327221656433,0.3677468280115522,-10.480704076333527,275.23282610013007,1.3200334189065166,0.2376885599977724
2008-12-31,0.0744811681729913,3.59,KERVILCO,0.0,289.3979705148424,54.71685751629077,0.5188278254616909,-9.250462352533331,304.66501091312904,1.0974847016836426,0.2104714076500804
2009-01-01,0.07219901538774644,3.48,KERVILCO,0.0,262.76269803461804,44.67044281601721,0.6699088229118297,-8.020220628733135,334.097195726128,1.3164254254951424,0.2114574180123873
2009-01-02,0.07489610504303582,3.61,KERVILCO,0.0,270.3160079479265,44.61108020534811,2.7710675183482927,-6.108811361580014,387.3322600155582,1.0926932253491195,0.214175928551791
2009-01-03,0.07282142069281322,3.51,KERVILCO,2.1023560023491075,258.3796935722376,46.71319766820703,-2.407582106889817,-12.600609930036612,232.74085200230007,0.7538398704466609,0.1254719444139163
2009-01-04,0.07302888912783548,3.52,KERVILCO,4.03070613549381,216.0391321117829,50.74359749149816,-5.891332410559322,-15.408859895313492,185.118496040049,0.5747779917657081,0.1042671608782454
2009-01-05,0.07323635756285773,3.53,KERVILCO,0.0,253.00923405186776,50.74359749149816,-6.359311196360627,-14.22039732270255,203.4724017169876,0.8019462939959106,0.1236754651543844
2009-01-06,0.07344382599788,3.54,KERVILCO,2.0537236619323336,211.76072680151623,52.79734972169017,-6.999066244912847,-14.599889520567263,197.2171975051673,0.8386672346735794,0.1161755450645849
2009-01-07,0.07385876286792453,3.56,KERVILCO,0.0,285.95257573792446,52.79734972169017,-1.4038215006161252,-10.747229381796249,269.4480778073191,0.9694592886183538,0.1291224665637084
2009-01-08,0.08049775278863684,3.88,KERVILCO,0.0,305.10845560908683,52.79734972169017,2.5668420426222496,-7.756339544607464,341.0406854378238,1.1966595839912224,0.2031566812660384
2009-01-09,0.083817247748993,4.04,KERVILCO,2.4506968150682007,278.81450228560834,55.2483420855495,-2.1460946442223485,-13.49366341917405,217.15821335338,0.9400496786059068,0.1646618057550743
2009-01-10,0.08713674270934915,4.2,KERVILCO,0.0,303.2102844318509,55.2483420855495,-6.051533387999009,-15.682687764603989,180.39790043236312,0.9694146485436734,0.1481411117740643
2009-01-11,0.11680472891753232,5.63,KERVILCO,0.0,291.3302919404891,55.2483420855495,-3.7357901386114096,-12.93209874277317,226.0078261862468,0.9752104159286268,0.1417548344977734
2009-01-12,0.136514230244647,6.58,KERVILCO,1.823977566902691,168.672828509357,57.07197033701662,-5.357664646362453,-10.667127190189696,271.21972550635275,0.9151201981767624,0.1280908795155259
2009-01-13,0.15124448913122748,7.29,KERVILCO,0.0,297.8767006078069,57.07197033701662,-1.696072004813011,-11.023148311933486,263.72416646441445,0.987759616146,0.1403153313522882
2009-01-14,0.12987524032393472,6.26,KERVILCO,0.0,317.9515294072506,57.07197033701662,-0.1444431088788192,-10.367152812004818,277.73182651361986,0.9830126571165758,0.1552788829434347
2009-01-15,0.11597485517744328,5.59,KERVILCO,0.0,329.46687607081145,57.07197033701662,1.2265728267092504,-9.496959150779633,297.5316937951088,1.0674388479569212,0.1868187764580248
2009-01-16,0.12033169231291074,5.8,KERVILCO,0.0,364.0590204253682,57.07197033701662,3.5952920116428886,-9.315261699662171,301.91713533709,1.279007285011219,0.2417577517652055
2009-01-17,0.12302878196820012,5.93,KERVILCO,0.0,382.8029199421044,57.07197033701662,5.75864929808725,-8.863093088734015,312.8616364793784,1.432441257604573,0.3244278312318515
2009-01-18,0.12925283501886792,6.23,KERVILCO,0.0,369.2790986219425,57.07197033701662,4.261035253583428,-8.743389928302431,315.8381104112756,1.7954500787432928,0.3625251224279318
2009-01-19,0.15622373157176173,7.53,KERVILCO,0.0,375.665098692168,57.07197033701662,6.541300444367969,-6.956915901185734,362.2858923460488,1.6009333343665495,0.3327081050298715
2009-01-20,0.18340209655967774,8.84,KERVILCO,0.0,386.8588567343232,57.07181058230366,7.516318907948299,-6.801980308405649,339.91083867751973,1.4629542971961664,0.3792337366530697
2009-01-21,0.17655563820394318,8.51,KERVILCO,0.0,378.1237982212062,57.07181058230366,6.065480344660696,-7.141166001658469,337.91755151496363,1.857495068555696,0.4159739058920835
2009-01-22,0.17365108011363153,8.37,KERVILCO,0.0,323.4207280860248,56.60047707105928,5.008961115505116,-4.877293921933945,418.9629896184949,1.639788592346877,0.3180987587038885
2009-01-23,0.1769705750739877,8.53,KERVILCO,0.6229682943197438,210.4247402777501,55.71987197252444,2.236247377745153,-3.903374614233519,457.642724464358,1.1790668657288483,0.1983139225255153
2009-01-24,0.17946019629425483,8.65,KERVILCO,0.0,223.6705830792913,55.19995140785792,1.5089760766316942,-4.76257727469927,428.5068633384282,0.8018442245415296,0.1237304145387514
2009-01-25,0.15539385783167267,7.49,KERVILCO,0.0,239.9177944958577,55.103724498430815,0.1396020111858113,-6.345030449292876,381.0427415656163,0.8607620501977616,0.1326802692235593
2009-01-26,0.12157650292304431,5.86,KERVILCO,0.0,295.5979289086321,55.103724498430815,-3.5917377236171006,-11.72227947330567,249.8641884545988,0.8704530503768809,0.1377705240525532
2009-01-27,0.09605788541530634,4.63,KERVILCO,0.0,333.55643284732207,55.103724498430815,-8.822749652829543,-18.28934352669493,142.21052892435566,0.7716572872949982,0.0977762083472367
2009-01-28,0.12717815066864532,6.13,KERVILCO,0.0,330.4617643668281,55.103724498430815,-7.242355355906696,-16.547804457824533,158.34615523066756,1.0085776219875429,0.1331852687200644
2009-01-29,0.22199122547381808,10.7,KERVILCO,0.0,304.28595383514534,55.103724498430815,-7.391146720441493,-15.64659810901652,173.3594093831787,0.9273525686225322,0.1178456057421038
2009-01-30,0.3008292307822769,14.5,KERVILCO,0.0,424.6372114924567,55.103724498430815,1.2423639775553732,-13.412770626322889,158.04613417159902,1.8501097386079537,0.3568290065125949
2009-01-31,0.4481318196480814,21.6,KERVILCO,0.0,380.2255835540601,55.103724498430815,1.5365119268104608,-9.861455228577748,221.0282276736604,1.567661578153589,0.2776429852420115
2009-02-01,0.2302899628747085,11.1,KERVILCO,0.0,365.2005138333113,55.103724498430815,-1.4409387465424457,-11.963813201079438,201.09740579483292,1.8095924111318005,0.3129766288617777
2009-02-02,0.2323646472249311,11.2,KERVILCO,0.0,384.67879200289536,55.103724498430815,-0.6711909793510581,-12.016407839165227,191.9103299288467,2.297059886574781,0.3740900833413692
2009-02-03,0.21369248807292773,10.3,KERVILCO,0.0,389.00176540193365,55.103724498430815,2.622745328298353,-8.909331486517175,227.55576323675868,1.4276454522642958,0.250717926855861
2009-02-04,0.2240659098240407,10.8,KERVILCO,0.0,428.8847050041786,55.103724498430815,6.294939934689688,-7.924884690686527,213.99589117841708,1.4521383754441692,0.3465267749156957
2009-02-05,0.2510368063769345,12.1,KERVILCO,0.0,409.031726051268,55.103724498430815,5.544313990579089,-7.191536723268254,236.83264492537984,1.7758221250894064,0.3731655653497073
2009-02-06,0.2385887002755989,11.5,KERVILCO,0.0,331.39986815961464,55.103724498430815,2.047145191140165,-7.068190074816688,287.64292897051814,1.7435266213870708,0.3130651368472562
2009-02-07,0.23443933157515373,11.3,KERVILCO,0.0,400.5874569343771,55.103724498430815,4.432928350581803,-7.467904254428671,238.11682260112244,1.4951591607215329,0.2864383716339643
2009-02-08,0.17780044881407675,8.57,KERVILCO,1.974686367674948,335.62631275956045,57.07819744776674,1.2034042057262686,-9.23787659390596,246.30841501941816,1.8774228752530129,0.3326355425661954
2009-02-09,0.15497892096162816,7.47,KERVILCO,3.8461738301650015,200.26257980502564,60.92431919361557,-3.5094858729521183,-10.220439922710035,280.98688418450035,1.2558089518447095,0.1854212554055464
2009-02-10,0.14253081486029254,6.87,KERVILCO,6.196822758320108,263.1537162483976,67.12175594760292,-2.9245116601320222,-12.115374487087667,239.7896179679564,1.1840118897571716,0.1699624757086044
2009-02-11,0.1284229612787789,6.19,KERVILCO,0.0,393.2835013495044,67.12175594760292,-4.421261197637787,-15.142144055998209,172.61367188738953,1.1157163047266103,0.157738089350225
2009-02-12,0.12074662918295528,5.82,KERVILCO,2.4792925296125388,342.9038746953665,69.60091865587535,-1.8780945746497664,-14.600793946813196,178.87697924991954,1.2320522476379527,0.1919600196240495
2009-02-13,0.11307029708713165,5.45,KERVILCO,0.0,377.0051839749218,69.60091865587535,-3.8252427598620127,-13.681552726763629,181.43743701097137,1.0312343490333602,0.1462200190410182
2009-02-14,0.11016573899682,5.31,KERVILCO,0.0,341.35088537860474,69.60091865587535,-5.619891813529606,-14.160502145113536,179.96665762553835,1.040671899823999,0.1517638942239598
2009-02-15,0.10829852308161966,5.22,KERVILCO,0.0,481.4239313248046,69.60091865587535,-0.4379128811029986,-15.60031178001477,120.80829404968225,1.1268909801909552,0.1645791888001961
2009-02-16,0.10311181220606318,4.97,KERVILCO,0.0,429.18614929936496,69.60091865587535,1.5314681671354902,-10.072260826575189,191.62682998990823,1.4937986247230344,0.2601060301371889
2009-02-17,0.10560143342633029,5.09,KERVILCO,0.0,326.796356745494,69.60091865587535,-2.914126317040736,-10.630186719063902,231.90448601167893,1.308757553419604,0.182122529190688
2009-02-18,0.1097508021267755,5.29,KERVILCO,0.0,333.4662846486577,69.60091865587535,-4.39836211896019,-12.076173497810885,209.90607579917284,1.3652004478481632,0.1793850970401735
2009-02-19,0.10103712785584057,4.87,KERVILCO,0.0,436.88743738306016,69.60091865587535,-2.192143339946324,-13.20085148355782,159.38422751797205,1.372192799063206,0.1817694879828552
2009-02-20,0.09543548011023954,4.6,KERVILCO,0.0,490.531041326628,69.60091865587535,0.3226651331908587,-13.39181354483735,136.47642055964778,1.795999144508948,0.2550201579739474
2009-02-21,0.10207447003095187,4.92,KERVILCO,0.0,507.2864712812925,69.60091865587535,3.710235265603554,-11.24864096986026,143.40293806919638,1.642018283751518,0.2411081741174196
2009-02-22,0.12344371883824465,5.95,KERVILCO,0.040747063286328,487.4296528329817,69.64167603814563,6.129463582256107,-7.542924680541962,185.8498358342982,2.0956601872546816,0.3793432406320225
2009-02-23,0.12593334005851178,6.07,KERVILCO,12.229170115996643,174.62229903235962,68.19854915644667,2.812391266552799,-2.563521020849042,471.9267382270616,1.6184132076341946,0.2668548840214331
2009-02-24,0.1558087947017172,7.51,KERVILCO,0.0,347.1087786819942,67.03135903108293,4.822319069179156,-3.220959356682364,386.7144191777867,2.206948538595483,0.348380531344012
2009-02-25,0.1879664021301675,9.06,KERVILCO,0.0,439.5602305649896,66.694781074119,5.7456929874453495,-5.2522711555579615,285.4703628780211,2.41985860290926,0.4871524254028773
2009-02-26,0.17012411671825312,8.2,KERVILCO,0.0,389.4182142412748,66.4353495710785,3.498962763398028,-5.593979573060201,310.6463094353775,2.44087868808514,0.4210092628292939
2009-02-27,0.19190830239559042,9.25,KERVILCO,0.0,486.0261049004373,66.4353495710785,-0.353228850802467,-13.10098366941899,165.7896098488242,2.22623557750645,0.3318691523738528
2009-02-28,0.20684602971719315,9.97,KERVILCO,0.0,548.7075977592651,66.4353495710785,3.008837313829456,-14.561112747117493,125.59958896723916,2.0863697577314624,0.3557632832897113
2009-03-01,0.3091279681831673,14.9,KERVILCO,0.0,529.5499856481773,66.4353495710785,8.333775585397722,-7.302125739200769,201.54472739665323,2.3421293579081386,0.4366738429563718
2009-03-02,0.2282152785244859,11.0,KERVILCO,0.0,466.7808129134574,64.69438095666547,10.314876760406188,-1.8560107727542043,320.97385154770586,2.878327111778019,0.5388124854662808
2009-03-03,0.14294575173033708,6.89,KERVILCO,0.0,386.5643507822997,62.63845554303696,8.060308837901733,-1.104482045273135,399.6636472706281,2.6388398795781454,0.4874073189846676
2009-03-04,0.10726118090650837,5.17,KERVILCO,0.0,423.2396130638788,60.74384352481011,8.585417123639182,-1.4879461606291156,360.1809253969994,2.7774555702177115,0.4959655796913082
2009-03-05,0.09668029072037312,4.66,KERVILCO,0.0,403.1366518400246,60.16090095352204,4.413640817307665,-4.738237343192763,314.8623305468595,2.8562133548493867,0.4551667705000247
2009-03-06,0.09273839045495016,4.47,KERVILCO,0.0,336.24688401523224,59.68770110992335,2.122222222175376,-5.051093467781141,349.99636951817337,2.264660177336037,0.3485919814965303
2009-03-07,0.07261395225779096,3.5,KERVILCO,0.0,390.132246220244,59.68724389127169,-1.3169591605035045,-9.593159300488152,244.3967911842552,1.539638764060661,0.2038813974119606
2009-03-08,0.08838155331948272,4.26,KERVILCO,0.0,561.8887305693684,59.68724389127169,3.7623360231397256,-11.901443534570024,126.02848538273106,1.91224095458092,0.2695864743980876
2009-03-09,0.08236496870383718,3.97,KERVILCO,0.1972516720388016,452.30406684693975,59.517948508226944,4.296474339588047,-5.827184131564303,213.86449980630263,1.7632711387855604,0.2358830721415972
2009-03-10,0.06784217825227899,3.27,KERVILCO,0.0,459.3550155643204,59.517948508226944,-2.48202688163394,-12.614331631845957,150.9909236154312,1.2092205379624994,0.1274454836955816
2009-03-11,0.07489610504303582,3.61,KERVILCO,0.0,580.1206097359911,59.517948508226944,5.594309322520869,-10.997639049543867,112.41008316892574,1.6971697529510057,0.2496681326415701
2009-03-12,0.0744811681729913,3.59,KERVILCO,0.0,505.7044056902583,59.517948508226944,3.927571129467629,-8.250040604847568,163.37829123514118,1.9210567160147145,0.3209570280746162
2009-03-13,0.0703317994725461,3.39,KERVILCO,0.0,444.2064250448311,59.517948508226944,-0.0925789464565477,-9.816674651673091,177.88221480951054,1.5806851715403851,0.224014391965376
2009-03-14,0.0744811681729913,3.59,KERVILCO,0.0,576.5866354579621,59.517948508226944,3.811490474200799,-11.739676205141054,102.344944011288,2.041803263173176,0.3020865762709961
2009-03-15,0.07655585252321391,3.69,KERVILCO,0.0,536.5248795055811,59.517948508226944,4.354065078235515,-8.848478255710337,135.3478552476923,2.479662706632115,0.3606496491248444
2009-03-16,0.08008281591859233,3.86,KERVILCO,0.0,558.26889201281,59.4370324506541,8.532076478936677,-5.966158513320528,152.1786595401952,2.754739165286258,0.4513089965484348
2009-03-17,0.08775914801441595,4.23,KERVILCO,0.0,512.4183827018402,58.258817633949086,9.036770483677188,-3.194005520069034,200.6358305113688,3.005613707158457,0.5234656857415201
2009-03-18,0.09232345358490567,4.45,KERVILCO,0.0,531.1339631125215,57.01604530884381,9.863803207860416,-3.042799916133632,193.3074455386901,2.8004649183142507,0.5398120036079882
2009-03-19,0.099792317245707,4.81,KERVILCO,0.0,547.8967900697152,55.903960407809656,10.358350480115735,-3.351205620947054,182.4897368499227,2.8462291683540912,0.5565989847421401
2009-03-20,0.10124459629086284,4.88,KERVILCO,0.0,504.3072160972995,53.846861896703416,10.951733709163134,-1.1022508432296212,229.5725114402278,2.9106786300257674,0.6562616558865317
2009-03-21,0.09896244350561796,4.77,KERVILCO,0.0,519.4316327627962,51.91085972614104,11.124468358494212,-1.390262225597243,216.8377221547873,3.2781757217513348,0.688728373096944
2009-03-22,0.11680472891753232,5.63,KERVILCO,0.7037955469579128,523.1799827530747,50.73935575435405,10.196563838789784,-3.2099557459792734,193.3707387311769,3.646621749260744,0.6079251890705968
2009-03-23,0.11307029708713165,5.45,KERVILCO,0.0,345.7799912704961,50.62503952634287,-0.3400785241775979,-7.325848072056191,241.4406537704668,2.455807514882661,0.3271711586042434
2009-03-24,0.09232345358490567,4.45,KERVILCO,3.524609495830164,364.0581662083883,54.110928352222416,1.0288060283045573,-9.07490103402902,199.46395142082923,2.096532356869554,0.2565462417393047
2009-03-25,0.08962636392961629,4.32,KERVILCO,3.122254821100687,321.06355164949247,57.23260845004579,-1.8761931301959656,-9.87095805714918,223.7333659142576,1.7713904589853935,0.2081164949098199
2009-03-26,0.07489610504303582,3.61,KERVILCO,10.073439104918576,409.0939738971258,67.3071563521787,-3.2325034256444254,-15.89542075984788,131.55421488222632,1.509783638019117,0.16340952048346
2009-03-27,0.08506205835912656,4.1,KERVILCO,3.9740897284137686,449.039830157588,71.28019120304373,-1.885774177623236,-17.071361061816713,122.8618689043852,1.0136056437015866,0.0887137268482746
2009-03-28,0.10829852308161966,5.22,KERVILCO,0.0,588.5516207266169,71.28019120304373,1.1495264659811977,-13.175815418490057,132.75441941976638,1.681615545751172,0.1696833762942441
2009-03-29,0.08775914801441595,4.23,KERVILCO,2.6707221407139943,453.6349185794954,73.95080861004055,6.629966719278039,-9.104328329426444,200.14218650864328,2.536717293897265,0.334745072161337
2009-03-30,0.07427369973796906,3.58,KERVILCO,1.9735536314850777,366.12691417855456,75.92428000090482,-5.909069220986661,-14.22487207109776,185.3557266499896,1.9006022475157789,0.2356875356393251
2009-03-31,0.0771782578282807,3.72,KERVILCO,3.614533623999746,416.81793943663286,79.53855602953313,-2.2236328311558933,-14.54509735618359,163.0873656375551,1.2864691951339065,0.123686766632434
2009-04-01,0.08692927427432691,4.19,KERVILCO,3.895458037561833,368.5889305857858,83.43450784760978,-3.656929544221188,-12.71330133451884,203.1167916879968,1.328922847095518,0.1253799227464298
2009-04-02,0.07489610504303582,3.61,KERVILCO,2.207029726631348,576.976855902786,85.64109323768227,2.5075601636030806,-14.194481709337389,130.12620349808,1.285262370146451,0.1054500245477186
2009-04-03,0.0703317994725461,3.39,KERVILCO,0.0,498.7734353684105,85.38490589404996,5.017398440317405,-5.411754680669217,272.046323269688,2.1000710213697285,0.2749027709275299
2009-04-04,0.06514508859698961,3.14,KERVILCO,0.4685933843578841,480.1745123926533,85.85364835351399,-1.576140890605601,-11.470008295905965,197.0439617036008,1.9786458085100656,0.239187008938628
2009-04-05,0.06348534111681153,3.06,KERVILCO,0.0,601.2883492147012,85.85364835351399,-1.109784036455396,-14.830779988739302,123.48067718827784,1.4961566806755893,0.1692299278493467
2009-04-06,0.06804964668730125,3.28,KERVILCO,0.0,692.8924755324804,85.85364835351399,6.086843020999052,-14.599714230651696,92.43328878240166,2.6302684081191416,0.3604216813626596
2009-04-07,0.07634838408819165,3.68,KERVILCO,0.0,629.9432148778069,85.85364835351399,8.586632671699261,-7.03138065542827,168.32474924692846,3.359432447024467,0.5344279946693706
2009-04-08,0.08941889549459402,4.31,KERVILCO,0.0,608.9415322971131,85.30970924917956,9.958907190945972,-4.710034922043507,200.62761050253465,3.7630781217770375,0.6387685999035745
2009-04-09,0.09626535385032858,4.64,KERVILCO,0.0,476.3863916165112,85.23560487815043,2.814974874752788,-7.093417534078126,234.48528156938707,2.713666339352351,0.3537021039050017
2009-04-10,0.09336079576001696,4.5,KERVILCO,3.851124773017262,465.7514798237773,87.61912128900013,7.856535237718749,-6.35955145304217,223.34011792836705,3.088461867656444,0.4955948444576035
2009-04-11,0.1087134599516642,5.24,KERVILCO,12.529959098467089,263.26786712903413,87.75088018963396,2.1616491932012964,-4.730405969352541,390.813342597329,2.78637154894674,0.4152679827216382
2009-04-12,0.09647282228535085,4.65,KERVILCO,10.449915794940493,234.5950215967288,88.76723219767527,1.3755229485966645,-4.57842933022874,431.3325440947979,2.03056644757081,0.2139572822094789
2009-04-13,0.11369270239219843,5.48,KERVILCO,0.0,591.3901334000105,88.72533963716815,5.612598247164868,-7.271086134111971,234.5808857684248,2.5952710059910054,0.3112604729170483
2009-04-14,0.1153524498723765,5.56,KERVILCO,0.0,515.1304967793358,87.81976941372014,6.662572932169566,-3.843558628615998,324.97900711531275,3.085097921751077,0.5139834546369665
2009-04-15,0.11141054960695357,5.37,KERVILCO,0.0,497.3895694671354,86.10106093281104,7.972890761611759,-1.906769494121929,375.3057468146844,3.70478746007276,0.5623023261552185
2009-04-16,0.11390017082722069,5.49,KERVILCO,10.329657256030025,405.6575720668582,92.64918958043138,4.607448021074484,-6.312619206306441,323.3092565504446,2.4649339775202748,0.3422163550519358
2009-04-17,0.08630686896926013,4.16,KERVILCO,32.88387700440399,285.9580672883158,123.75214343683317,-1.6581325028999725,-8.339550761897879,327.6923801315109,1.939427669125823,0.1922486508011318
2009-04-18,0.14647271512571547,7.06,KERVILCO,4.429974058020241,420.4122531582786,128.18227586964875,2.8457395764822286,-7.895271371594723,329.0567242789715,1.9384204541294872,0.1918705092690788
2009-04-19,0.1406635989450922,6.78,KERVILCO,0.0,634.2559321638564,128.1079644061679,6.3479537960495325,-6.724414814554286,302.0201557803396,2.918583675611554,0.3779024999582652
2009-04-20,0.18692905995505615,9.01,KERVILCO,0.0,664.3073079597694,127.19633702815128,10.630026623451482,-3.833561274097794,345.07351647808264,3.729820972988283,0.5574185147334575
2009-04-21,0.21161780372270508,10.2,KERVILCO,0.0,657.9248218458308,125.15804086117562,13.226221141527672,-1.14640210912488,408.35652044925325,4.162976769781213,0.7216650192017429
2009-04-22,0.23443933157515373,11.3,KERVILCO,0.0,611.3499167077587,122.64879710633588,12.776579493155504,-0.0269292230183514,463.44514867023446,4.432325777430404,0.8312508591712724
2009-04-23,0.24273806897604408,11.7,KERVILCO,0.0,610.1506384377681,119.93773268123688,13.393060859080888,0.4543040160515924,476.9845611845443,4.392559015367286,0.8550600917072514
2009-04-24,0.2448127533262667,11.8,KERVILCO,0.0,587.9923575275224,117.10844876256776,12.92565135772381,0.7362859809295714,498.060972922773,4.564814727360554,0.7725531613980273
2009-04-25,0.27385833422938305,13.2,KERVILCO,0.0,620.2448586101544,115.62587140133364,10.557018744775352,-2.469174074380772,394.6233411927752,3.8874532944834552,0.6327836119457434
2009-04-26,0.28838112468094124,13.9,KERVILCO,0.926202787499607,550.5041567356328,116.11990782526792,5.565639112833586,-5.954472735949133,340.1189834388067,2.7258039456049152,0.3500135280674124
2009-04-27,0.28423175598049605,13.7,KERVILCO,0.0,672.5855836642653,115.97270656408742,8.639217997425579,-6.259381070247623,290.6180746433862,2.2669232140396334,0.2606668080370309
2009-04-28,0.2925304933813864,14.1,KERVILCO,0.0,554.5405245997982,113.54112631556386,10.690424285741546,-0.2111427227589229,487.7383460375257,4.026951905768754,0.6531483424526654
2009-04-29,0.31120265253338986,15.0,KERVILCO,0.0,617.9255492306959,110.80469458596902,13.46125950254278,0.518600711441308,470.95653938089606,4.5925254511724525,0.8238198426034716
2009-04-30,0.37551786739029047,18.1,KERVILCO,0.0,662.2612954116514,108.6054073793254,14.106002466844672,-0.7167684914055369,408.8932957516737,4.259309626495156,0.7072191710861021
2009-05-01,0.4522811883485266,21.8,KERVILCO,0.0,567.3256449519623,105.4046437179962,13.44905726673448,1.7469292111985637,537.6148551450165,4.184987137136846,0.6379730126027964
2009-05-02,0.512447034504982,24.7,KERVILCO,7.9628541477428465,284.39325367689963,102.89447388554258,7.118643349026102,0.1260819957710259,612.1251455370922,3.11673423246728,0.421193978326586
2009-05-03,0.48547613795208816,23.4,KERVILCO,3.3919064321437347,360.20164761247054,101.0347604647218,7.457107593063458,-1.413336666950969,540.691581711603,2.779669991483992,0.3133677247265707
2009-05-04,0.4585052413991944,22.1,KERVILCO,0.0,400.92881906463776,98.59944809336406,7.415042781938131,0.1086559541406804,587.6017421668969,3.3878746361650136,0.4058610748502483
2009-05-05,0.460579925749417,22.2,KERVILCO,0.0,581.3770201893357,96.00981336944112,12.05720774927718,0.5237170141955778,513.4769625299914,3.066134523819388,0.405060283002439
2009-05-06,0.512447034504982,24.7,KERVILCO,0.0,651.3805421022709,93.0287094293016,15.561291773598276,1.500717445413629,496.5912634109579,4.715439659684935,0.7308910278896181
2009-05-07,0.6597496233707865,31.8,KERVILCO,0.0,635.9631435438337,89.49152727467592,16.450532446668923,2.9868696552914304,553.971738732225,5.332034804548012,0.8508335998032851
2009-05-08,0.8070522122365911,38.9,KERVILCO,0.0,627.5895620328743,86.92691118304401,13.556250445819185,0.6044650786477245,484.7148488418485,4.7377464546664925,0.6997479344302099
2009-05-09,0.8734421114437143,42.1,KERVILCO,0.0,667.6120476801578,85.04343584318424,13.54454096330509,-1.094121988679036,414.4246483624729,4.441394493181669,0.7108090816153126
2009-05-10,0.8568446366419333,41.3,KERVILCO,0.0,607.4312580661217,82.23813353676208,13.501452494284854,1.2097833677387504,511.794677052957,4.599417285440623,0.7435038079577105
2009-05-11,0.8838155331948272,42.6,KERVILCO,0.0,648.0124392374113,79.19716086617238,15.991124728337605,1.796329242356717,490.5691193734893,4.7599258522658765,0.8073957853557501
2009-05-12,0.952280116752173,45.9,KERVILCO,0.0,603.9040166933498,75.41657411230612,16.442682450680298,3.646259369816361,563.9132290495155,5.285202120684184,0.8566963047990149
2009-05-13,1.0331928064108542,49.8,KERVILCO,0.0,568.2961377685929,72.12234864143369,13.961954340808296,2.479647263302588,553.1422498977894,4.957235486760264,0.7659158857347705
2009-05-14,1.0207447003095187,49.2,KERVILCO,0.0,611.9492942137528,68.97265661447476,15.141214283201878,2.0621899380621818,499.6104435356623,5.024781924016679,0.8116215347751817
2009-05-15,1.0518649655628578,50.7,KERVILCO,0.0,612.0161426502681,65.95677353386826,15.02574489109608,1.8404795258830309,492.65342101411017,4.8199094257149735,0.8086949788069415
2009-05-16,1.0435662281619673,50.3,KERVILCO,0.0,605.8985864766797,63.39829363232188,13.799118842988486,0.8413856401605648,470.6735950962627,4.326246187137982,0.6531828783430446
2009-05-17,1.0062219098579606,48.5,KERVILCO,0.0,661.959804625675,60.64144062748574,17.652259471924157,1.4357598680269104,438.90240824810064,5.069646585936127,0.9003766917622249
2009-05-18,1.0331928064108542,49.8,KERVILCO,0.0,613.5187925095208,56.77105370193795,19.175776176335848,4.763172259850731,575.3264376646127,4.839217001069013,1.1238911077704974
2009-05-19,1.0622383873139707,51.2,KERVILCO,7.374433095536653,435.38747017338585,53.36466168879363,16.664237070478727,4.057930858820467,692.8048091072327,5.173197915536514,1.051276201232095
2009-05-20,1.0497902812126352,50.6,KERVILCO,6.086961171911947,458.9590888228863,50.37372875696792,16.54009720578669,3.1586675960261283,654.3534324554346,4.773296437221124,0.8393212789557134
2009-05-21,1.128628286521094,54.4,KERVILCO,22.31372322677111,227.12549698481732,47.6950969325735,8.291132438687024,2.5179937437206696,734.6906432262581,3.558497556461589,0.556144460485817
2009-05-22,1.2178397135806658,58.7,KERVILCO,11.41577383055789,306.83380735507205,45.17330306149382,10.275387846964586,2.375798149892038,727.4697620470167,2.871752105708574,0.3505482787504947
2009-05-23,1.392113198999364,67.1,KERVILCO,10.001267475786868,250.6346426980912,42.45137887996472,9.66786661038902,3.318630651445808,777.4472465473248,2.4127950942606384,0.228134745789036
2009-05-24,1.5394157878651686,74.2,KERVILCO,5.600622596925105,232.7708160698956,40.220899035397416,8.2387055247196,2.4379667834817025,730.9056884363476,2.7609664601480906,0.3334487169844146
2009-05-25,1.5497892096162815,74.7,KERVILCO,4.285109660878625,363.88418095609546,38.28569555459914,11.045913944886706,1.496831718646367,680.5891186805353,3.1264188041393792,0.3603661614692547
2009-05-26,1.4356815703540386,69.2,KERVILCO,13.182508777062283,222.89785854800013,36.497170166891394,6.564546590239975,1.1686636006271107,666.7722218399782,2.5215525410940227,0.2367830978620509
2009-05-27,1.25310934753445,60.4,KERVILCO,7.585112337264632,399.8763139670211,34.84513175245141,11.560634550455308,0.8051469122809912,649.7426267993742,3.714493463132304,0.4290433913545677
2009-05-28,1.0954333369175322,52.8,KERVILCO,6.391752690151208,441.854277450421,33.2447124011687,13.61242026928233,0.5855665357228632,635.1591459009429,4.02308853451438,0.6091109180947494
2009-05-29,1.0746864934153064,51.8,KERVILCO,2.518698548148792,514.3634214748746,31.51321704304122,12.920051600793364,1.42759608673257,662.9397626492646,3.970074075386452,0.6597863099183587
2009-05-30,1.0643130716641933,51.3,KERVILCO,0.0,558.2521867518822,29.62984294297672,13.724159927154902,2.045421451402581,674.8488229535344,4.08773647668195,0.6546711589057477
2009-05-31,1.0435662281619673,50.3,KERVILCO,2.46734185124161,450.5275772753295,27.91385683856953,13.748176721038012,1.862168646931985,684.4374044897602,3.959867570155165,0.5313230257637906
2009-06-01,1.0373421751112997,50.0,KERVILCO,4.684081734938494,297.0334556797674,26.25413261500299,9.722229217166753,1.9867631566938653,705.519414653374,3.494125264325099,0.4930766942889746
2009-06-02,1.0477155968624126,50.5,KERVILCO,9.328617690442655,325.92181711703705,24.767263728416303,9.893224851172173,1.6329949174475744,688.8754855048012,2.808479372362008,0.3123659849665708
2009-06-03,1.0539396499130802,50.8,KERVILCO,3.690312473068881,399.071782258897,23.39362122380734,12.359809283293693,1.356353186089638,672.7571490201686,3.652492320714887,0.4303526966858458
2009-06-04,0.9709522759041763,46.8,KERVILCO,0.0,577.245408093107,21.899021821705773,15.022856851436664,2.0316698224672423,681.0765813493855,4.705998047017556,0.7592102851884657
2009-06-05,0.9751016446046216,47.0,KERVILCO,0.0,529.2068105335024,20.23417878704124,14.34180399015745,3.0551632229732264,747.1910600408663,5.085262836495524,0.846499632314963
2009-06-06,0.9439813793512826,45.5,KERVILCO,0.0,529.7790599720305,18.81095456494289,13.723716687538872,2.658013707602473,735.9174414684813,4.93672779455252,0.7157777087794999
2009-06-07,0.8755167957939368,42.2,KERVILCO,0.0,463.7019154849272,17.651836894786538,10.24565640345877,1.065256064879811,658.7439516924421,4.080180000978788,0.5267759323971019
2009-06-08,0.7510357347805809,36.2,KERVILCO,0.0,574.9748075143189,16.60260922122306,13.256241042103603,0.5372137343541665,616.3278308528336,4.3821939109411145,0.6226861191202111
2009-06-09,0.6556002546703413,31.6,KERVILCO,0.0,438.6908717074692,15.300223655046404,11.36045890168451,2.9697717199804488,759.2128584592232,3.71768370437438,0.5362224047768949
2009-06-10,0.6701230451218995,32.3,KERVILCO,8.05955974904397,322.9343358620261,14.30588992977812,9.68614556800426,1.5744876992286554,687.1493148110615,3.121897474096436,0.3400769569015689
2009-06-11,0.6182559363663346,29.8,KERVILCO,3.354962896330417,344.38559805081854,13.412054797757396,9.761255522321084,0.9838750847670128,657.4689072501715,3.523896556698557,0.4725298845114629
2009-06-12,0.5518660371592113,26.6,KERVILCO,0.0,570.2159912824307,12.381802851152296,13.841904337221854,1.3993497690751375,661.2393914760596,4.117741788351168,0.5897691262273722
2009-06-13,0.5041482971040916,24.3,KERVILCO,0.0,600.7463417029103,11.372488204016555,16.83158298467171,2.588463612643361,702.239808554705,5.064283633580411,0.8042819684648481
2009-06-14,0.5186710875556498,25.0,KERVILCO,4.196102978968904,412.35684299764137,10.40358220895789,14.856206778373064,2.7920941096098604,747.1116796372113,4.342931795626416,0.6473432432734064
2009-06-15,0.49584955970320116,23.9,KERVILCO,0.0,529.7203166502527,9.52862804780399,13.837961160023124,2.728876239656193,736.2007261788264,4.4940947761496295,0.6073935301947457
2009-06-16,0.46887866315030746,22.6,KERVILCO,0.0,572.7021657055079,8.612406599216584,16.11834080157147,3.210462222301299,746.7120824733047,4.636931338051125,0.8046245491388443
2009-06-17,0.4668039788000848,22.5,KERVILCO,0.0,589.1172253710033,7.682709677045405,17.89961461115469,3.84876477004708,768.3849051522081,5.008991228491252,0.8183216010527322
2009-06-18,0.4647292944498622,22.4,KERVILCO,0.0,555.3777586464827,6.987620012005897,15.636086384177675,3.357840673671038,759.6158336654511,4.768623492399678,0.6645464134142527
2009-06-19,0.4481318196480814,21.6,KERVILCO,0.0,614.1294018267904,6.45173873784661,18.442181377989098,2.622431206622262,695.2904585743461,4.682206982364472,0.7050739237700543
2009-06-20,0.5269698249565401,25.4,KERVILCO,12.767237732356564,253.49629361622112,5.830847935834698,10.866160239464378,4.414292041773266,839.3257717393942,3.317194422494672,0.4873232132596885
2009-06-21,0.5103723501547593,24.6,KERVILCO,0.0,560.4443659320824,5.260112131992866,16.66527666408827,3.6502625589771234,777.4335458780948,4.6922368891905375,0.6346851817256682
2009-06-22,0.4626546100996396,22.3,KERVILCO,0.0,588.3795631451598,4.601541737257227,20.845906983095933,5.516145544120992,865.1196543715856,5.425637494870728,0.9792550178951626
2009-06-23,0.4626546100996396,22.3,KERVILCO,0.0,553.7122295235308,3.881269513650296,20.260603021565416,6.463532670437327,934.208223002504,4.898390210324218,0.9657077188579254
2009-06-24,0.47095334750053,22.7,KERVILCO,0.0,559.6322809085883,3.229663576081226,20.883974869363666,6.63320290104156,940.8581551478864,4.155020703587421,0.7469479032377762
2009-06-25,0.4585052413991944,22.1,KERVILCO,3.448863933917144,384.7009518419516,2.6247948786489683,19.991791597710154,7.953628174608302,1067.7192129540265,3.988314447750137,0.6526850046972592
2009-06-26,0.5290445093067627,25.5,KERVILCO,6.5177718034453385,308.29999309604665,2.205440055736508,14.381364331349037,5.494656411063347,905.8182568576292,3.32956173655507,0.4305767260182182
2009-06-27,0.47925208490142046,23.1,KERVILCO,0.0,561.6371016907162,1.8362074313010124,18.90130453927557,4.535915945489525,816.4238457667216,4.648896431796765,0.6554844289237598
2009-06-28,0.439833082247191,21.2,KERVILCO,0.0,539.4454384841506,1.4347023305581628,19.243137885756926,5.768350141067714,892.6100531968378,4.860306839614316,0.8035900100075398
2009-06-29,0.4128621856942972,19.9,KERVILCO,0.0,550.8281171946657,1.0817097542087657,20.503345303819334,6.117821047101447,901.6550726151612,5.140490260855226,0.9515828962199268
2009-06-30,0.3713684986898452,17.9,KERVILCO,0.0,559.8741774440809,0.8725879324132689,21.33650725022168,6.23577483821949,897.3590706671058,5.015998853882961,1.068276555164258
2009-07-01,0.3443976021369515,16.6,KERVILCO,3.304110678732801,407.51882151498046,0.6671807951849592,21.993517936,7.252920708518743,1016.4981150635228,5.169990233052278,1.0742681252770343
2009-07-02,0.32572544298494804,15.7,KERVILCO,1.0397314553030566,459.3567453527653,0.4977661278762658,20.001255879239203,7.013044822299735,977.256659715268,4.818296413215987,0.9614452072290456
2009-07-03,0.32157607428450286,15.5,KERVILCO,0.0944005194164458,440.43174448388106,0.3416488652998729,17.82569199294513,7.453948616572917,1031.2739955479008,4.223393896868422,0.6798415854764157
2009-07-04,0.2925304933813864,14.1,KERVILCO,0.0,525.0237445118527,0.2029310103147217,20.143608198654302,6.476614425346654,934.5596930733705,3.866436130254504,0.600952781336442
2009-07-05,0.27800770292982824,13.4,KERVILCO,0.0,509.5910793173821,0.1299457610980401,18.74401545872892,5.78256895726923,901.147200050848,4.108347173562394,0.6027064434805908
2009-07-06,0.2593355437778249,12.5,KERVILCO,0.0,511.5887875164223,0.0823177281030898,19.30369674253812,6.133449469519981,920.756821683574,4.936382046769627,0.944281070741186
2009-07-07,0.2468874376764893,11.9,KERVILCO,0.0,549.4150724509709,0.0500868523776608,21.15785024446249,5.7043232807823205,869.981800545599,5.674910164082502,1.184507960345098
2009-07-08,0.2240659098240407,10.8,KERVILCO,0.0,529.454313059035,0.0176619748808033,22.66592096126456,7.848495203795513,1010.4542851046452,5.843565910613296,1.1636320305407724
2009-07-09,0.21369248807292773,10.3,KERVILCO,0.0,483.5089358618913,0.0014338956958684,21.62608336120243,8.804236092252793,1104.288022119802,5.726890073132468,1.1669879763746247
2009-07-10,0.2074684350222599,10.0,KERVILCO,0.0,535.262475193132,0.0,23.34807927994629,7.938207397024265,1009.7163649595168,5.505709785291831,1.2002950143462623
2009-07-11,0.18983361804536783,9.15,KERVILCO,1.6215753202620682,489.6734308034171,0.0,22.819286939248965,8.112174312658453,1034.223266652339,5.117008770814511,1.1733115206288085
2009-07-12,0.1952277973559466,9.41,KERVILCO,0.9621154012816836,466.2777410725986,0.0,20.50094140733104,8.187552830434385,1046.3244873648068,5.2610000730024975,1.1718005701026315
2009-07-13,0.19750995014119144,9.52,KERVILCO,3.1892842129857155,354.1636036761189,0.0,20.939282289594946,8.293901055344158,1094.772143563218,5.355871936453071,1.199285148788834
2009-07-14,0.1887962758702565,9.1,KERVILCO,0.0,498.43466631628576,0.0,22.004123567245617,8.228107563973522,1030.9589892881156,5.989140548831727,1.2362568122444646
2009-07-15,0.16182537931736274,7.8,KERVILCO,0.0,479.3088911519282,0.0,21.15764934256337,8.265755925907325,1053.6463952422646,5.150232166526902,1.1818857981751576
2009-07-16,0.14730258886580452,7.1,KERVILCO,0.0,517.2013130595468,0.0,22.876923582771333,8.03527740180078,987.489539933805,5.822590868388401,1.221176771493859
2009-07-17,0.13589182493958024,6.55,KERVILCO,0.0,511.9078886205949,0.0,22.47184120929204,7.995286355934653,923.401498450356,5.828123483168798,1.2347696396992025
2009-07-18,0.13070511406402374,6.3,KERVILCO,0.0,523.5642708878063,0.0,23.143412118854428,8.049689913314891,903.872796228914,5.758214734714601,1.2690669829339805
2009-07-19,0.12240637666313335,5.9,KERVILCO,0.0,525.0954267850854,0.0,23.38750095449309,8.227788423374012,913.1681714591869,5.043498053589914,1.242027033038204
2009-07-20,0.12116156605299978,5.84,KERVILCO,0.0,487.83278240427137,0.0,21.196638402690983,7.726607746484652,924.9500313354832,5.350520398818231,1.0624629415167313
2009-07-21,0.12448106101335596,6.0,KERVILCO,0.0,500.704906768154,0.0,20.1191584917873,6.203883380240274,830.7994279719594,4.776059180003252,0.8720721284631748
2009-07-22,0.12780055597371212,6.16,KERVILCO,0.0277934176866863,541.058044395004,0.0,21.023328038936945,5.067914198410541,737.9463969316946,4.988911099015154,0.945340074113092
2009-07-23,0.12157650292304431,5.86,KERVILCO,0.0,518.9036394304408,0.0,22.55046714158674,7.4285235154894975,877.4840654554256,5.226899660493267,1.1644342399025107
2009-07-24,0.10995827056179774,5.3,KERVILCO,0.0,530.0192913420883,0.0,24.55688235787583,8.599160430522687,930.1498656345088,4.914305258398626,1.4889123564627142
2009-07-25,0.10539396499130803,5.08,KERVILCO,2.2300282976384653,448.5914092547391,0.0,23.381358354818616,8.911249209511862,1028.5788513490284,4.755131398733791,1.1716827908326597
2009-07-26,0.13485448276446893,6.5,KERVILCO,9.2839422967921,329.49717641467834,0.0,19.05819040488684,7.109579716279048,1010.0968022757309,3.3216463535075023,0.5438671041112554
2009-07-27,0.11887941326775495,5.73,KERVILCO,0.0,518.5947518155904,0.0,20.802698096659046,5.597193449905227,807.8982219992455,4.502320053533707,0.8361223060844118
2009-07-28,0.09771763289548442,4.71,KERVILCO,2.6803886637362884,398.1312687711897,0.0,20.85829198956668,6.155994119368388,909.844609579974,5.345371553613908,0.9869799831894084
2009-07-29,0.09605788541530634,4.63,KERVILCO,1.5792249869532304,470.0339658715033,0.0,18.45536023522965,5.475904291558596,849.0556991631479,4.896982020671063,0.8132635888246161
2009-07-30,0.09377573263006146,4.52,KERVILCO,0.0,454.84742325071306,0.0,16.918694150241176,4.6427570072601965,816.3145551163284,4.159668786121659,0.6099653349181057
2009-07-31,0.10020725411575153,4.83,KERVILCO,4.960340077323823,312.15292302442947,0.0,15.593860168726144,4.684418799789815,853.1896158833857,4.923193488889501,0.826088865197386
2009-08-01,0.0910786429747721,4.39,KERVILCO,0.0,526.9750386815965,0.0,20.63727233415516,4.998468594520779,776.0876465392136,5.087291683525037,0.9078810192940382
2009-08-02,0.07572597878312486,3.65,KERVILCO,0.0,505.19288563608535,0.0,21.72905192851687,6.812994889501193,884.3972206335332,5.401796235660877,1.1619232863813571
2009-08-03,0.07219901538774644,3.48,KERVILCO,0.0,494.8404787778341,0.0,22.554229497552534,7.93280654546842,958.7786887616572,5.580364358424744,1.3371088047090425
2009-08-04,0.06763470981725674,3.26,KERVILCO,0.0,467.4888185192189,0.0,22.184047426813592,8.664119670285645,1031.1175067550369,5.534422593038854,1.3155541831469375
2009-08-05,0.06556002546703413,3.16,KERVILCO,1.2819130806108745,464.4770716696086,0.0,24.00394266340594,7.627838002937629,954.2646833269188,5.186595706788003,1.4000457020187689
2009-08-06,0.0682571151223235,3.29,KERVILCO,0.0,465.75367837708944,0.0,21.78295207536938,8.407000428471708,1022.4190927628435,4.86519201660842,1.010912144587943
2009-08-07,0.06867205199236803,3.31,KERVILCO,0.0,464.08297654952577,0.0,20.271011592869684,7.080653545793084,942.3240348869488,4.949525556859153,0.8554344983141511
2009-08-08,0.05933597241636633,2.86,KERVILCO,0.0,508.6530459163028,0.0,20.24325742090344,5.106430074941782,798.0937111094086,5.230650235244288,1.030688483145173
2009-08-09,0.05663888276107695,2.73,KERVILCO,0.0,533.957321341155,0.0,20.102184177948462,3.4881368396817813,700.7668714649939,4.868139067686623,0.986880529548066
2009-08-10,0.056016477456010176,2.7,KERVILCO,0.0,524.2947100067825,0.0,21.262690064577907,4.962712064185583,777.9710468257839,4.881145364587381,1.0840277739152084
2009-08-11,0.05248951406063176,2.53,KERVILCO,0.0,545.5131261474636,0.0,23.17363550538355,5.1966826212409725,769.2374572845304,4.9042248456776685,1.2806862626415785
2009-08-12,0.05103723501547593,2.46,KERVILCO,0.0,511.37306332144703,0.0,23.529116176264903,7.298160103862049,912.920790860778,4.778978339923862,1.4225442669188613
2009-08-13,0.04979242440534238,2.4,KERVILCO,1.0926428377352628,454.3074285606152,0.0,21.793480668511112,6.494127997677362,911.6091129353374,4.590433765078921,1.2913267517926073
2009-08-14,0.08029028435361459,3.87,KERVILCO,4.241059197058064,215.14177886169773,0.0,13.49614256475814,5.97076070534402,934.5034932639254,3.280449691110276,0.5357756732472215
2009-08-15,0.07551851034810261,3.64,KERVILCO,0.0,438.5535991016608,0.0,17.476640651945722,5.033433164821434,854.0828960152509,4.347244511753117,0.713396713839272
2009-08-16,0.06058078302649989,2.92,KERVILCO,0.0,482.27357888866766,0.0,18.32969282512114,4.0271605038174005,776.7129020517007,4.863087813472048,0.9035718206764124
2009-08-17,0.051867108755564974,2.5,KERVILCO,0.0,468.5212492146732,0.0,19.202048219153543,5.269939789228252,847.8532734869925,4.567847349811031,1.0045518547773544
2009-08-18,0.05207457719058724,2.51,KERVILCO,0.0,430.5500835885717,0.0,17.313016868947507,5.032194959213284,845.2967648641514,5.005662522464025,0.9471148398667424
2009-08-19,0.049170019100275596,2.37,KERVILCO,0.0,494.5570208613701,0.0,19.96240619421284,4.751180018304745,783.29710189699,5.463643967904988,1.0596261618419087
2009-08-20,0.04626546100996396,2.23,KERVILCO,0.0,516.2334217509353,0.0,21.76312135049837,5.314730957373101,745.0488872997122,4.592771726036851,1.0348124810234811
2009-08-21,0.045643055704897184,2.2,KERVILCO,0.0,518.6892670673967,0.0,23.53500705371304,6.713684742742125,778.7013799299167,4.938151165084838,1.252411617448788
2009-08-22,0.044813181964808144,2.16,KERVILCO,0.0,488.294379794218,0.0,23.46848884467765,8.278071256252117,859.751193334694,4.742042025442049,1.3770979966329011
2009-08-23,0.046472929444986225,2.24,KERVILCO,0.0,422.5980186770869,0.0,20.26262282963414,8.01439291150918,907.885909345145,4.4574071111815865,1.039429404280086
2009-08-24,0.06244799894170023,3.01,KERVILCO,6.915375215765807,150.10606438582613,0.0,11.257229695585592,6.097521542812567,941.6384832491306,3.400905069339012,0.6412659656453668
2009-08-25,0.09813256976552893,4.73,KERVILCO,0.0,410.0788603161248,0.0,15.9427067375291,4.71174668202618,730.7002533315439,3.846092204841963,0.7111302803532303
2009-08-26,0.07987534748357007,3.85,KERVILCO,0.0,465.7219127893552,0.0,17.266166796815487,3.8722042384938966,616.5519932520967,4.318412194898302,0.7935526866130732
2009-08-27,0.052282045625609494,2.52,KERVILCO,0.0,471.6000492674417,0.0,18.841747022374072,5.05956675119239,633.0235740903063,4.408966388009298,1.0062164522094823
2009-08-28,0.046057992574941704,2.22,KERVILCO,0.0,497.966234136384,0.0,20.54696773280757,5.3630032321505565,604.3671963858543,4.317329686737899,1.0551269588853345
2009-08-29,0.04460571352978588,2.15,KERVILCO,0.0,476.99358981577024,0.0,20.23813781949003,5.956783132812378,651.828777105938,5.016538167387781,1.244045304215128
2009-08-30,0.04460571352978588,2.15,KERVILCO,4.642684437788996,339.73546231680393,0.0,18.656029825571395,5.493936977935178,772.8287487179186,3.977639956401472,1.065388804578745
2009-08-31,0.049584955970320116,2.39,KERVILCO,0.0,451.9529002224135,0.0,18.56060730182432,5.362673121836931,650.5593817861526,4.664638888272212,1.0045625502101387
2009-09-01,0.046057992574941704,2.22,KERVILCO,0.0,450.9216309365551,0.0,19.47278461844737,6.263888728927644,643.4066863208359,4.1740201577930485,0.9799484212320542
2009-09-02,0.04502065039983039,2.17,KERVILCO,0.0,436.31617735343895,0.0,19.337646724039185,6.743072116868057,662.9265177786633,3.910827197511598,1.0050389105292
2009-09-03,0.045228118834852664,2.18,KERVILCO,0.0682286790855585,432.9032422865748,0.0,18.82270868207518,6.374031126033067,654.9945599987349,3.872518824188608,0.9863328752547532
2009-09-04,0.04751027162009752,2.29,KERVILCO,0.112475458387408,464.53750174589294,0.0,18.45419290349716,4.599565087719522,554.3803129863558,3.790366464928856,0.9270660604523296
2009-09-05,0.049999892840364636,2.41,KERVILCO,0.0,457.61375954050334,0.0,17.096170219199752,3.6813077856738974,536.0906374771614,3.569560536846045,0.7621710298799295
2009-09-06,0.07282142069281322,3.51,KERVILCO,4.989183388201909,356.008350105358,0.0,15.87043756485176,5.161967651494382,704.6005348382527,2.920814624209876,0.5034360427978786
2009-09-07,0.06265546737672249,3.02,KERVILCO,0.0,451.8015373712103,0.0,18.392213590854944,5.04642740113458,608.8370236662128,3.600720625368635,0.6520641682382108
2009-09-08,0.04771774005511977,2.3,KERVILCO,0.0,439.67580148842205,0.0,18.35395498936801,5.592489100808469,646.3143460235441,3.957511340293276,0.8552859205123985
2009-09-09,0.055186603715921136,2.66,KERVILCO,3.4384689417929777,304.4681972257271,0.0,16.985376574148898,5.346628059718396,752.5010338584885,3.204735392615908,0.6618844761441369
2009-09-10,0.0641077464218783,3.09,KERVILCO,0.0,412.4699833372869,0.0,16.686293992554774,5.208198043773354,627.683027742405,3.405328280524857,0.7853054800135443
2009-09-11,0.06908698886241256,3.33,KERVILCO,0.0,463.1439436106812,0.0,17.110175015489926,3.558836665027675,514.6851150102931,3.5665101438611004,0.7902924649422112
2009-09-12,0.05933597241636633,2.86,KERVILCO,8.405207477961955,281.66575095551275,0.0,12.585953896908329,2.463392575050305,661.6703925673365,2.684774783521535,0.4427381011238631
2009-09-13,0.1087134599516642,5.24,KERVILCO,0.0,385.1410165990926,0.0,13.604359955737046,3.181515416960435,608.9378903154677,3.2259875517598227,0.5933277883357818
2009-09-14,0.06618243077210091,3.19,KERVILCO,2.170707144811346,400.4066550578618,0.0,16.664451146323348,3.879580044539327,608.105973381222,3.137570460074111,0.6019160297999054
2009-09-15,0.05995837772143312,2.89,KERVILCO,4.206467003827246,325.537243014187,0.0,16.78779074583295,3.878183767286294,690.499412989292,3.299762944112677,0.6597641527747946
2009-09-16,0.10580890186135254,5.1,KERVILCO,3.625952207404664,230.98954811031447,0.0,12.480390038181984,4.316424406894587,819.4151258940532,2.8186629176246942,0.4362367901065092
2009-09-17,0.10850599151664193,5.23,KERVILCO,0.0,375.4267986864143,0.0,13.338971422474772,3.1662017983159108,657.3910224200891,2.658454603381032,0.4209616778317452
2009-09-18,0.08049775278863684,3.88,KERVILCO,0.0,433.7464920739074,0.0,14.59679812127662,2.099246283046958,560.8541773327388,2.949650162900929,0.6101379669457203
2009-09-19,0.07759319469832521,3.74,KERVILCO,3.255278363577449,355.86725334468844,0.0,15.81458291639001,2.136595455331813,574.8719495867441,3.383329884287389,0.6748839045095746
2009-09-20,0.0771782578282807,3.72,KERVILCO,2.3968912881673616,339.11205018038345,0.0,12.644567565296596,1.5251635646246162,583.4441954506195,3.4835332834654373,0.5744371619798878
2009-09-21,0.08153509496374814,3.93,KERVILCO,4.217464311067914,332.97963155019266,0.8705211071471265,7.054407517599239,-4.65452164773921,402.1462753004951,2.318324001774542,0.304980787881194
2009-09-22,0.083817247748993,4.04,KERVILCO,0.0,388.1922936777335,0.8705211071471265,4.175168557472068,-5.8665235517806575,362.50483559357787,1.7822331515236318,0.2498650925634927
2009-09-23,0.08900395862454949,4.29,KERVILCO,4.80207480534885,254.28120345234063,0.8230398378095779,5.384247457055632,-3.366088674935696,475.2442205245713,1.8287452064271823,0.2702803449826543
2009-09-24,0.10497902812126352,5.06,KERVILCO,2.814703325734021,314.4916863408622,0.7722295349217315,6.51790888756707,-4.272012593016198,424.8964080399259,2.4956376167554546,0.3676258377151431
2009-09-25,0.1039416859461522,5.01,KERVILCO,0.0,427.4113373425255,0.4723426842109554,11.478744431195103,-0.7522388603170718,466.39167153530246,3.205626643543803,0.4795867422052217
2009-09-26,0.09004130079966079,4.34,KERVILCO,0.0,463.8335646133344,0.0542996906522331,16.213728020867233,1.5788818975997758,502.4002476907016,4.109027851306636,0.7985207448009329
2009-09-27,0.07697078939325844,3.71,KERVILCO,0.0,475.85819137272136,0.0036208445544028,19.29504020541508,3.106853019060231,535.638738595072,4.635736985728808,1.015053884786146
2009-09-28,0.07323635756285773,3.53,KERVILCO,0.0,448.6474820624762,0.0,16.856550957691596,2.4900043235277844,546.0905097371659,3.5670099028263382,0.9291027039423356
2009-09-29,0.07178407851770192,3.46,KERVILCO,0.0,433.9803393790695,0.0,16.354784162265645,2.6747219683362267,567.6497679358099,3.602624041288927,0.8206221870937934
2009-09-30,0.07261395225779096,3.5,KERVILCO,0.0,477.2016468213754,0.0,12.65098898622868,-3.908714866168901,340.2090136800401,3.6562314076350817,0.6385901695674142
2009-10-01,0.06638989920712317,3.2,KERVILCO,0.0,392.8936965250303,0.0,3.544999829241411,-7.803451810437374,311.03304484203846,2.642445298432234,0.3617503631898818
2009-10-02,0.06348534111681153,3.06,KERVILCO,0.0,457.0491739065968,0.0,9.044361883112488,-6.243991209692595,305.97645468513656,3.0536122720279857,0.5298759948096178
2009-10-03,0.0751035734780581,3.62,KERVILCO,0.0,429.13647357252296,0.0,11.4589012221748,-2.480997974593083,407.6362202302147,2.9497529897057966,0.5966976249139839
2009-10-04,0.07925294217850329,3.82,KERVILCO,0.0,349.83019792256493,0.0,9.991399256846924,-0.3307716869221811,526.1779232842011,2.815233210645252,0.4691465301875216
2009-10-05,0.07821560000339199,3.77,KERVILCO,0.0,388.9114132287368,0.0,7.016032430039584,-4.711536054860963,379.8774952697602,2.109061953712116,0.3327135023344876
2009-10-06,0.07634838408819165,3.68,KERVILCO,0.0,437.7114849001084,0.0,7.803072759662506,-6.893359287594932,304.32549465306766,2.6517248851622783,0.4670534144076313
2009-10-07,0.07987534748357007,3.85,KERVILCO,0.0,331.2203604818872,0.0,7.848147161700897,-2.0375734510161845,482.55663787901744,1.8807302614578705,0.3741032909698003
2009-10-08,0.07946041061352555,3.83,KERVILCO,0.0308079603987681,322.37776015352364,0.0,5.835993779899238,-3.473723676350586,449.87135213541126,1.9471877942977505,0.2928263938542806
2009-10-09,0.06701230451218995,3.23,KERVILCO,0.0,393.3569019377671,0.0,7.4761641890485935,-5.0173125882691565,370.364628495815,2.605007836939368,0.3896857127405942
2009-10-10,0.0682571151223235,3.29,KERVILCO,0.0,374.1332568455241,0.0,9.671064510103005,-2.2637403069913127,450.846302839941,2.723060531055449,0.4587320749759516
2009-10-11,0.06970939416747933,3.36,KERVILCO,0.0,352.72835976000624,0.0,9.223106734451411,-1.8852900066239588,470.8937685227919,2.8430768400217463,0.4796778247906307
2009-10-12,0.06763470981725674,3.26,KERVILCO,0.0,378.0126752609351,0.0,11.532136039128378,-0.8985661025856713,477.04581771839935,2.692983052690177,0.5176598924877823
2009-10-13,0.07344382599788,3.54,KERVILCO,2.9367318791893458,225.55608583998512,0.0,8.001883124020694,-0.4716102634315015,564.2347825083265,2.195076767178305,0.3752163008660201
2009-10-14,0.07427369973796906,3.58,KERVILCO,0.3971748042156612,251.50554926173027,0.0,8.173386595609449,0.2924311996177685,587.9660256275267,2.2855600369107103,0.3870462227714014
2009-10-15,0.07468863660801357,3.6,KERVILCO,0.0,300.1103992348546,0.0,8.97034476994318,-0.1638943794174476,558.1513550082942,2.594505224548113,0.4331058403820149
2009-10-16,0.07053926790756837,3.4,KERVILCO,0.0,390.59337671490704,0.0,11.750299810518271,-1.7697936860357748,450.9383469620606,2.566007989999447,0.5165917143849963
2009-10-17,0.06991686260250159,3.37,KERVILCO,0.0,387.5353298856869,0.0,12.534457030627486,-1.099157095110154,474.28963530045,2.509436989309768,0.5961127830644183
2009-10-18,0.06721977294721222,3.24,KERVILCO,0.0,362.4842267209872,0.0,14.098002136513294,1.4752520745968667,579.2231227989894,3.2611255929940617,0.7627644237871082
2009-10-19,0.06742724138223447,3.25,KERVILCO,0.0,331.26556708961806,0.0,12.88686800034787,1.77856443645609,616.8307956572298,2.8246141056908,0.632243896822125
2009-10-20,0.06659736764214542,3.21,KERVILCO,11.086461670517483,255.9688710882988,0.0,11.078556084640011,-0.7038997007153768,560.9411245765419,2.2521533238931823,0.4954585017810777
2009-10-21,0.0827799055738817,3.99,KERVILCO,21.77692720815547,89.37792493026747,0.0,0.0838168494830796,-3.2272909294844503,482.4814651863479,1.032629276378346,0.1126748506744768
2009-10-22,0.07800813156836972,3.76,KERVILCO,0.0,263.04952530862323,0.0,2.086373837422371,-5.801387296572353,397.54788248831966,1.3664113572383976,0.2011340819602937
2009-10-23,0.08464712148908204,4.08,KERVILCO,0.0,307.6182680919894,0.0,3.88871620880824,-5.901353027002532,393.384695544552,1.853645352165908,0.2788271268231632
2009-10-24,0.08174256339877041,3.94,KERVILCO,0.0,351.788121715504,0.0,8.6373228854631,-3.5513799859657813,465.58182469501565,2.247665004715785,0.3598045620964765
2009-10-25,0.08319484244392622,4.01,KERVILCO,3.9109397370749193,286.3805895187125,3.9109397370749193,1.7559811722917749,-9.898884547569564,290.3952619810239,1.6815923096665468,0.2740770871225861
2009-10-26,0.06701230451218995,3.23,KERVILCO,0.0,450.22097839658113,3.9109397370749193,2.270932086711092,-14.072995607676251,201.57964572054087,1.7278035636202227,0.3088644243929772
2009-10-27,0.07095420477761288,3.42,KERVILCO,5.559585366684334,255.45407496891525,9.470282169075595,2.924644776556408,-7.197093591750045,356.0782968666401,1.9886453793110823,0.4286381520539417
2009-10-28,0.06659736764214542,3.21,KERVILCO,19.758681588028363,215.3514795640056,29.22883283241844,-3.425438091823942,-11.151706448212543,262.74768028577904,0.7791460737264208,0.0816655578529339
2009-10-29,0.06286293581174475,3.03,KERVILCO,3.643049826927778,301.9229977033224,32.871559739941944,-2.798050651165187,-15.76467769411193,180.61930094104503,0.3882725492220449,0.0283316862613073
2009-10-30,0.09916991194064023,4.78,KERVILCO,0.0,418.3763195818656,32.871559739941944,-1.536602435637631,-14.862786958453336,193.49294069040155,0.627794584528086,0.0536864538923139
2009-10-31,0.08008281591859233,3.86,KERVILCO,0.0,394.8293019857373,32.87043632587807,6.078063978569222,-6.453877422457419,375.2048819761127,1.6550032941954955,0.281597851969066
2009-11-01,0.07800813156836972,3.76,KERVILCO,0.0,409.713854434522,31.811759595898582,10.383979928667646,-3.480629936287572,465.3509287507137,2.4452493738990846,0.5225310079902901
2009-11-02,0.08713674270934915,4.2,KERVILCO,0.0,369.9224141327095,30.86307776311064,7.939946089174573,-3.7400935171987406,459.6422048338137,2.311614816174771,0.517842393182906
2009-11-03,0.08132762652872588,3.92,KERVILCO,0.0,371.84147234227385,29.66463547194685,9.005131247452121,-3.1483068746090943,478.4353840038912,2.908434480618115,0.6241575912593672
2009-11-04,0.07614091565316938,3.67,KERVILCO,0.0,393.57580564375206,27.928766480182745,11.837897592112766,-1.8650064866700145,523.6219332672382,2.3627663514351576,0.7948247771176483
2009-11-05,0.07427369973796906,3.58,KERVILCO,0.0,408.9437137814609,25.89951754893676,14.249969724751814,-1.1695481032397896,547.4198317308006,2.4453655271211847,0.7634849600484737
2009-11-06,0.07302888912783548,3.52,KERVILCO,0.0,352.47606483935,23.8929383442694,10.64055708289238,-1.2227430032717244,553.5210930825962,2.826445752866439,0.6324767962989186
2009-11-07,0.0713691416476574,3.44,KERVILCO,0.0,339.3102389004286,21.457545491051302,11.17086553330834,-0.1999061590585648,598.477170223381,2.243184435828142,0.6222248511222599
2009-11-08,0.06887952042739029,3.32,KERVILCO,0.0,330.9940982978676,19.83824667410622,8.817511935110465,-2.1457705336923603,520.5934525381559,1.9552345448637367,0.5766612348925519
2009-11-09,0.06473015172694509,3.12,KERVILCO,0.0,328.1742776344749,18.861841816683352,7.101426935232421,-3.676023763101441,465.24542847979575,1.5359923882609954,0.4672906733162967
2009-11-10,0.059543440851388595,2.87,KERVILCO,0.0,336.922758613417,17.74963233381344,8.238748499726002,-3.351292802777284,475.5995410615676,1.6641166937029517,0.5477812801197697
2009-11-11,0.06265546737672249,3.02,KERVILCO,0.0,321.4470750645534,16.185068687731434,8.60836314233122,-2.2742141643215827,516.0740235760179,1.835929838425982,0.6064493235220852
2009-11-12,0.06244799894170023,3.01,KERVILCO,0.0,275.3216043651086,14.309846626407538,7.482895721163767,-1.5344061760857817,545.5746385015104,2.1798471824797003,0.4848824611017898
2009-11-13,0.061618125201611196,2.97,KERVILCO,4.023408196844447,199.22341211123543,13.341202293988308,4.789441288804807,-3.6964390641151192,465.2593983985363,1.3299492994884743,0.2478939386301678
2009-11-14,0.062033062071655716,2.99,KERVILCO,7.587586794933788,172.0443571652475,20.63964765700464,-0.9919510148974512,-8.052612902118396,334.6721126691842,1.0033262644304872,0.1869861490969701
2009-11-15,0.051867108755564974,2.5,KERVILCO,2.47438256180682,273.92701089483324,23.113925703916408,-4.582947982983607,-14.201059517180171,205.1619835116972,0.7020509765660374,0.100218594348833
2009-11-16,0.04730280318507525,2.28,KERVILCO,0.0,396.2158755997781,23.113925703916408,0.4348281237769783,-16.081151732358794,174.7120701260291,1.034484852354426,0.169910482688635
2009-11-17,0.06721977294721222,3.24,KERVILCO,0.0,379.18518985559024,23.113925703916408,6.899313528388358,-8.462219575737437,322.81901733646214,1.2649264770602833,0.3490304808841403
2009-11-18,0.0713691416476574,3.44,KERVILCO,0.0,320.12005928625763,23.062575006797584,5.358417365734346,-6.029362105564769,389.57648873136384,1.7699294132320136,0.3778443555201807
2009-11-19,0.06701230451218995,3.23,KERVILCO,0.0,309.2533924150641,23.062575006797584,3.9819826560208336,-6.801692784659652,367.12741552353367,1.2771680161328662,0.2763219378115806
2009-11-20,0.06473015172694509,3.12,KERVILCO,0.0,332.0757210839312,23.062575006797584,5.13524375269367,-7.372878098431524,351.2563339628946,1.1507312314672429,0.3287389773708988
2009-11-21,0.059543440851388595,2.87,KERVILCO,0.0,311.3631676461296,23.062575006797584,3.945549908346224,-7.582078129307987,345.56858015141347,1.3359818347047594,0.2908602674099013
2009-11-22,0.054771666845876615,2.64,KERVILCO,0.0,304.682491335368,23.062575006797584,1.7517220692742628,-9.419856579996916,299.4575433301067,1.0664449057592214,0.1901174163494363
2009-11-23,0.05539407215094339,2.67,KERVILCO,0.0,301.4927536121943,23.062575006797584,-3.91800705892132,-14.756478632632154,196.03675105013127,0.6888840300337232,0.0888755789389775
2009-11-24,0.04937748753529786,2.38,KERVILCO,0.0,362.0557040762637,23.062575006797584,0.157863960412311,-15.3711577188528,185.18028806544416,0.9896954300796242,0.1696150054935924
2009-11-25,0.06846458355734576,3.3,KERVILCO,0.0,329.54134053651774,23.062575006797584,3.635020462779916,-9.5322185533304,296.76303707972187,1.266526789120726,0.2367799266017949
2009-11-26,0.08360977931397075,4.03,KERVILCO,0.0,313.61345217829387,23.06044298054388,5.895664714266629,-6.519840605512586,375.2055430582871,1.625144044958864,0.3788130931705726
2009-11-27,0.10954333369175323,5.28,KERVILCO,0.0,337.4649190989982,23.06044298054388,6.868113527726084,-7.564026484112269,346.1120609317595,1.6677171886433364,0.4076057267539699
2009-11-28,0.09792510133050668,4.72,KERVILCO,0.0,244.73925196510007,23.06044298054388,1.9147089930465515,-7.010573682711729,361.2851153222626,1.0995101694981235,0.2902855494938445
2009-11-29,0.09543548011023954,4.6,KERVILCO,0.0,256.85853688215707,23.06044298054388,0.4589607699763265,-8.92421817620865,311.28876957958914,0.6848910106330827,0.1579570974249069
2009-11-30,0.08402471618401526,4.05,KERVILCO,0.0,328.0399248137705,23.06044298054388,4.785431760078874,-8.930232282906836,311.1261678226443,0.985696434455007,0.2434420028015213
2009-12-01,0.05248951406063176,2.53,KERVILCO,0.0,305.00892944478124,23.06044298054388,2.511148371974623,-9.724004880834002,292.2713978521669,1.4465645287724045,0.2863620722420992
2009-12-02,0.04854761379520881,2.34,KERVILCO,0.0,320.25381424027887,23.06044298054388,-4.695618782002678,-17.67194400646577,153.41978687297683,0.6129504564792155,0.0894162987657408
2009-12-03,0.15228183130633877,7.34,KERVILCO,0.0,271.50127217507105,23.06044298054388,-12.455370833229454,-22.466042407256936,101.05080249277728,0.540407636321042,0.0849099372395855
2009-12-04,0.06867205199236803,3.31,KERVILCO,0.0,331.1139241105877,23.06044298054388,-8.73194268796175,-22.63077689345349,99.44930399352394,0.7299879801768812,0.1044542148172774
2009-12-05,0.017012411671825312,0.82,KERVILCO,0.0,290.6186157614493,23.06044298054388,-3.302197266275968,-14.57053408835844,197.66191902578285,0.8830020212876432,0.167935848549469
2009-12-06,0.017219880106847572,0.83,KERVILCO,0.0,239.80628030005244,23.06044298054388,-9.060578975037712,-17.704601210407926,152.33135285107278,0.5617425464680539,0.08925609910527
2009-12-07,0.03215760742845029,1.55,KERVILCO,7.50723070414593,173.1134539899928,30.567934488925687,-5.80312467981252,-14.152413555272332,204.53833710505864,0.5366973607293232,0.0845665132697489
2009-12-08,0.016182537931736272,0.78,KERVILCO,5.701141383841427,245.52461281722773,36.26947582746671,-5.278811372015499,-19.331296022099146,133.07708160191194,0.6590106084346293,0.0865410848588474
2009-12-09,0.040456344829340685,1.95,KERVILCO,0.0,243.25813936082025,36.26947582746671,-13.571500135528828,-22.274391249719223,102.42974223610108,0.6359231656555536,0.0849619595407259
2009-12-10,0.02531114907271571,1.22,KERVILCO,0.0,300.41666434263504,36.26947582746671,-8.841846202836889,-20.49358763251581,119.69605846493256,0.7741277269514021,0.1153248581140395
2009-12-11,0.1748958907237651,8.43,KERVILCO,0.0,299.31269527045725,36.26947582746671,-4.3932415005181,-16.13794287119582,173.53318895282402,0.912163833019432,0.1637970473173395
2009-12-12,1.4916980478100488,71.9,KERVILCO,0.0,233.04029432110588,36.26947582746671,-2.8601870236985976,-11.43352601449703,255.1978530266857,0.7848283060774948,0.1327433978223804
2009-12-13,1.226138450981556,59.1,KERVILCO,3.4422418650864866,132.77022093193125,39.71174909896272,-3.0627446784414563,-9.158935838553171,305.63584037872914,0.8900643871777116,0.1526845523755383
2009-12-14,0.9481307480517279,45.7,KERVILCO,0.0,222.85017558874685,39.71174909896272,-4.587382795790785,-12.678272595322596,230.68716278639792,0.8466017886027848,0.1423651904863413
2009-12-15,0.931533273249947,44.9,KERVILCO,0.0,320.4422865609257,39.71174909896272,-1.490912447302164,-15.00161822533783,190.7330406691397,1.0197136062682557,0.1962755612000337
2009-12-16,0.9916991194064023,47.8,KERVILCO,0.0,293.33863849556747,39.71174909896272,1.5515057644762016,-10.012000567599436,285.69546709253945,1.3074514881941186,0.2628808348174937
2009-12-17,0.7800813156836973,37.6,KERVILCO,0.0,286.6822236380892,39.71174909896272,0.4085025484997697,-10.796962843017134,268.4494282799686,1.150001592086455,0.2142763674097534
2009-12-18,0.6638989920712317,32.0,KERVILCO,0.0,255.7497757149435,39.71174909896272,-3.064082394617813,-12.3929672549677,236.0734555571732,0.6959181107459919,0.1355698300509864
2009-12-19,0.5269698249565401,25.4,KERVILCO,0.0,312.9376770001252,39.71174909896272,-0.7289537788470074,-13.451670201105356,216.6602985597499,1.061014144830246,0.1978453924049296
2009-12-20,0.2385887002755989,11.5,KERVILCO,0.0,304.12124174771213,39.71174909896272,2.0572197217143304,-10.17439254399469,282.0446770346774,1.1791270417598425,0.2324707367237442
2009-12-21,0.2074684350222599,10.0,KERVILCO,0.0,268.3250012657519,39.71174909896272,1.1870606641958967,-8.96094271736111,310.4091201969592,1.239501161494552,0.244576589229567
2009-12-22,0.19377551831079076,9.34,KERVILCO,0.0,178.42274987481403,39.71174909896272,-2.8572543416379186,-9.003948668910601,309.30869615261645,0.762179735399023,0.1542606156329669
2009-12-23,0.1703315851532754,8.21,KERVILCO,0.4173907659156228,194.1998534706372,40.12928868288972,-4.337766471221805,-11.132826220711149,261.94149510955884,0.5497456051897422,0.0917563630104777
2009-12-24,0.15041461539113846,7.25,KERVILCO,0.0,260.05796308334345,40.12928868288972,-9.389351765021187,-18.425539679544897,143.27699107653464,0.771065847561731,0.1132734875826922
2009-12-25,0.13381714058935765,6.45,KERVILCO,0.0,210.5438259521193,40.12928868288972,-11.3592848952632,-18.266607357917675,145.35508184416176,0.7392859176390857,0.0995577250885521
2009-12-26,0.13008270875895694,6.27,KERVILCO,0.0,299.6625764957305,40.12928868288972,-7.449604027561093,-18.22858042769503,146.0976470673582,0.6278132346163477,0.0920393278496955
2009-12-27,0.1406635989450922,6.78,KERVILCO,0.0,331.38345378245987,40.12928868288972,-3.270405317018491,-16.329147751995944,170.7673931504553,0.485058791030247,0.1086585980948404
2009-12-28,0.14439803077549287,6.96,KERVILCO,0.0,331.4478805058095,40.12928868288972,-2.5422192293135204,-15.736625114275382,179.4476920459787,0.6106732578530437,0.1331457343476988
2009-12-29,0.12697068223362307,6.12,KERVILCO,0.0,251.5081838063404,40.12928868288972,-3.0966553628387143,-11.697999372993555,249.7110123849028,0.854373129194602,0.1907059132198951
2009-12-30,0.10933586525673096,5.27,KERVILCO,4.541105441684386,143.6130654920632,44.67044281601721,-7.019155431176966,-13.183110689601977,221.5518371707957,0.6722362404345499,0.1021339661086551
2009-12-31,0.10186700159592961,4.91,KERVILCO,0.0,288.2426983406571,44.67044281601721,-6.948925479637129,-16.869690259519835,163.25999588592052,0.501928405971409,0.0671468207700711
2010-01-01,0.0952280116752173,4.59,KERVILCO,0.0,326.9825015161197,32.823938638167256,-0.8493607538710078,-14.144953886556817,204.4320562880018,1.2301173460514885,0.2103394408521905
2010-01-02,0.08838155331948272,4.26,KERVILCO,0.0,274.1348089001262,32.823938638167256,-1.96387873819738,-12.029433287430486,242.92849336862605,0.9779425179504928,0.1636420291480334
2010-01-03,0.0848545899241043,4.09,KERVILCO,0.0,293.22865816527417,32.823938638167256,-3.146100305926502,-14.03434557443626,206.37710613890388,0.8647172732093937,0.1506237854382698
2010-01-04,0.0848545899241043,4.09,KERVILCO,0.0,318.94363005132493,32.823938638167256,-2.1365814802568868,-14.535008486049286,197.96762015041952,1.017151323835654,0.1871171716773836
2010-01-05,0.09294585888997245,4.48,KERVILCO,0.0,316.4556099007298,32.823938638167256,0.4035769226135197,-11.850726090748218,245.53579709476804,1.3720026584017644,0.2561596223353657
2010-01-06,0.2095431193724825,10.1,KERVILCO,0.0,195.4490728433832,32.823938638167256,-1.613132354568066,-8.345232096397835,324.8337628115536,1.1937131772802647,0.1987110125769007
2010-01-07,0.3526963395378418,17.0,KERVILCO,0.0,328.0439861478245,32.823938638167256,-3.579214670079659,-16.26112868493815,171.18697188371897,0.8175761478640887,0.12552355835972
2010-01-08,0.1717838641984312,8.28,KERVILCO,0.0,366.340181864374,32.823938638167256,-2.399932776146898,-18.746236395508213,137.87270697304612,1.3251385766612302,0.2266732352762182
2010-01-09,0.1703315851532754,8.21,KERVILCO,0.0,354.5713157769325,32.823938638167256,0.9710359078751424,-13.975097017896571,204.1814820673385,1.7845412170481183,0.3470615878781043
2010-01-10,0.17800791724909898,8.58,KERVILCO,0.0,337.3672454124133,32.823938638167256,1.9114551872133008,-11.341255519779736,251.58742431516737,1.4334955926044768,0.3305601733011959
2010-01-11,0.19688754483612467,9.49,KERVILCO,0.0,355.3078090366496,32.823938638167256,4.920150732923468,-9.90605171920575,274.64541521275817,1.0089664082630936,0.4380762738569187
2010-01-12,0.2302899628747085,11.1,KERVILCO,0.0,351.7076559306373,32.823938638167256,4.733727988068275,-9.58082822826531,282.2893436144109,1.8148271474127071,0.4334934432452373
2010-01-13,0.2385887002755989,11.5,KERVILCO,0.0,318.8018701104038,32.823938638167256,2.385361212731392,-9.267352809501702,295.57503891537067,1.4547698755422334,0.3600646394417213
2010-01-14,0.20248919258172568,9.76,KERVILCO,0.0,288.1169536801679,32.823938638167256,0.8730434931114018,-9.077066342868982,302.5458616104576,0.854347005502852,0.2317606539252173
2010-01-15,0.18526931247487807,8.93,KERVILCO,0.0,308.1133495964372,32.823938638167256,0.148606038480265,-10.774077076407496,262.84291904669465,1.2427051258179984,0.2343455849892923
2010-01-16,0.1595432265321179,7.69,KERVILCO,0.0,368.20809372093976,32.823938638167256,5.145617120107525,-9.995030793353152,268.55643535059403,1.6894834955569051,0.408531414859922
2010-01-17,0.16224031618740725,7.82,KERVILCO,0.0,290.16725295178134,32.823938638167256,1.8648414368824,-7.902961649445188,327.747534300332,0.976425620094242,0.2873048916365365
2010-01-18,0.16327765836251856,7.87,KERVILCO,0.0,262.27641622472186,32.823938638167256,-1.025953876141716,-9.54438758562069,291.60530075860794,0.9564389076583112,0.1940123378731662
2010-01-19,0.15062208382616069,7.26,KERVILCO,2.056668667800256,215.4975707110088,34.880842461982205,-3.05216133814428,-10.98286810968843,261.3320998650438,0.8633680810373301,0.1441834977917563
2010-01-20,0.14979221008607163,7.22,KERVILCO,2.4465189235987377,197.57196309009467,37.32695182626256,-3.933835484075816,-11.34302485824199,254.380845237352,0.9112177176136912,0.1484667047372789
2010-01-21,0.1475100573008268,7.11,KERVILCO,8.017787442580703,211.06658522075367,45.3449266085327,-3.189955733074099,-12.276711589821744,237.39927502985327,0.8783159103116988,0.1433544762903397
2010-01-22,0.15165942600127197,7.31,KERVILCO,8.604708024378146,201.3170236538844,53.94984784919188,-1.9911946377123384,-10.375210114625968,277.5054899529688,0.8698634782597837,0.1296021816587274
2010-01-23,0.14958474165104937,7.21,KERVILCO,0.0055189510180562,242.36284801712537,53.95535648073407,-6.202875442526465,-13.567500565874052,214.29042048957447,0.991527948348654,0.1486324986207327
2010-01-24,0.14958474165104937,7.21,KERVILCO,0.0,213.81575934812588,53.95535648073407,-8.480935074415017,-14.72970690141244,195.4230435543309,0.911575488697324,0.1185125052732563
2010-01-25,0.14958474165104937,7.21,KERVILCO,0.0,356.22779254088863,53.95535648073407,-4.257791751490461,-16.096084994177453,171.6708250220637,1.2274949731102744,0.1785867760142432
2010-01-26,0.1645224689726521,7.93,KERVILCO,0.0,369.6170332344602,53.95535648073407,-1.072337689685257,-13.569403017702957,208.98309705420127,1.2727080413908114,0.2383020953544424
2010-01-27,0.19502032892092433,9.4,KERVILCO,7.5742936911215955,239.9295348268052,61.529557188197245,-0.8767645006897663,-10.842156956824269,267.1935691684976,1.1385652987890602,0.2005069635852848
2010-01-28,0.2468874376764893,11.9,KERVILCO,0.0,267.1587051473352,61.529557188197245,-1.193129343920807,-8.89194335723605,311.98462217197084,0.9931326702126552,0.1646213347491998
2010-01-29,0.4668039788000848,22.5,KERVILCO,0.0,341.41291558196286,61.529557188197245,-0.41448537324316,-10.91928556462,263.0089745793358,1.1766955421108252,0.199118998593778
2010-01-30,0.5746875650116599,27.7,KERVILCO,0.0,395.3791587250486,61.529557188197245,1.7540694116427424,-11.668119517210808,240.446849203908,1.5277452991669729,0.3490915349218391
2010-01-31,0.4668039788000848,22.5,KERVILCO,0.0,315.81024007843894,61.529557188197245,-2.483506708584516,-11.569243940441174,251.5787269607773,1.2634697841537217,0.2228484528530283
2010-02-01,0.4564305570489718,22.0,KERVILCO,0.0,333.6190112733645,61.529557188197245,-4.816766497799333,-14.47084522374255,198.77082715690293,1.0685059494799434,0.1541406693775829
2010-02-02,0.4564305570489718,22.0,KERVILCO,0.0,426.4379562251498,61.529557188197245,-0.783673421885036,-15.824423169332835,171.9954165275599,1.213813321883419,0.2561352049438438
2010-02-03,0.45435587269874916,21.9,KERVILCO,1.8887760862824623,335.9161511251389,63.41825826497077,-1.0553721935623066,-12.631684805651814,226.59456615658087,1.2256925409833732,0.2545029818183598
2010-02-04,0.4419077665974136,21.3,KERVILCO,0.0,270.30191798637145,63.41825826497077,-3.238461942879094,-10.54749927366519,272.4253679877021,1.2094831768258325,0.1760604335567562
2010-02-05,0.4419077665974136,21.3,KERVILCO,0.0,374.3269084270202,63.41825826497077,-1.0448713833053676,-12.141843228636718,234.7402879236972,1.4250432416875534,0.2275012499751324
2010-02-06,0.4419077665974136,21.3,KERVILCO,1.8598572400065607,293.62023109755154,65.27895811208573,-1.6278107237264936,-10.817722522233796,263.5303487194736,1.2460287688738545,0.20953153822292
2010-02-07,0.4377583978969684,21.1,KERVILCO,11.4294715860212,154.8574548614493,76.70833581451774,-5.079049619246767,-10.239239337380754,280.54718854777946,0.8826001197310924,0.120741320954639
2010-02-08,0.4253102917956328,20.5,KERVILCO,1.9104009868063223,330.7457327157074,78.61867183080938,-3.615506632102476,-13.718489850968917,211.73933738100968,0.8713943615522542,0.1220010871280926
2010-02-09,0.4253102917956328,20.5,KERVILCO,0.0,403.10755369842633,78.61867183080938,-4.786296976461162,-15.651346080739788,180.4353653111001,1.0161983305922144,0.1550329183165866
2010-02-10,0.4253102917956328,20.5,KERVILCO,0.0,409.9101371550608,78.61867183080938,-3.0027909297474387,-13.973298105280051,206.09034909919905,1.24601573299431,0.1921681596416153
2010-02-11,0.4253102917956328,20.5,KERVILCO,0.0,371.2928067177157,78.61867183080938,-4.637602730375103,-13.947420373866937,206.8669303850121,1.177541653582992,0.1636107140188626
2010-02-12,0.4253102917956328,20.5,KERVILCO,0.4439419656937413,398.5049519373383,79.06278091651035,-2.8556311073638354,-13.511950709356386,213.0371375223399,1.393608169735603,0.1893943081407562
2010-02-13,0.4253102917956328,20.5,KERVILCO,2.374376900211705,324.0220375605612,81.43792675699098,-3.089790708006912,-12.727673971094848,229.4605330235272,1.2674841860071289,0.1651618886996987
2010-02-14,0.4107875013440746,19.8,KERVILCO,0.0,429.3848515618744,81.43792675699098,-5.506318604933046,-16.465175530219543,167.89796367425785,1.0799877979522072,0.1411166018734343
2010-02-15,0.4107875013440746,19.8,KERVILCO,0.0,490.6339988905254,81.43792675699098,-3.1405038079034586,-17.645991228998636,148.8945448547508,1.2058457650561831,0.1768365950560074
2010-02-16,0.4107875013440746,19.8,KERVILCO,0.0,429.1360064649941,81.43792675699098,-1.5368094202700662,-12.2863172332656,231.9889907341845,1.3835615861721715,0.2051766989130033
2010-02-17,0.4107875013440746,19.8,KERVILCO,0.0,465.0616186359736,81.43792675699098,-0.2271731390783375,-12.681533018859042,218.5274085065521,1.413840720163305,0.2219080442811188
2010-02-18,0.4004140795929616,19.3,KERVILCO,0.0,443.7379985864038,81.43792675699098,-0.7977591426925004,-12.131891387928542,231.39816653120369,1.2920587115238436,0.2013064043572895
2010-02-19,0.39419002654229385,19.0,KERVILCO,7.3948850282785425,215.3574453631057,88.83242529663788,-3.692897412611211,-10.037337524800217,285.09143544922205,1.073687063354862,0.1498958350550866
2010-02-20,0.39419002654229385,19.0,KERVILCO,6.020051600393502,194.57930301294192,94.85261752649788,-3.335898979068743,-8.882828203938631,312.3971434758827,1.1960633032821997,0.1657810899252713
2010-02-21,0.39419002654229385,19.0,KERVILCO,7.3852410389140895,259.198879514993,102.23758669862067,-4.834417835860273,-12.246417717585995,239.2535541239032,0.9979632761306976,0.1196451760159824
2010-02-22,0.39419002654229385,19.0,KERVILCO,0.0,491.6458048640717,102.23758669862067,-6.16090845316723,-18.6241510223737,140.69911686631755,0.93403810619701,0.1157619059812284
2010-02-23,0.39419002654229385,19.0,KERVILCO,0.0,540.2734915391962,102.23758669862067,-3.559932453307625,-19.778188475935416,124.99630538845476,1.2463132551829434,0.1608485046339402
2010-02-24,0.39419002654229385,19.0,KERVILCO,0.0,526.2349394223588,102.23758669862067,-1.3972267175802937,-16.198120148986167,167.25934912469688,1.4831548827542853,0.2166749235392728
2010-02-25,0.39419002654229385,19.0,KERVILCO,0.0,356.6098468987813,102.23758669862067,-2.7512508819905475,-10.517989772103409,273.15608059093324,1.3405457034626247,0.172936026187059
2010-02-26,0.38796597349162604,18.7,KERVILCO,0.0,500.7844880672664,102.23758669862067,-1.6035146893821417,-14.24763966193791,196.83260076369933,1.4472471297289082,0.1972597770000916
2010-02-27,0.37966723609073566,18.3,KERVILCO,0.0,511.9673034123648,102.23758669862067,1.3141396306865465,-12.008842288989609,227.49094566986767,1.7092357810525576,0.2863343387568463
2010-02-28,0.37966723609073566,18.3,KERVILCO,0.0,432.965284717884,102.23758669862067,0.5518222331866479,-9.341382366048537,292.5838579485879,1.53500644755496,0.2614177193398809
2010-03-01,0.377592551740513,18.2,KERVILCO,0.0,419.4245970723063,102.23758669862067,0.1314675046365868,-9.120541746797018,298.14609730312327,1.3260426091527406,0.1695371956850009
2010-03-02,0.3651444456391775,17.6,KERVILCO,0.0,541.3339463536988,102.23758669862067,3.767323218845122,-10.830942099346135,235.36093416277785,1.806284054897101,0.307878205149623
2010-03-03,0.3651444456391775,17.6,KERVILCO,0.0,505.9003744385278,102.23758669862067,3.890717120389725,-8.618517157630887,285.359353786673,1.8137203902873904,0.3073612830193878
2010-03-04,0.36099507693873223,17.4,KERVILCO,0.0,505.31785259594017,102.23758669862067,3.677329546490636,-8.627577433288288,284.5548443282204,1.921348334640073,0.2997518972904685
2010-03-05,0.3526963395378418,17.0,KERVILCO,0.0,386.9245148410869,102.23758669862067,-2.1674127304182544,-10.154177296439734,281.5690102013752,1.4054178661492605,0.1779252043880443
2010-03-06,0.35062165518761923,16.9,KERVILCO,0.0,564.2384402204731,102.23758669862067,3.830098844686049,-11.492630189676849,217.03522048761812,1.900235977431812,0.2959110474064642
2010-03-07,0.33817354908628366,16.3,KERVILCO,8.50681672496592,375.8475417839478,110.7449557797643,3.6592189828121424,-8.290423574711351,318.8936423040549,1.843548202894678,0.2666797208150712
2010-03-08,0.2365140159253763,11.4,KERVILCO,9.31559542112353,217.09276690665104,118.03206106689048,-1.0651911765284678,-6.711734048070888,370.6740344931275,1.2061690069415965,0.1150264656725019
2010-03-09,0.12759308753868984,6.15,KERVILCO,4.250416952517777,375.7721838745308,122.28283039311484,0.8936764151625275,-10.533375602733088,273.36891293539185,1.5315376577597564,0.1835013056596457
2010-03-10,0.10103712785584057,4.87,KERVILCO,4.166136207304788,339.81631035182903,126.4483390841872,0.1160929741932993,-9.56737481443772,296.1721056574836,1.4560784877927402,0.1727386636962661
2010-03-11,0.0771782578282807,3.72,KERVILCO,0.0,481.3039441317683,126.4483390841872,-2.026217768561577,-12.2230454925007,237.9416853557002,1.470103056778872,0.1645050110201015
2010-03-12,0.06327787268178926,3.05,KERVILCO,0.0,596.8896471884028,126.4483390841872,2.5862014582428694,-12.954667443788956,208.5199180908448,2.120415346752819,0.2811581988291378
2010-03-13,0.06307040424676702,3.04,KERVILCO,0.0,564.2354270749979,126.4483390841872,4.691932030396272,-9.01642304165606,282.1367566149103,2.2054128898510674,0.3493424173446866
2010-03-14,0.06244799894170023,3.01,KERVILCO,15.442381960346571,177.43958661388928,141.89096210951067,-2.832336688612003,-7.330192329268629,352.6342887186591,1.3586776467520982,0.1446228275418754
2010-03-15,0.05850609867627729,2.82,KERVILCO,0.0,563.7067011318795,141.89096210951067,2.680699819770396,-10.2200086386778,269.4592903591402,1.4811600859575933,0.2086032210425851
2010-03-16,0.06016584615645537,2.9,KERVILCO,0.0,592.0897255143144,141.89096210951067,5.66960933629671,-8.64837114086826,292.623668183075,2.5270498839992714,0.3865172454594481
2010-03-17,0.07883800530845878,3.8,KERVILCO,0.0,623.0834019646256,141.8901907386512,10.028383434213527,-6.381909753323348,327.0823635799365,2.9563949799474987,0.5848814670263893
2010-03-18,0.14937727321602715,7.2,KERVILCO,0.0,559.6582015874933,140.98595431868816,9.09441784797486,-3.847492953393429,407.2883791016373,2.7713692128997467,0.5514657326849174
2010-03-19,0.10850599151664193,5.23,KERVILCO,11.607070990574467,441.29627603451735,152.59333957736737,-1.2188809024511749,-14.961810613034752,193.8666752503005,1.0551611193860535,0.0881758945367773
2010-03-20,0.06970939416747933,3.36,KERVILCO,0.0,627.7260414233467,152.59333957736737,-3.979062915907491,-19.2324873696492,131.10607964182248,1.2557943785953425,0.1260455524339572
2010-03-21,0.06431521485690057,3.1,KERVILCO,0.0,656.3841862957322,152.59333957736737,4.700336446698933,-13.236853041104132,191.8598304533498,2.6164685077688814,0.370302023007895
2010-03-22,0.07842306843841423,3.78,KERVILCO,0.0,580.6175732090409,152.59333957736737,6.617371794332589,-7.1953023359472565,314.0718741599567,2.8249535357264666,0.4695107099010339
2010-03-23,0.07946041061352555,3.83,KERVILCO,8.004300693105629,410.7789770187719,160.59777790064632,3.632433554923164,-8.765800461253885,314.3719131547415,2.099020653479326,0.3112936195571594
2010-03-24,0.06390027798685606,3.08,KERVILCO,0.2489188371103404,426.96704054239,160.84653867889313,-2.846039059692572,-11.475401137498826,255.13668852438573,1.384955751983573,0.1407999538373861
2010-03-25,0.059543440851388595,2.87,KERVILCO,0.0,611.4735383259105,160.84653867889313,2.3218242397688007,-12.003664086477595,224.21455912491493,2.018719304806341,0.2694340979357551
2010-03-26,0.058298630241255034,2.81,KERVILCO,5.3454087969189805,337.9038547961306,166.19209102008486,0.513038164009704,-8.443960910144773,324.0057315882905,1.8353397186526583,0.232845611195668
2010-03-27,0.052696982495654014,2.54,KERVILCO,0.0,526.8535246154537,166.19209102008486,0.2023589879901386,-10.563289511743664,271.8603601929495,1.8142418727307967,0.2151734361682953
2010-03-28,0.05684635119609922,2.74,KERVILCO,0.0,670.9304290047417,166.19209102008486,5.296816739790937,-11.890333080041044,213.18062742739204,2.5660145328483708,0.3439476790121639
2010-03-29,0.12178397135806657,5.87,KERVILCO,0.0,647.2654300250612,166.19209102008486,9.233731985576124,-6.624913983755844,309.5402497664168,3.324844069577848,0.5454552241398896
2010-03-30,0.8734421114437143,42.1,KERVILCO,0.0,610.7000688388657,164.58289681853185,12.349109182167062,-2.169335126773692,425.2140955641116,4.111410648809851,0.7451238354915891
2010-03-31,1.9066349178545687,91.9,KERVILCO,0.0,487.9866377315222,162.69449753183872,8.74515820569054,-1.502560313739839,491.441684607765,3.525337228330415,0.5576021400732802
2010-04-01,0.7946041061352555,38.3,KERVILCO,0.0,560.7152732058789,162.69449753183872,1.1520764729567974,-10.601089137401257,259.137006654727,1.903189896109148,0.2359198992172853
2010-04-02,0.08464712148908204,4.08,KERVILCO,2.2374024079376045,348.81521422838165,164.93095717535326,-3.760493825735187,-12.275346254977938,238.42068388880108,1.6215785675479475,0.1883867346366442
2010-04-03,0.0703317994725461,3.39,KERVILCO,0.0,578.3749620132268,164.93095717535326,1.650369710814649,-10.476299927510828,254.9053018884824,2.0102085235975644,0.2437511713258804
2010-04-04,0.11493751300233199,5.54,KERVILCO,0.0,596.7029144001748,164.7612335127898,7.4591906870198095,-5.60646800941558,342.39505292276726,3.0410623577389955,0.4616437158681069
2010-04-05,0.15103702069620523,7.28,KERVILCO,0.0,489.8335313457114,163.26445922491055,7.358574387194221,-2.4366966107177968,463.6732409142335,3.237683578583371,0.4702293705519361
2010-04-06,0.1350619511994912,6.51,KERVILCO,0.0,497.3301658177194,163.26445922491055,-1.0203850009689033,-10.47407273848574,273.8188855429941,1.8149868922282613,0.2188307500767997
2010-04-07,0.08921142705957176,4.3,KERVILCO,0.0,631.0214817386939,163.26445922491055,2.502326380406413,-11.296600107527674,230.0821082893416,2.084402586441026,0.2568820660559413
2010-04-08,0.120539160747933,5.81,KERVILCO,0.0,704.4151666978963,163.26445922491055,7.660240574686909,-10.388903544201504,217.18206283560704,2.8536260760265657,0.4375329770497136
2010-04-09,0.20041450823150306,9.66,KERVILCO,0.0,648.63429218465,163.02250313591438,9.843303071913445,-5.424890667153475,321.8515578590453,3.4089841889698804,0.5910172380646082
2010-04-10,0.27800770292982824,13.4,KERVILCO,0.0,601.2170580866207,161.7558252073668,10.49204585521353,-2.9839123470771893,397.27478985289633,3.332316783140085,0.6166671916090238
2010-04-11,0.3195013899342803,15.4,KERVILCO,0.0,674.5580069423972,160.7839208143824,12.923425876512328,-3.68622476076914,342.6476920489237,3.597085875880283,0.7436641774666752
2010-04-12,0.40663813264362947,19.6,KERVILCO,2.696742532665903,401.0289257082946,158.2488230937278,10.741281514175558,0.0361621908426125,570.9953785423099,4.008910891275939,0.6338402328078735
2010-04-13,0.36929381433962266,17.8,KERVILCO,0.0,447.9594029738883,157.46122840103712,4.634269744574315,-4.17548133764746,432.1443238907189,2.604013463906657,0.3293007527510304
2010-04-14,0.33609886473606104,16.2,KERVILCO,0.0,686.7965571199861,157.37600945844056,11.173832456457296,-5.909644620136343,295.3599649486255,3.3172613186652344,0.6262348955976581
2010-04-15,0.35892039258850966,17.3,KERVILCO,0.0,640.5763774540641,155.5997135380311,13.237843707866842,-1.7694765601053897,407.5659880979434,3.3424084651950587,0.7620691157832075
2010-04-16,0.33194949603561585,16.0,KERVILCO,11.461994617085526,277.3428057741395,153.22223623343737,7.0325203718454725,-0.3406053043353744,589.1265694002975,2.838510592032748,0.34967754847543
2010-04-17,0.35892039258850966,17.3,KERVILCO,10.32576852268294,312.6047729327674,151.1720222728803,6.956649009731027,-1.1178945832371998,562.3507857351732,2.426913427928137,0.298682212400173
2010-04-18,0.3443976021369515,16.6,KERVILCO,0.0,569.7707638185332,149.14920421568743,10.650847519809863,-1.1848680531695768,496.298856681597,3.418661761103777,0.5556018348779661
2010-04-19,0.33609886473606104,16.2,KERVILCO,0.0,620.2135238177781,147.1513433696022,12.162766930093104,-1.2420188971380757,469.2638953872412,3.606820929201585,0.6632360040611929
2010-04-20,0.35062165518761923,16.9,KERVILCO,0.0,583.0080752206927,144.85493972431522,11.442888075728362,-0.5322391925281268,507.44414514856,3.257438518779576,0.6156838494441477
2010-04-21,0.38796597349162604,18.7,KERVILCO,4.695275688039687,425.33612532665023,142.37217036138054,11.62658941506554,-0.0883042158166056,582.4485012990126,3.595818999666434,0.5785225995901737
2010-04-22,0.429459660496078,20.7,KERVILCO,0.0,507.1267963023651,141.19526541043052,6.2661648407414345,-3.216803428171168,458.089917716867,2.823888447164819,0.3881361071246108
2010-04-23,0.36099507693873223,17.4,KERVILCO,0.0,267.16723609303074,140.43377317862917,0.2352187881387342,-4.319181737493253,446.33501157773,2.256216620106512,0.2496998702926186
2010-04-24,0.3195013899342803,15.4,KERVILCO,0.0,559.136819623234,139.89434740053136,5.535807801378325,-4.979228986261259,378.7471927311381,2.974633642006371,0.3730975152741003
2010-04-25,0.3029039151324994,14.6,KERVILCO,0.0,601.8121442977279,139.41197704990384,7.114045109285825,-4.852021575414387,360.9508020152769,3.074283658206604,0.4260137630145265
2010-04-26,0.2925304933813864,14.1,KERVILCO,0.0,573.5009364857738,138.5551649347954,7.04210606806568,-3.9632824312957897,394.74705624949314,3.3111616692675216,0.4491653651894596
2010-04-27,0.3485469708373966,16.8,KERVILCO,0.0,703.2138680080451,137.68813197719317,12.114559586030436,-3.936138899464134,333.1313023912002,4.100120983759751,0.6598836378888012
2010-04-28,0.4253102917956328,20.5,KERVILCO,0.0,552.3734518059208,134.72564122211222,11.611913094786038,1.0517952811699491,531.3892819310444,4.430568245928093,0.6661272048355159
2010-04-29,0.4585052413991944,22.1,KERVILCO,0.0204525636464743,639.1491744998677,134.7419035054298,2.941251863236471,-9.59487705144076,252.9479143680232,1.9115297317719104,0.2417708657946485
2010-04-30,0.40663813264362947,19.6,KERVILCO,0.0,579.0314382379381,134.7419035054298,-0.522224883853778,-11.180511775205138,241.5976712437368,2.149323345940386,0.2569042969783775
2010-05-01,0.4024887639431842,19.4,KERVILCO,0.0,645.9185146928281,134.7419035054298,3.5754211347647225,-9.183962935001212,254.3973927677644,2.678942314222021,0.3198672045815754
2010-05-02,0.3713684986898452,17.9,KERVILCO,2.156075006132138,496.1440490710468,136.89855800538663,2.3150171397674053,-8.498534853591458,296.8069575169072,2.5184436116709352,0.2912327183974506
2010-05-03,0.35892039258850966,17.3,KERVILCO,0.0,714.3312924709309,136.89817699226603,8.100116142048135,-7.869144096941304,250.1428242123888,3.4931485236795856,0.4330665013987763
2010-05-04,0.36929381433962266,17.8,KERVILCO,0.0,661.8595834347237,135.1484928507483,12.199339789648604,-1.83353732018688,387.7451765754728,4.705825280375199,0.6689759340793143
2010-05-05,0.4045634482934068,19.5,KERVILCO,0.0,669.6804315029359,133.00504972096044,13.518001745950803,-0.8969674883362919,400.5465382383071,4.676230260930815,0.7398243288558112
2010-05-06,0.4377583978969684,21.1,KERVILCO,0.0,642.7895749954567,131.6868189054854,10.383470734749883,-2.865909618548453,370.11560411692216,3.805080365557064,0.4999541629372705
2010-05-07,0.419086238744965,20.2,KERVILCO,0.0,707.0376423536206,131.6186158166686,8.571973330724425,-7.37534158090431,256.3879986720127,3.7625015142543066,0.5163994579907285
2010-05-08,0.45435587269874916,21.9,KERVILCO,0.0,667.2768808751849,130.65499913181142,10.406265316689922,-3.70664304368512,335.2708937916707,3.852284389757476,0.57121315316838
2010-05-09,0.48340145360186565,23.3,KERVILCO,0.0,650.8481845836037,128.04210398030645,13.924501363499058,0.2212938010216073,405.4326726321845,4.778818397830441,0.77381452102359
2010-05-10,0.5850609867627728,28.2,KERVILCO,0.0,477.2539214808622,125.86693609112696,7.813081765630268,-0.8207250997395739,481.4916377103588,3.968897553236964,0.5274195870428148
2010-05-11,0.6058078302649988,29.2,KERVILCO,0.0,708.3288033024522,125.10004407416756,11.497646996131664,-4.175586171191623,281.7128394099823,4.025090009153577,0.5769494470294544
2010-05-12,0.6224053050667797,30.0,KERVILCO,0.0,640.141483003877,125.05991358155796,5.661909753249999,-7.012286129650279,268.2914364722632,2.5808601248962897,0.3940875443253778
2010-05-13,0.5912850398134407,28.5,KERVILCO,4.099018992713152,421.9274436217221,124.366361531278,5.883239822670773,-4.362622199425552,405.2654970487752,2.6966246733082024,0.3595889788836887
2010-05-14,0.5809116180623277,28.0,KERVILCO,7.851309120165149,362.4133540516522,122.60555529377832,6.871179320733603,-1.8070906098816244,508.836551277948,3.010831171095873,0.334312814048061
2010-05-15,0.5705381963112147,27.5,KERVILCO,0.0,527.9144380923688,120.96594385024788,7.303955295288933,-2.0964160928509687,435.5718203045709,3.0058947100440525,0.364926283633581
2010-05-16,0.533193878007208,25.7,KERVILCO,0.0,708.6970533211216,119.74316655885386,12.595323280020164,-3.088010395213073,315.4156620136962,4.065253214369455,0.6158503544927221
2010-05-17,0.5850609867627728,28.2,KERVILCO,0.0,691.265797324643,117.4454265868802,14.788815071228075,-0.5289424634121291,374.9505823701596,4.236471789572895,0.7767665001232213
2010-05-18,0.6680483607716771,32.2,KERVILCO,1.150588664061329,604.4626093953268,115.2231705722617,11.319562434118753,-0.7090259861097663,423.7028136081829,3.768788193312387,0.5626646278900282
2010-05-19,0.6867205199236803,33.1,KERVILCO,0.2609124472048361,503.9712377406489,113.18643527237066,8.28216466609025,-1.150525107404512,470.0825905327807,3.56409436119388,0.4468838762129838
2010-05-20,0.626554673767225,30.2,KERVILCO,0.0,711.8874996266928,110.80666815159962,16.222865402034063,-0.333113040406201,366.2909844188951,4.91856567221217,0.7618671177564211
2010-05-21,0.657674939020564,31.7,KERVILCO,0.0,665.7487016964554,107.2720205060361,17.12443417919832,2.41511796348357,442.8904461709121,5.402875982970472,0.9743814390374718
2010-05-22,0.827799055738817,39.9,KERVILCO,0.0,565.8046975658959,103.00836043548104,15.371659536971965,4.151950679132099,552.959595333847,5.937878491886364,0.9613955378143656
2010-05-23,1.0705371247148612,51.6,KERVILCO,0.0,595.5280024974796,98.7414960777584,16.446680306507655,4.159318495693669,500.1996634580669,6.243357598105229,1.0596425497354571
2010-05-24,1.1348523395717618,54.7,KERVILCO,0.0,487.83410548767137,96.8946940557663,7.545309958729761,-1.5936514590721982,431.2433356326064,3.876627557904688,0.4933717909031734
2010-05-25,0.9751016446046216,47.0,KERVILCO,0.0,686.4274579893867,95.375486538607,13.50179925935526,-2.3502981553501856,290.99570281049154,4.55921444491909,0.7796199709273213
2010-05-26,0.921159851498834,44.4,KERVILCO,0.0,657.7984105406226,92.42748505493743,16.073339308618465,1.0779528114856065,371.9935757354995,5.553644955588645,0.957711174245611
2010-05-27,0.9875497507059572,47.6,KERVILCO,0.0,650.0474841390244,88.18799015894213,19.095112561727348,4.252147353487654,448.9672805396679,6.152042695081303,1.1409373804359106
2010-05-28,1.1846447639771043,57.1,KERVILCO,0.0,627.0986950439465,83.5741604786717,19.270512142672025,5.238678245591086,493.8643257745606,6.076908533904229,1.1481945833002791
2010-05-29,1.3423207745940215,64.7,KERVILCO,0.0,657.0353477680881,80.25316755247948,17.544136559727992,2.2442011878396206,393.0072041094187,5.635255965800623,0.978194649453719
2010-05-30,1.3215739310917956,63.7,KERVILCO,0.0,650.6594007492765,77.8326712292263,15.225952895833055,0.0749429311465209,351.36597984435576,5.055829497098663,0.9100304894417812
2010-05-31,1.153524498723765,55.6,KERVILCO,0.0,667.1841359800643,74.8911360385418,17.73541045876764,1.3811753369469375,364.2122143982834,5.54913942826012,1.0713163909370704
2010-06-01,1.132777655221539,54.6,KERVILCO,0.0,604.1945518891484,71.2301725152669,17.17673917083446,3.2286512959694087,457.0692723188452,5.837144713017639,1.0979373866434898
2010-06-02,1.1244789178206487,54.2,KERVILCO,0.0,552.039135219801,67.72889429838789,15.15487770838911,3.132671462343496,497.6741759122612,4.56133176503628,0.8759157458088259
2010-06-03,1.0643130716641933,51.3,KERVILCO,0.0,601.0435621747718,64.01609450202034,17.818885492979405,3.963762610491245,477.1477639288845,5.314260705934101,0.9460938908760969
2010-06-04,1.0373421751112997,50.0,KERVILCO,0.0,637.8901945164085,59.6636662901644,21.816719899712776,6.041401966650082,496.88186037613815,6.140522785493964,1.2149788457432322
2010-06-05,1.1742713422259912,56.6,KERVILCO,0.0,591.2947917840619,54.72993153430257,22.23670758918925,8.118057279855591,610.439968659927,6.638519511842152,1.262600689199157
2010-06-06,1.2717815066864533,61.3,KERVILCO,0.0,601.2958681057631,49.888356544627065,22.83169945994256,8.32657684086127,562.2188269078309,6.245949303503659,1.3145764880932325
2010-06-07,1.2219890822811108,58.9,KERVILCO,0.0433516349377066,544.9538259933701,45.209259572689554,20.92127786535245,8.411070796202624,578.8217258047794,6.389244881109772,1.343705890444542
2010-06-08,1.0892092838668646,52.5,KERVILCO,0.0,574.6923321133697,40.62006527233935,22.10726968373583,8.426594461364433,518.094403604855,6.386722989187222,1.299670851332571
2010-06-09,1.0892092838668646,52.5,KERVILCO,0.0,590.2501145371394,36.548135593353535,22.4643565955398,7.904176548139726,458.5689502071335,6.34090434159738,1.353189362868236
2010-06-10,0.9149357984481662,44.1,KERVILCO,0.0,573.7323162277776,32.81282452552245,21.252233511786468,7.316292963735333,462.08156191542247,6.202490544113665,1.2391791039487303
2010-06-11,0.8049775278863684,38.8,KERVILCO,0.0,543.2855696554872,29.76805064597844,18.30671751166353,5.586505276514748,451.9585841997883,5.478940569784419,0.9735148860739338
2010-06-12,0.7883800530845877,38.0,KERVILCO,6.045499984128977,293.0704532742744,27.61324581539545,11.5323283795862,2.977566476907713,639.9183313619125,3.5330603954807978,0.4156167927752208
2010-06-13,0.719915469527242,34.7,KERVILCO,0.0,494.52775989029936,26.03603505942275,12.272501061400703,1.2214907947356233,361.58726337711255,3.792882997300764,0.5692716161584559
2010-06-14,0.6597496233707865,31.8,KERVILCO,0.0,427.9202446945337,24.60037194090609,9.962566649400864,0.6415197500593157,407.1567271084306,3.741137413807048,0.5162560756200723
2010-06-15,0.5892103554632181,28.4,KERVILCO,0.0,648.8370155196616,23.4831239539674,17.435902946384324,-0.5626195485843326,214.374822114336,5.058240135824147,0.9124900496548288
2010-06-16,0.522820456256095,25.2,KERVILCO,0.0,548.2274808647239,20.84540405691469,19.31714657222463,5.802578612384036,397.82807531334936,6.50912427400806,1.2399858178296963
2010-06-17,0.4937748753529786,23.8,KERVILCO,0.0,572.9098106339342,18.87248898097939,19.03747432532038,4.650140101788806,348.62693233819414,6.493606620935953,1.17523275878615
2010-06-18,0.4626546100996396,22.3,KERVILCO,0.0,600.8283125615978,16.728310922589234,21.72930211558492,5.48810489340109,323.44024823023045,6.410304164803963,1.4498475801051791
2010-06-19,0.43360902919652317,20.9,KERVILCO,0.0,591.1828616734041,14.607540911757203,21.72843295621585,5.819520830770907,332.170957604088,6.63665317871032,1.4541169266895757
2010-06-20,0.4149368700445198,20.0,KERVILCO,0.0,571.7555767560868,12.474454110713852,21.62314867617101,6.575186494257498,352.3570777883166,6.586331273477162,1.3967971943296784
2010-06-21,0.39419002654229385,19.0,KERVILCO,0.0,558.8091235500235,10.63869925985035,20.93872809866289,6.072159345294946,343.43421450969055,6.222827976846659,1.3251010999160378
2010-06-22,0.3672191299894,17.7,KERVILCO,0.0,562.3225208673578,9.14766624218723,21.10152332721893,5.956324245873311,334.58990900162115,6.625235324667431,1.3829549020873717
2010-06-23,0.34024823343650623,16.4,KERVILCO,0.0,595.1801218791499,7.928006383545496,22.23888155381925,5.030183343965714,312.3189657060943,5.925832544038439,1.472608075765186
2010-06-24,0.32780012733517067,15.8,KERVILCO,0.0,577.9334658465049,6.77331007204097,22.57334795518944,6.185379543541192,340.5110142957168,6.2432892732797045,1.3615959837196208
2010-06-25,0.3195013899342803,15.4,KERVILCO,4.882644850594212,407.4675869198634,5.684626138848769,21.74790651385453,6.873433833169697,375.4733114197808,5.0513730136087736,1.3055409746659403
2010-06-26,0.33194949603561585,16.0,KERVILCO,0.0,518.314559247489,4.832380279892198,20.05499551712838,6.5261289362526425,350.00516839370306,5.29282015087418,1.0217844366011757
2010-06-27,0.3153520212338351,15.2,KERVILCO,3.31011878694775,379.3187668193482,4.024505685829315,19.04946953160788,5.606660343113807,423.2331860483175,5.154379562666594,0.9875057594898576
2010-06-28,0.29460517773160905,14.2,KERVILCO,3.4938168499355613,409.8877399590943,3.37668363884806,20.280708180113027,4.967749511075732,388.6229758287863,4.710890918399868,1.105073388285464
2010-06-29,0.3029039151324994,14.6,KERVILCO,0.0,530.235517083117,2.7438960149351184,19.80721979765467,5.5087081805183455,335.1984182462324,5.64289757431948,1.0578981986347642
2010-06-30,0.2614102281280475,12.6,KERVILCO,0.0,558.2937044926459,2.1704542088526857,20.658219693056225,5.04230505171911,314.1354036425431,5.760425956398949,1.1804738137365864
2010-07-01,0.2302899628747085,11.1,KERVILCO,0.0,544.7126551447826,1.66611025540556,21.346112896553446,6.187957130459549,343.7548529915728,5.119476354172541,1.1613124677521711
2010-07-02,0.2468874376764893,11.9,KERVILCO,8.607559158545694,355.8233170226419,1.2656850055039122,19.98307108376881,7.514547948642744,554.5951167561046,4.709661645931493,0.913295406013284
2010-07-03,0.27593301857960567,13.3,KERVILCO,0.0,476.0269755669107,0.931465846957242,19.407995714466445,7.0359688608710895,452.8064770359141,5.384581222656675,0.9691578076189716
2010-07-04,0.2302899628747085,11.1,KERVILCO,0.0,564.1206688903928,0.7042684111951064,20.2106582684698,3.9535163671521087,304.8652758729553,5.589322211218692,1.0746132363309435
2010-07-05,0.20103691353656986,9.69,KERVILCO,0.0,574.5696537423651,0.5572476785821266,19.43014243974737,2.4754846805214417,272.31330722604343,5.599916672707398,1.028047998260291
2010-07-06,0.18423197029976682,8.88,KERVILCO,0.0,549.0763153180773,0.3900905133388566,21.339573430505663,5.549430963953484,347.5511726266925,5.463501660979564,1.2857097274515066
2010-07-07,0.18174234907949965,8.76,KERVILCO,1.5611976298479495,427.4341825165529,0.2628115595303408,16.142748652891026,4.859987343017331,460.358868618011,4.296487685674155,0.7932132063346442
2010-07-08,0.1904560233504346,9.18,KERVILCO,5.51242190215644,355.28231369261766,0.2004206171765994,17.086039758284734,4.434859425988809,532.9493977182151,4.0713184841825365,0.6801852322228521
2010-07-09,0.16431500053762985,7.92,KERVILCO,0.0,540.5805040001335,0.1327180492553071,19.993469037429207,4.564376864947875,369.2153659193596,4.873003537990238,0.8944227222928051
2010-07-10,0.14979221008607163,7.22,KERVILCO,1.850758377884728,511.4405581007894,0.050437258340599,20.99222222103152,6.856347863255498,452.9291360895788,5.325833951354658,1.0405629005556214
2010-07-11,0.14419056234047062,6.95,KERVILCO,3.7110086321763314,394.5177533083489,0.0174047455907141,20.89234835061173,5.527537178546556,550.3425879069547,5.145338990010699,1.0066712759091794
2010-07-12,0.14107853581513674,6.8,KERVILCO,0.0,530.382537241621,0.0082320056101719,20.61232672438701,5.254970879440662,409.2132028119743,5.813700997505345,1.0297356185641435
2010-07-13,0.13630676180962478,6.57,KERVILCO,0.0,479.5411926728551,0.0018258959571635,22.25164546955764,8.797398084983431,571.9334745840928,5.741983948561249,1.2501205024689568
2010-07-14,0.13796650928980284,6.65,KERVILCO,0.0,455.2145026652119,0.0,22.0920947796136,9.500174675204866,630.9558765956842,5.768131256071783,1.21335292064403
2010-07-15,0.12157650292304431,5.86,KERVILCO,0.0,533.7384904707408,0.0,24.6852054735582,8.76894240560066,494.1045657014423,6.400707489360983,1.4497637040190394
2010-07-16,0.11078814430188678,5.34,KERVILCO,0.0,536.2860945880935,0.0,25.56288616171154,9.54506607727816,450.9972671336657,5.901994491289119,1.749705236646991
2010-07-17,0.10726118090650837,5.17,KERVILCO,0.0,496.6186637856839,0.0,24.650709475095542,10.514280081517263,476.56009148055085,5.649011210884964,1.62625413339097
2010-07-18,0.10497902812126352,5.06,KERVILCO,0.153283085423513,509.92680054279657,0.0,24.584598243901,9.99529363521066,450.6937686777612,5.348219339242458,1.5030638605682498
2010-07-19,0.099792317245707,4.81,KERVILCO,0.0,511.3497548603005,0.0,24.98169445224319,10.29960037060837,462.277187523479,5.8560504023316575,1.6210955804740923
2010-07-20,0.10477155968624124,5.05,KERVILCO,5.473566259497958,360.08484616679,0.0,23.43073946068773,9.903369925080916,594.1302138537337,4.752119466971329,1.4344500922223726
2010-07-21,0.13070511406402374,6.3,KERVILCO,11.386445357206004,276.43939065287424,0.0,18.202556966525385,8.668301594633816,744.7771153967459,4.123331416399402,0.779097013260528
2010-07-22,0.10518649655628579,5.07,KERVILCO,0.1373042486133736,423.97951937313655,0.0,19.5015091358939,8.284409530579099,577.3099410770569,4.691655491264063,0.8351840059938362
2010-07-23,0.09564294854526183,4.61,KERVILCO,0.0,440.78847195424527,0.0,20.76888168665388,9.24396491084836,583.6989945360303,4.9167290411591775,1.0848224538522435
2010-07-24,0.09066370610472758,4.37,KERVILCO,0.0,420.9630710108897,0.0,19.16128771331504,8.410782326795445,590.5850511588795,4.818505609171555,0.9352353098808932
2010-07-25,0.08112015809370363,3.91,KERVILCO,3.9458580550558455,388.5835229523872,0.0,21.931123738725088,7.164361927299935,571.9262996314468,4.595521942509466,0.9415384153372308
2010-07-26,0.10269687533601865,4.95,KERVILCO,0.0,538.3038129755427,0.0,21.80011608103088,6.398314863325363,405.1832805180493,4.88738550839458,1.0496486541193577
2010-07-27,0.08921142705957176,4.3,KERVILCO,4.433170281798626,385.7663891591001,0.0,23.269012342574044,8.346612057421341,647.0695110020326,5.566811891202069,1.1742338746709755
2010-07-28,0.08941889549459402,4.31,KERVILCO,0.0,442.3950274076713,0.0,21.18180255547788,9.614216821689004,669.2733398307515,4.833782049539398,0.9481399009392062
2010-07-29,0.12987524032393472,6.26,KERVILCO,9.914761232681585,331.826292165095,0.0,20.961981056700573,9.134676032913516,818.8555046955654,4.50464409753799,0.8643718847343522
2010-07-30,0.1717838641984312,8.28,KERVILCO,15.746710904445644,357.22286239268084,0.0,21.373052832330632,8.277821346010164,795.1748194410648,4.014030457034864,0.7631363346272749
2010-07-31,0.20248919258172568,9.76,KERVILCO,17.39506432896727,306.9948707243666,0.0,19.25465541739444,8.63366477316753,981.8308992530896,4.220531069892429,0.6237950916605811
2010-08-01,0.27593301857960567,13.3,KERVILCO,8.427957490170357,326.1257703263908,0.0,20.260068633394443,8.669513494495323,1010.2477982843392,4.242704980651303,0.6871735098935107
2010-08-02,0.439833082247191,21.2,KERVILCO,4.968488246274865,296.23568649116834,0.0,18.47292667555336,8.349263594307715,1052.179257948662,3.818067310431696,0.5978485960570997
2010-08-03,0.35684570823828704,17.2,KERVILCO,4.334738294287516,300.68345057806846,0.0,17.25653984934545,7.065218123749867,976.7992716804448,3.673910017461969,0.5632713246441122
2010-08-04,0.28423175598049605,13.7,KERVILCO,3.868421024105713,364.672423414619,0.0,18.8331633059698,6.258326178878199,869.6375991198263,3.695882921040203,0.6116917072627824
2010-08-05,0.2240659098240407,10.8,KERVILCO,3.0970070886039127,358.13456441473,0.0,17.337522251562913,5.466649371904644,852.6227116924505,3.7165652617635137,0.6053670709480093
2010-08-06,0.19170083396056817,9.24,KERVILCO,0.0,497.47026455578913,0.0,20.50080700573765,6.934629449859911,802.468697154047,4.392051081193916,0.8325125576493697
2010-08-07,0.16867183767309735,8.13,KERVILCO,4.207273307265048,345.7605119372426,0.0,19.510868921331,7.178217716936794,964.813363887836,4.414327387849265,0.813760697377517
2010-08-08,0.15705360531185075,7.57,KERVILCO,3.512409584880697,359.2023272411997,0.0,19.09685041649695,7.089601362554063,954.1239114594872,4.245219590505156,0.7471365501950389
2010-08-09,0.14709512043078227,7.09,KERVILCO,6.496535223520741,328.69018510105906,0.0,17.806172826278942,7.130724143372615,986.3749276559444,3.757795543504998,0.6711870875855557
2010-08-10,0.13277979841424634,6.4,KERVILCO,0.0,475.6825105369374,0.0,18.37319255090189,5.875211797876527,812.0148279967514,4.490077046680633,0.8854050877855837
2010-08-11,0.12427359257833369,5.99,KERVILCO,2.954255765807209,395.8679132275263,0.0,20.16631386019911,6.440973328415882,896.0396548767485,4.349869577449348,0.9448145841533488
2010-08-12,0.13464701432944667,6.49,KERVILCO,2.545864036299736,378.1916627160666,0.0,18.922042552907,6.660114480359739,916.0651360765314,4.455747992983438,0.8230986713744262
2010-08-13,0.12385865570828916,5.97,KERVILCO,0.0,523.226128089369,0.0,20.50791316460676,5.707333194392719,744.9037009804688,5.309044542227255,1.0563787973040943
2010-08-14,0.10103712785584057,4.87,KERVILCO,0.0,548.0662553407743,0.0,22.730125102087307,6.236010452629244,744.3853381766459,5.458095679715217,1.331301329005067
2010-08-15,0.09294585888997245,4.48,KERVILCO,0.0,528.0497576097362,0.0,22.54630864300049,7.232209915194647,813.6549134293967,4.680414764493409,1.1848615615829086
2010-08-16,0.09585041698028408,4.62,KERVILCO,4.946013081447048,331.90448087006973,0.0,17.19010981607071,5.7924255169051655,905.6580326079944,3.481703523129561,0.5876502654240344
2010-08-17,0.10560143342633029,5.09,KERVILCO,0.0,522.3291034077112,0.0,19.4152658587942,4.656215086335854,710.7561725003205,4.489042037592757,0.7943818909186287
2010-08-18,0.08443965305405979,4.07,KERVILCO,0.0,503.3795165975004,0.0,22.02595290301156,7.828480931987487,887.0173939918186,4.753253007814981,1.1553548431877276
2010-08-19,0.07925294217850329,3.82,KERVILCO,2.173781902182103,371.60447266705535,0.0,17.709726057521976,5.906646044757069,875.2476173094446,4.1025732441284255,0.6415127092851963
2010-08-20,0.07697078939325844,3.71,KERVILCO,0.0,507.19928217164295,0.0,18.82837506926701,4.651310445599809,731.1786752539404,4.513275687997858,0.8008054220070675
2010-08-21,0.07012433103752384,3.38,KERVILCO,0.0,496.3303599639892,0.0,20.887060410178822,6.835865712960007,848.5102798001378,4.274975056473871,1.1529000200137078
2010-08-22,0.06659736764214542,3.21,KERVILCO,0.050402980214375,446.788983839371,0.0,20.387778455122337,8.260540113080655,979.694387971032,4.324148682301416,0.9734859469289896
2010-08-23,0.08340231087894846,4.02,KERVILCO,8.248325500118252,290.81395425587385,0.0,18.224640838255173,8.13961232167497,1077.558011873793,4.02082807078131,0.7118519908187592
2010-08-24,0.08029028435361459,3.87,KERVILCO,0.0,359.4008772935944,0.0,15.64965928542206,6.6970147453906765,959.4783968328062,3.622340713926674,0.4903200858167148
2010-08-25,0.07053926790756837,3.4,KERVILCO,0.0,504.8556235263497,0.0,20.11040767540071,5.640766370562658,803.7187603319641,4.335902009334489,0.952459216855702
2010-08-26,0.06037331459147764,2.91,KERVILCO,0.0,512.3233003385618,0.0,21.58377361383293,6.4849173120839705,840.2100531675904,4.52717016182074,1.215409474106526
2010-08-27,0.05746875650116599,2.77,KERVILCO,0.0,481.29894279212647,0.0,21.15935473026189,7.433773905507922,923.9925344098468,4.559591340588664,1.1517345612526957
2010-08-28,0.056431414326054696,2.72,KERVILCO,3.558931822749187,357.40748020946586,0.0,18.18783534957202,5.711397279761154,891.9793166639499,4.065634858552314,0.8695746926431318
2010-08-29,0.061203188331566676,2.95,KERVILCO,0.0,472.7388407886933,0.0,18.211093478351817,4.993002569650456,806.1319366878552,4.483469829928725,0.8458649672004791
2010-08-30,0.05809116180623278,2.8,KERVILCO,3.169814319968568,263.7660793022508,0.0,13.99897843820078,5.73694252175248,915.0437353666732,4.065241651722909,0.6732354882528989
2010-08-31,0.05497913528089887,2.65,KERVILCO,0.0,464.4290522030515,0.0,18.04858277190017,5.146205795144073,828.5273464959829,4.547771622418906,0.896395653489227
2010-09-01,0.04854761379520881,2.34,KERVILCO,0.0,485.9745801329227,0.0,18.400399710468704,4.205614801730688,762.6765910265376,5.174684532739681,1.04312718637152
2010-09-02,0.045850524139919434,2.21,KERVILCO,0.0,507.8563760759541,0.0,19.337700976210275,3.692340692487329,723.2483881039932,4.859175496353518,1.084856009545618
2010-09-03,0.045435587269874914,2.19,KERVILCO,0.0,529.8858231919638,0.0,19.74929294146332,2.339362079155219,646.943367578421,4.83922641274378,1.045238678560317
2010-09-04,0.04419077665974136,2.13,KERVILCO,0.0,493.76506819510365,0.0,21.07968910169428,5.494961559441257,823.7403175283173,5.543427839822164,1.2904376069946668
2010-09-05,0.04315343448463006,2.08,KERVILCO,0.0,471.76810657335824,0.0,21.3530618385096,6.791707410704794,915.119296313292,5.722454342745787,1.26530122323971
2010-09-06,0.041286218569429725,1.99,KERVILCO,0.0,463.95790203325896,0.0,17.659032021737975,3.785268058705768,761.8496555408215,5.299977542929497,1.0080537999363768
2010-09-07,0.04211609230951876,2.03,KERVILCO,4.963734642074317,386.2801640683739,0.0,19.74464945523245,1.8620485156860809,689.0079286924469,4.33950143434661,1.1483146661903008
2010-09-08,0.0771782578282807,3.72,KERVILCO,6.286206129089075,164.87658268591915,0.0,11.577247675181365,5.737625061376754,918.516524833402,2.6205591987736048,0.4263167755990007
2010-09-09,0.07842306843841423,3.78,KERVILCO,0.0,415.0943371234315,0.0,16.214785887696717,4.266948861483311,819.2242150278935,4.280628590380538,0.7596955623909468
2010-09-10,0.051244703450498204,2.47,KERVILCO,0.0,439.7076284961967,0.0,14.24092508540535,1.3277095553968272,661.5313742130727,4.332848454262746,0.7812638863014233
2010-09-11,0.04668039788000848,2.25,KERVILCO,0.0,515.6646899388068,0.0,16.96945725878576,-0.6873701393436557,547.120949874309,4.071639505235102,0.9796436904020264
2010-09-12,0.04668039788000848,2.25,KERVILCO,0.0,467.8214631937635,0.0,17.49332461560698,2.612142365790657,708.2931479213205,4.382332196414486,1.041519503961018
2010-09-13,0.04668039788000848,2.25,KERVILCO,0.0,432.6440554891727,0.0,18.48609573115708,5.148750796198571,854.2297460304623,4.050231896217626,1.0996499132829982
2010-09-14,0.046057992574941704,2.22,KERVILCO,0.0,448.3320180430818,0.0,19.348435379384505,5.213284408537221,853.2696523271279,4.649500719858546,1.1357635556451535
2010-09-15,0.04502065039983039,2.17,KERVILCO,0.0,434.1241784778865,0.0,18.96844068185562,5.310110124770999,863.4619636323656,4.934231255479805,1.192892318719842
2010-09-16,0.04273849761458554,2.06,KERVILCO,0.0,467.4622825502473,0.0,19.434914630564805,3.962954009242917,777.0004484279398,4.567620304633583,1.1314063860705157
2010-09-17,0.04211609230951876,2.03,KERVILCO,0.0,472.81046753599946,0.0,20.75401653271897,4.542189593577098,803.6639313204175,4.502981341891564,1.268646043248075
2010-09-18,0.040456344829340685,1.95,KERVILCO,0.0,452.3024761124677,0.0,21.22208321052068,5.908855940600542,891.6270749658036,4.779300769273264,1.3278463793365785
2010-09-19,0.040456344829340685,1.95,KERVILCO,0.0,466.75323829271326,0.0,22.05318392173196,5.57780872853178,864.7868925743717,4.4179245031104895,1.3928403541540435
2010-09-20,0.041286218569429725,1.99,KERVILCO,0.0,401.9216353926841,0.0,18.172905798168777,5.436015130660247,886.7069937202135,4.485896093960963,1.037606991885256
2010-09-21,0.04253102917956328,2.05,KERVILCO,0.0,434.0969115311184,0.0,18.629771682832185,4.085712297669402,797.6889947286552,4.140084694476816,1.045516539582365
2010-09-22,0.0641077464218783,3.09,KERVILCO,10.076551526395146,229.46711434575707,0.0,11.731125093760742,2.851491124182669,750.8002789605816,1.95648344872712,0.3336676476904288
2010-09-23,0.09647282228535085,4.65,KERVILCO,3.399640285557414,257.1801783185423,0.0,11.931403912044775,1.6474899382548571,689.9334151534676,3.177809723307935,0.4961473515539819
2010-09-24,0.05456419841085435,2.63,KERVILCO,0.0,437.4168351759773,0.0,15.914202149388542,1.1099304514341295,656.0015958181964,3.76580047960476,0.907109462498056
2010-09-25,0.04066381326436294,1.96,KERVILCO,0.0,440.2930495107376,0.0,17.916531869938385,2.5873139237235705,726.1952337845325,3.691661610586989,1.0977018807562
2010-09-26,0.03921153421920712,1.89,KERVILCO,0.0,428.8710921678101,0.0,19.97961270421608,4.827561825992845,846.4708365488957,4.286319736759857,1.2517502268917065
2010-09-27,0.03858912891414035,1.86,KERVILCO,0.0,433.10267155515805,0.0,21.886145889443696,6.059122889741111,916.6282637346912,4.416329561210165,1.3434114884919233
2010-09-28,0.03796672360907356,1.83,KERVILCO,0.0,419.1200084622175,0.0,21.40810757864533,6.232124399874659,932.7418946059928,4.69390393017509,1.432940800845859
2010-09-29,0.03713684986898453,1.79,KERVILCO,0.0,443.1522834714108,0.0,21.59288441699689,4.508736491794376,824.1536901448038,4.469815180982467,1.38687161074189
2010-09-30,0.037344318304006786,1.8,KERVILCO,0.0,421.9088835062343,0.0,19.62023862437804,3.9066487087203305,797.4657416782745,4.356309097224412,1.0842484089980005
2010-10-01,0.03755178673902905,1.81,KERVILCO,0.0,401.21006270439705,0.0,19.447090238863314,4.677329879771661,837.9382895106967,4.155719491043946,1.189627812176964
2010-10-02,0.03796672360907356,1.83,KERVILCO,0.0,381.84295624034206,0.0,16.839380337971356,3.345672363513108,771.4111771909955,3.349557817480115,0.8421479760380675
2010-10-03,0.039626471089251644,1.91,KERVILCO,0.0,391.42372546342455,0.0,16.656862032353587,2.640579678525085,732.8248932787567,3.137766022153958,0.958852470079788
2010-10-04,0.0429459660496078,2.07,KERVILCO,0.6430997366929173,345.05919479477257,0.0,15.647319604146858,2.929012682575866,754.3303044837611,2.954506683157612,0.7993133233048225
2010-10-05,0.0419086238744965,2.02,KERVILCO,2.2640311446413146,318.3169324489677,0.0,15.58394501044316,2.1816026083915547,712.7166493149798,2.740237445387959,0.7238089769542135
2010-10-06,0.043568371354674576,2.1,KERVILCO,4.1402079947899,224.65022114484648,0.0,13.050810243558905,3.286275344168119,774.2847509656762,2.8271210983285,0.5395799501904759
2010-10-07,0.043568371354674576,2.1,KERVILCO,6.382027557664124,255.81042166366493,0.0,13.939679863472668,2.234949931835067,717.9291002090067,3.081016313906324,0.5974849016441253
2010-10-08,0.06348534111681153,3.06,KERVILCO,3.621332740439365,190.3910292012653,0.0,7.527884608032915,-0.7029822668045971,581.3005893084378,2.349753501907069,0.375361009983488
2010-10-09,0.045850524139919434,2.21,KERVILCO,0.0,346.4858869550264,0.0,8.982939305358952,-2.779197355081689,497.8402363432932,2.845332305453819,0.4706057553900082
2010-10-10,0.04315343448463006,2.08,KERVILCO,0.0,334.8310459641299,0.0,9.789120466124972,-1.5325090696774315,546.409752978449,2.5815023823247123,0.4542014255650147
2010-10-11,0.0429459660496078,2.07,KERVILCO,0.0,365.7121006461459,0.0,11.07784733575996,-1.806028745879802,534.8475948431612,2.781011007148762,0.50242841435841
2010-10-12,0.0429459660496078,2.07,KERVILCO,2.027542497162764,209.4582319043527,0.0,8.00119393728945,-0.3422658146062409,595.6859450100196,1.7684493470337144,0.3311588581227363
2010-10-13,0.04439824509476362,2.14,KERVILCO,0.0,347.9648140042218,0.0,11.404409533399727,-0.7036168497262916,580.141465126554,2.6179044390196005,0.538624861641758
2010-10-14,0.04792520849014204,2.31,KERVILCO,0.0,390.0410986970751,0.0,14.704618833944972,-0.0906668659165729,605.718200108806,3.580464681767096,0.8429628777895101
2010-10-15,0.04834014536018656,2.33,KERVILCO,0.0,363.04819020088536,0.0,14.449254607437084,1.0416525181393186,657.8716799056351,3.5968161128943104,0.8815190127152093
2010-10-16,0.04792520849014204,2.31,KERVILCO,0.0,361.65258887365445,0.0,14.402878396622391,1.076068353676359,659.9763419723905,2.6989807193439765,0.7857367472856334
2010-10-17,0.04792520849014204,2.31,KERVILCO,0.0,331.3957750197874,0.0,12.66650126353345,0.8751991580908821,650.7104779865766,3.0791386627269497,0.7995402008708608
2010-10-18,0.05311191936569854,2.56,KERVILCO,5.871647531913009,146.46847226119817,0.0,6.748430312836194,0.4230395002599716,629.9470074152747,1.8542072447971685,0.4073490184615533
2010-10-19,0.06016584615645537,2.9,KERVILCO,0.0,300.1133556840092,0.0,9.28965359736011,-0.7542055158411849,578.0653247958288,2.066686749874837,0.4569780646441626
2010-10-20,0.05207457719058724,2.51,KERVILCO,0.0,370.4867645341869,0.0,13.390458221209594,-0.4763092733473965,588.7481053794651,2.361353134332229,0.7352240395357137
2010-10-21,0.05622394589103244,2.71,KERVILCO,2.9924295327853128,158.9592486740741,0.0,6.434177242147797,0.0696149877131566,613.9056400932382,1.7055212043612296,0.3133386770140403
2010-10-22,0.058298630241255034,2.81,KERVILCO,2.854403517269335,152.4117586805414,0.0,4.808590744289606,-1.1701450881087605,561.6843925791651,1.5378491909689351,0.237381894604943
2010-10-23,0.06224053050667798,3.0,KERVILCO,2.33540913505283,131.36051637135998,0.0,3.857843010127471,-0.934461079586711,571.0175330610248,1.8348860803894,0.2722086809883737
2010-10-24,0.06307040424676702,3.04,KERVILCO,3.414206840435339,167.9292179826278,0.0,4.760628288452414,-1.88758676206644,532.6108077439821,1.824497909400076,0.2679129476269717
2010-10-25,0.07842306843841423,3.78,KERVILCO,8.74927990501849,292.4380115505098,8.45975709425614,4.085917604152646,-8.263510718527641,329.7509032694348,1.385839500043171,0.1754412078482252
2010-10-26,0.05726128806614373,2.76,KERVILCO,0.0,260.4568366899033,8.45975709425614,-3.136066035478281,-10.203775244446852,281.70119011588184,1.3584089277092184,0.1801704287321721
2010-10-27,0.05726128806614373,2.76,KERVILCO,0.0,369.1361043566432,8.45975709425614,-0.7533938981068157,-11.577158836520118,252.49216408602783,1.5247472231965122,0.2138171564831138
2010-10-28,0.06452268329192283,3.11,KERVILCO,0.0,446.54327844893504,8.45975709425614,6.3738853933410455,-10.128364445377654,283.002361292403,1.6514439573542163,0.4821047967924048
2010-10-29,0.07344382599788,3.54,KERVILCO,0.0,408.72671133247474,7.593090424104949,9.995665361994632,-3.81582044910097,458.971636992747,2.6103418427003025,0.6468052628946672
2010-10-30,0.07074673634259063,3.41,KERVILCO,0.0,385.3525812139465,6.018027366693278,10.676629711913533,-2.0293480940878426,518.833878934945,2.636705870771325,0.6214853223459222
2010-10-31,0.06846458355734576,3.3,KERVILCO,0.0,361.1847590368753,5.151467516887908,7.425161228184376,-3.744251439196192,460.6182312101087,2.2090755234081687,0.4284511630661909
2010-11-01,0.06265546737672249,3.02,KERVILCO,0.0,321.95634467913345,4.54789956758623,5.043045834490071,-4.425489993306596,439.4996540457636,1.9311410293083715,0.3849797255494807
2010-11-02,0.05975090928641085,2.88,KERVILCO,0.0,406.6577305904994,3.706975466566884,10.704021141694184,-3.852466472012165,443.5175457256519,2.5840505687993147,0.5849809634953681
2010-11-03,0.0641077464218783,3.09,KERVILCO,0.0,368.2768109998729,2.177564150469412,10.74431301882523,-1.7469115902082657,527.4374682028589,2.0334043734196854,0.5601891461410347
2010-11-04,0.06182559363663345,2.98,KERVILCO,0.0,360.4821928870417,1.200872849994228,9.883793852134168,-2.681336054567576,493.7081434380564,2.481551143159994,0.6058688167793645
2010-11-05,0.06058078302649989,2.92,KERVILCO,0.0,351.8482991897987,0.4639003737538153,10.860413278947398,-2.18807527198676,510.3086800951161,2.671022702594719,0.6958462810667894
2010-11-06,0.062033062071655716,2.99,KERVILCO,0.0,348.06411435358086,0.0697477620130592,12.573149954236124,-1.2857542158180757,540.0009144539326,2.5210881242180534,0.801700615774974
2010-11-07,0.061203188331566676,2.95,KERVILCO,0.0,278.79277057412224,0.0013397224402412,8.649627315625589,-1.3073644792889605,550.1911335629334,2.430370188486137,0.6008029644875903
2010-11-08,0.058298630241255034,2.81,KERVILCO,0.0,327.716889206643,0.0,9.69836810235672,-3.178341479703062,470.4753061173772,2.499883100556549,0.651749880082762
2010-11-09,0.051452171885520454,2.48,KERVILCO,0.0,307.92673870740555,0.0,1.9578163594385345,-9.254198844934802,303.701398398784,1.4830897892617507,0.2545849527252649
2010-11-10,0.034439760213695145,1.66,KERVILCO,0.3118691534643931,314.01110393824644,0.3118691534643931,-0.6847998383819286,-12.22378588479663,239.35517590778457,1.159211803805963,0.2353575404084212
2010-11-11,0.04875508223023108,2.35,KERVILCO,3.0188519511549,219.9878609627996,3.3306099602699764,-1.226058367871596,-10.196666020402288,281.4495921417234,1.0206440155377052,0.1935099311767253
2010-11-12,0.0356845708238287,1.72,KERVILCO,0.0,322.96746290989563,3.3306099602699764,-1.7774110597646866,-12.242152034524304,239.2468225210584,1.2752061062043836,0.2094004191112362
2010-11-13,0.04626546100996396,2.23,KERVILCO,0.0,329.6753848677788,3.3306099602699764,-1.075888655634175,-11.94763337179396,244.3825038191301,1.3778132445157456,0.2272752722317611
2010-11-14,0.04730280318507525,2.28,KERVILCO,0.0,312.0681524097429,3.3306099602699764,-1.4443472652311753,-11.58819002237365,251.5657689128596,1.314371913045715,0.2061464602242277
2010-11-15,0.04688786631503073,2.26,KERVILCO,0.3710295861503066,230.4889779588649,3.701700440934088,-1.9500499171038168,-9.024329621400462,308.8358945208999,1.3835946674977824,0.2203019731169965
2010-11-16,0.04979242440534238,2.4,KERVILCO,5.483236191003067,237.006159329961,9.185002833022669,0.3347585815512365,-10.217110196539124,281.0400238763211,1.4317527271194563,0.2140455441867081
2010-11-17,0.05705381963112147,2.75,KERVILCO,0.0,312.0101455333551,9.185002833022669,-1.3441565955770978,-11.565033125118118,252.1748375098149,1.2852953120553872,0.2137964429006351
2010-11-18,0.05456419841085435,2.63,KERVILCO,0.0,362.5197742207389,9.185002833022669,5.137540524693991,-8.612841872144534,313.34376561066904,1.952986888685408,0.4414388095553849
2010-11-19,0.054771666845876615,2.64,KERVILCO,0.0,343.0730690341881,9.124098667514996,6.610742075836549,-5.901256843801862,387.4044630983611,2.083397418344871,0.5358445752536171
2010-11-20,0.05373432467076531,2.59,KERVILCO,0.0,314.3535545206694,8.805230733229708,6.010979655177649,-5.241410936897818,407.7410420991589,2.091526801501022,0.5231579318288077
2010-11-21,0.050829766580453684,2.45,KERVILCO,4.918121194701429,239.4267476780562,13.7235257082194,2.247983102796693,-9.385403135287689,301.690492783159,1.5611545138539806,0.2646799588558666
2010-11-22,0.05414926154080983,2.61,KERVILCO,0.0,220.64547236504987,13.7235257082194,-7.45432301844334,-14.531286132073452,198.6151150704732,0.8374775973244128,0.1174849477361325
2010-11-23,0.0786305368734365,3.79,KERVILCO,1.130435588296283,296.56446978826176,14.853788867940407,-3.484313006740144,-16.000979314956854,175.26432958410405,0.902035864053013,0.1600787245923003
2010-11-24,0.09336079576001696,4.5,KERVILCO,0.0,342.7275263145996,14.853788867940407,-5.70235798746166,-19.030556435839063,136.905347267271,0.7045671644236521,0.0974476982606876
2010-11-25,0.05622394589103244,2.71,KERVILCO,0.0,333.9910649789645,14.853788867940407,-9.752315086975845,-22.68511070547744,98.93705907933813,0.7899535001226721,0.1121772159732564
2010-11-26,0.18008260159932157,8.68,KERVILCO,0.0,357.2882305981931,14.853788867940407,-0.2196991748012974,-15.786396120991798,178.16010517055503,1.2561937665241951,0.2267323231460855
2010-11-27,0.12116156605299978,5.84,KERVILCO,0.0,327.42235533171083,14.853788867940407,2.507615056233392,-10.627977113557789,270.66391278503306,1.145411981296184,0.3292113623144322
2010-11-28,0.14854739947593812,7.16,KERVILCO,1.3789774011222422,247.2612295095856,16.23251516107894,-3.0423110737395764,-12.150316821569248,240.7260901904385,1.0755006136114649,0.1957554444231839
2010-11-29,0.09999978568072927,4.82,KERVILCO,0.0,270.71870373821133,16.23251516107894,-6.862705416879472,-16.469232722640353,168.89239219382964,0.8186114432629183,0.118471209218782
2010-11-30,0.14813246260589355,7.14,KERVILCO,0.0,309.73467368656884,16.23251516107894,-6.164984201711368,-17.954643797515054,149.2450494970928,0.9797220206439984,0.1421249691337572
2010-12-01,0.17219880106847574,8.3,KERVILCO,0.0,270.82357407974484,16.23251516107894,0.0332577976161613,-10.125093996312582,282.3540833041513,1.4338653188553718,0.2535406412878893
2010-12-02,0.1759332328988764,8.48,KERVILCO,0.0,268.6274304883278,16.230867283423052,3.500042600981853,-6.522951979458004,373.3719970717344,1.5981840929498394,0.3578367135750149
2010-12-03,0.19398298674581302,9.35,KERVILCO,0.0,292.1079599799971,15.583144093340502,6.9761032798334615,-4.456839031032435,432.6902745161106,2.13681551879434,0.4749805154167615
2010-12-04,0.21161780372270508,10.2,KERVILCO,0.0,260.96921357095846,15.007461363152734,5.018052670682813,-4.63003294591138,431.88199051886863,1.7370801995762222,0.4536255786357112
2010-12-05,0.16908677454314183,8.15,KERVILCO,0.0,266.7667707593218,14.962855203890102,3.977026047374297,-5.954583542996971,390.0150477160021,1.6739800847836974,0.3887502395278828
2010-12-06,0.14045613051006994,6.77,KERVILCO,0.0,297.61636354722447,14.962855203890102,4.426639074470148,-7.111279812625853,355.9146304015515,1.3581551468466362,0.34779771921845
2010-12-07,0.13464701432944667,6.49,KERVILCO,0.0,233.3040854584885,14.962855203890102,-0.7418631685299019,-9.024384534964728,308.6326781123703,1.2212149677135864,0.2022294969175871
2010-12-08,0.09813256976552893,4.73,KERVILCO,0.0,331.42613964951,14.962855203890102,3.965257419531788,-10.169589713735988,275.37428507716487,1.7844920410046323,0.3856523710655288
2010-12-09,0.07634838408819165,3.68,KERVILCO,0.0,249.7018286980574,14.938762809094849,3.103502061559116,-6.178894190315256,380.892520390304,1.875218103842062,0.3810995547326208
2010-12-10,0.12510346631842273,6.03,KERVILCO,0.6847369485970747,185.5433654833394,14.90770053874633,1.4254297847740522,-5.449865888793164,406.2889425054231,1.5196412254032772,0.2730707808655155
2010-12-11,0.14087106738011446,6.79,KERVILCO,0.0,238.3867394621648,14.90770053874633,-1.9991244951974696,-10.30972114521225,279.34758138286907,1.185739721511193,0.1858941319314502
2010-12-12,0.15165942600127197,7.31,KERVILCO,0.0,293.85401791594177,14.90770053874633,1.4104479181414344,-10.076589792850813,280.23186779628367,1.470979573214845,0.241685265833925
2010-12-13,0.14087106738011446,6.79,KERVILCO,0.0,290.93485178894616,14.886038077357195,5.24361684735232,-6.175563873012891,377.1434969030432,1.932373413963923,0.4155236286863679
2010-12-14,0.12240637666313335,5.9,KERVILCO,0.0,287.01517619377705,14.833596873254038,5.210257231576292,-5.955025129193517,385.41056297738686,1.9345484018238537,0.4664263087790134
2010-12-15,0.11224042334704261,5.41,KERVILCO,0.1067302265499186,213.2212212632284,14.927070987692286,1.027725537308397,-6.557274982983263,373.90488401468,1.228254179308559,0.233624860026496
2010-12-16,0.10933586525673096,5.27,KERVILCO,0.0,194.54363859971983,14.927070987692286,-3.3353502365329826,-9.933959281772612,287.88327934146065,0.7056285123897114,0.1466274265396881
2010-12-17,0.1246885294483782,6.01,KERVILCO,6.629391054798334,154.06804114716817,21.55579940074177,-4.373279091165505,-11.32720172346136,257.61507829369924,0.6592611420777774,0.1201378201297177
2010-12-18,0.09170104827983887,4.42,KERVILCO,8.218505542864044,170.97559433894838,29.774738296661628,-2.289207682812346,-10.02472562168859,285.35608501497165,0.9143925180336324,0.1768104052819141
2010-12-19,0.1775929803790545,8.56,KERVILCO,8.151572609569767,122.199931056078,29.388641545865465,0.1904162918895106,-5.080906463531775,418.7011558469499,0.9609887178581032,0.2021172299263604
2010-12-20,0.18692905995505615,9.01,KERVILCO,0.3284469734733424,111.66781983412528,27.871192585136296,1.2138844061207643,-2.3884296797265283,512.4541558352673,1.1179757288781929,0.2257911209687072
2010-12-21,0.1541490472215391,7.43,KERVILCO,0.0,156.91317362031788,26.91472196837621,1.1772333721118513,-3.725383504595931,464.9719315948696,0.9780244233286848,0.2136595991824194
2010-12-22,0.10995827056179774,5.3,KERVILCO,0.0,171.50318357895384,26.19005261465284,1.169640272931502,-4.273583912896237,445.082235009241,0.9828522478810988,0.20259804533535
2010-12-23,0.09543548011023954,4.6,KERVILCO,4.262675128139072,128.6672730058851,25.229441264620533,1.561193306921469,-3.714383892059199,464.7407813810842,0.97612728489754,0.2109031010276446
2010-12-24,0.08734421114437142,4.21,KERVILCO,0.0,272.4738423287589,25.229441264620533,0.710744400404416,-8.092118409734285,332.0535900350427,0.9961644223789892,0.1982141264678754
2010-12-25,0.10062219098579606,4.85,KERVILCO,0.0,323.94402838234083,25.229441264620533,2.2405227712535893,-9.627584053186297,292.9134881407176,1.0268379297098909,0.2895115409324714
2010-12-26,0.15829841592198432,7.63,KERVILCO,0.0,271.8076083899965,25.229441264620533,-0.0383790879432585,-8.553594527825798,320.2045150370429,1.1194086594473067,0.2814922114544543
2010-12-27,0.18132741220945517,8.74,KERVILCO,0.0,284.2125354411539,25.229441264620533,-0.902397931525128,-9.872617535081622,288.3697908095626,0.9815789441043522,0.1746013901674277
2010-12-28,0.21784185677337292,10.5,KERVILCO,0.0,298.861802182282,25.229441264620533,-1.6485940644766155,-11.367142199660725,255.72106688496504,0.9011947991609898,0.1766184011983068
2010-12-29,0.2676342811787153,12.9,KERVILCO,1.4176836027569002,249.03229066809968,26.646939856847965,-3.095553224828413,-11.620584324066236,251.110064489489,1.1471237028177874,0.2483955723043884
2010-12-30,0.3713684986898452,17.9,KERVILCO,6.17612059298603,244.4033304977201,32.823938638167256,-5.336054035210695,-16.732031191721493,166.0115741484614,0.5705215507531727,0.0855724922469698
2010-12-31,0.36099507693873223,17.4,KERVILCO,0.0,294.9495328278839,32.823938638167256,-16.056322306913252,-24.961495511976363,81.2912342728706,0.389667551356966,0.0485253094823409
2011-01-01,0.5580900902098791,26.9,KERVILCO,0.0,298.081538199839,43.19693921481961,-14.550064619652767,-26.05298656303552,72.85250405324946,0.5476512474302231,0.0710089445052896
2011-01-02,1.5248929974136103,73.5,KERVILCO,0.0,340.72920828699296,43.19693921481961,-7.846345872641966,-22.53337806938277,100.0400043139858,1.0168101924425166,0.1557376062399749
2011-01-03,0.6763470981725673,32.6,KERVILCO,0.0,279.3072297820228,43.19693921481961,-4.170338421081182,-14.696480328769107,195.64311564302275,0.9055001005579444,0.1587052413233822
2011-01-04,0.6846458355734577,33.0,KERVILCO,0.0,225.7878894743073,43.19693921481961,-5.853662088831223,-14.022350278401644,206.7714556401782,0.7724693322442725,0.1193985862995296
2011-01-05,1.1473004456730973,55.3,KERVILCO,0.0,291.9144398675084,43.19693921481961,-4.0326465218401415,-15.278475266661902,186.39749348206848,1.0174362509366712,0.1498569828066678
2011-01-06,0.5373432467076532,25.9,KERVILCO,0.0,324.00050399448713,43.19693921481961,1.0371431955991874,-12.182911035784558,239.2410852945664,1.266111413610029,0.2034307302466598
2011-01-07,0.0,0.0,KERVILCO,0.0,302.900068172579,43.19693921481961,2.879136786909613,-8.900837570969337,306.6610569730027,1.1255909932587556,0.2116317709389155
2011-01-08,0.0,0.0,KERVILCO,1.5571874418947638,294.68736040881384,44.7547875682644,1.6393211557693843,-9.501140399120567,295.4294063160255,1.014582587307549,0.197992628868624
2011-01-09,0.0,0.0,KERVILCO,1.923748626422892,276.6013407014594,46.67749104965214,-2.682809228361103,-14.20179259483122,204.0925438305783,0.6809092355462338,0.0986454917813338
2011-01-10,0.0,0.0,KERVILCO,0.0,311.96380474228573,46.67749104965214,-12.066810750591593,-23.67743094662201,90.77989178751758,0.5378270751485603,0.0735841067168507
2011-01-11,0.0,0.0,KERVILCO,0.0,363.5814300209095,46.67749104965214,-9.459669539045487,-24.96211645731788,80.46603107963332,0.7913651923812619,0.1161088143831414
2011-01-12,0.0,0.0,KERVILCO,0.0,344.4377169001499,46.67749104965214,-2.7645652373814267,-16.57676744843469,167.00632472160612,1.0846863394707702,0.188004622251328
2011-01-13,0.0,0.0,KERVILCO,0.0,302.44901912953634,46.67749104965214,1.0596722273680366,-10.182338692956208,279.2911905026755,1.093557991585531,0.1812715884272673
2011-01-14,0.0,0.0,KERVILCO,0.0,247.8050778906166,46.67749104965214,0.7000039873167377,-8.001526044087935,333.482527956868,1.0191300296056711,0.1612350528171617
2011-01-15,0.0,0.0,KERVILCO,0.0,295.0672115851336,46.67749104965214,2.051813250851312,-8.5138188267519,320.32104473197154,1.1464194772045242,0.2057725566008147
2011-01-16,0.0,0.0,KERVILCO,2.5727752829061363,242.6502726695997,49.2501430913877,0.6720039248770825,-9.557401747898885,293.0806961234749,1.0660393281822529,0.1667003848581186
2011-01-17,0.0,0.0,KERVILCO,4.520296153560587,177.6612382954613,53.77061196207536,1.288786728892091,-6.501069496350021,373.696694286908,1.098408329076669,0.1579065775065302
2011-01-18,0.0,0.0,KERVILCO,0.0,260.1550337885475,53.77061196207536,0.0617809686199867,-8.70061956531438,315.8279531810895,1.1143486588605254,0.1682421002098298
2011-01-19,0.0,0.0,KERVILCO,0.0,318.19821812866854,53.77061196207536,-2.0967635162367344,-13.245303252116916,220.6539776742941,1.0751172567357212,0.1632550959117852
2011-01-20,0.0,0.0,KERVILCO,0.0,337.9243108584304,53.77061196207536,-5.158498242085384,-17.210306096801325,158.5953984894787,0.8027738681419023,0.117318558966549
2011-01-21,0.0,0.0,KERVILCO,0.0,265.70814272464924,53.77061196207536,-2.209721484276653,-11.085915598019298,261.3629718267803,1.1901682746386175,0.1709602289798077
2011-01-22,0.0,0.0,KERVILCO,0.0,353.1503996581057,53.77061196207536,-1.7922897718112674,-14.62190177700793,194.1316261937633,1.006252210172598,0.1437820320977657
2011-01-23,0.0,0.0,KERVILCO,0.0,344.2865655932116,53.77061196207536,-3.956144909969421,-16.018615063262388,174.67024999202616,1.015542715376322,0.1496842214206995
2011-01-24,0.0,0.0,KERVILCO,0.0,304.62378023420587,53.77061196207536,-5.510676190371618,-15.54449172684969,181.5696228084214,0.9191869612220268,0.1353095992400457
2011-01-25,0.0,0.0,KERVILCO,0.0,388.9560715878872,53.77061196207536,-1.6894695688089767,-16.510563374977895,149.85527483755524,1.1773942421725945,0.191477158598914
2011-01-26,0.0,0.0,KERVILCO,0.0,347.6486082322976,53.77061196207536,-1.133922666020317,-12.986919239005225,205.0736037488508,0.844782236487111,0.1232010693539161
2011-01-27,0.0,0.0,KERVILCO,0.0,386.2375553589741,53.77061196207536,2.7756969817672625,-11.492818611742662,207.1710962945025,1.272811905639008,0.2032537672184361
2011-01-28,0.0,0.0,KERVILCO,0.0,415.153976264236,53.77061196207536,8.104729289465242,-8.820760737750414,224.94572329355364,1.4639827190058463,0.2752178883528552
2011-01-29,0.0,0.0,KERVILCO,0.0,374.9575689934697,53.77061196207536,5.830360067723369,-7.444094035237576,273.1299485414185,1.7670982619941842,0.3791213853984566
2011-01-30,0.0,0.0,KERVILCO,0.0,344.8656429831412,53.77061196207536,1.9304136233325253,-9.398667274324804,258.879966094789,1.5365155003502522,0.3317096341852697
2011-01-31,0.0,0.0,KERVILCO,0.5982619535783767,402.26298247589295,54.36924176684063,-3.646216433746065,-18.4259449080149,121.7651794944911,1.0545238685434954,0.1821871301574733
2011-02-01,0.0,0.0,KERVILCO,0.0,403.59862038550585,54.36924176684063,-14.163945646096554,-28.47640551075532,59.02263617543333,0.4713166514584191,0.0616307977906444
2011-02-02,0.0,0.0,KERVILCO,0.0,394.78975121261146,54.36924176684063,-18.300749730732225,-31.71055302602956,42.93867697367784,0.4527905995344141,0.0584499595680533
2011-02-03,0.0,0.0,KERVILCO,0.0,455.8785159568741,54.36924176684063,-6.346905273048934,-26.50663772956976,61.75522344842546,0.8469629089870628,0.140826932229564
2011-02-04,0.0,0.0,KERVILCO,0.0,381.89556289768814,54.36924176684063,-1.1656117897641514,-14.196874952447992,162.54786827526877,1.1201223774399165,0.1666200740162391
2011-02-05,0.0,0.0,KERVILCO,2.2119566657167047,221.22133214091872,56.58108311893341,-3.429908148522277,-11.19528730406483,244.5228544407045,1.0855676955040006,0.1384830432526701
2011-02-06,0.0,0.0,KERVILCO,0.2524628109878155,312.7961934534494,56.83356266352409,-7.272453140139023,-16.66679874625937,157.089360400653,0.8728324457463051,0.1195649064211776
2011-02-07,0.0,0.0,KERVILCO,4.500822595461311,285.2175418822913,61.33444910556251,-4.694845441311935,-17.061357702480127,152.85202887863463,1.254114494586022,0.1698465049415574
2011-02-08,0.0,0.0,KERVILCO,5.339416676022076,329.3145537382593,66.67419963660353,-7.028946128194137,-23.161443498780336,93.15781122886588,0.4488774017741653,0.044799777172219
2011-02-09,0.0,0.0,KERVILCO,0.0,436.3863073674412,66.67419963660353,-10.881164003190475,-25.96146484054601,72.20391287671472,0.6930246591103862,0.0863798538165947
2011-02-10,0.0,0.0,KERVILCO,0.0,449.64769509753353,66.67419963660353,-7.068845958036295,-22.99597521251277,88.82539747228701,1.124249636900809,0.1512222863702281
2011-02-11,0.0,0.0,KERVILCO,0.0,441.4834113722575,66.67419963660353,-2.23963528633324,-17.39503869143688,130.67361031646186,1.3680590998173987,0.1930979249791843
2011-02-12,0.0,0.0,KERVILCO,0.0,425.40564518711744,66.67419963660353,0.8215746570060946,-13.204532312063968,171.66888337961856,1.5367949862301011,0.2352121187401455
2011-02-13,0.0,0.0,KERVILCO,0.0,448.3385494283336,66.67419963660353,5.834438446377255,-9.854602855896784,195.80204358411416,1.992836712926109,0.3344888281419168
2011-02-14,0.0,0.0,KERVILCO,0.0,388.9561097554243,66.64784168709154,6.057017063428901,-6.133189571069994,282.83566165870894,1.8179347947656903,0.3786000605500408
2011-02-15,0.0,0.0,KERVILCO,0.0,402.5110464452457,66.56785157000475,6.936427047306527,-5.859625970403713,277.5448928766492,2.3922580052666143,0.4465898082712987
2011-02-16,0.0,0.0,KERVILCO,0.0,319.56009168467153,66.44231609522073,3.7189141763775537,-5.700356760698128,333.57933569308324,2.2749210538604223,0.5024993202757
2011-02-17,0.0,0.0,KERVILCO,0.0,306.76819599044086,66.44231609522073,1.1164440449000828,-7.681438885609097,301.4410213249456,1.774076364587093,0.2614434763746038
2011-02-18,0.0,0.0,KERVILCO,0.0,364.0512765211171,66.44231609522073,2.692605241106829,-8.149238336400058,262.3000316042928,1.77132030632376,0.3145125725535814
2011-02-19,0.0,0.0,KERVILCO,7.333769565691574,259.6906266477928,73.77571697018675,2.599966053904658,-7.515967849613897,319.2598906540482,1.8509652863754449,0.3161656714363196
2011-02-20,0.0,0.0,KERVILCO,0.0,291.1484718105686,73.77571697018675,-3.769328144094119,-11.592422197862444,248.80516997853329,1.4602719924679295,0.211605000977294
2011-02-21,0.0,0.0,KERVILCO,0.0,366.6328602429336,73.77571697018675,-3.879904481762064,-14.041998236481872,191.38957349065024,1.3528664517151148,0.180526217223027
2011-02-22,0.0,0.0,KERVILCO,0.0,458.846661065796,73.77571697018675,0.5050910113381282,-13.658315554573102,166.7573442398493,1.5147326237183238,0.2350059647744938
2011-02-23,0.0,0.0,KERVILCO,0.0,444.8355139514371,73.77571697018675,1.840594654191688,-11.534610836768737,195.029633096433,1.7003525332211935,0.2749931328974247
2011-02-24,0.0,0.0,KERVILCO,0.0,337.8875841012095,73.77571697018675,-1.2375697974352513,-10.240592031049507,254.84556728770644,1.4611900546127017,0.2053439473520519
2011-02-25,0.0,0.0,KERVILCO,4.316063050902279,255.2556404590306,78.09186019445552,0.1010119495813905,-8.943801178344616,301.3554778836427,1.5712861145979906,0.2306408621505914
2011-02-26,0.0,0.0,KERVILCO,3.450646550971686,311.69195662306134,81.54258905452467,0.0498965063714766,-9.062690788543366,285.659628716631,1.769136573347148,0.2590704593403455
2011-02-27,0.0,0.0,KERVILCO,0.0,413.15092949976577,81.54258905452467,0.3504405794304786,-10.515954558089517,235.9689874787732,1.686393051023536,0.2687850522967624
2011-02-28,0.0,0.0,KERVILCO,0.0,489.3004862203412,81.54258905452467,3.370733087200529,-10.684771214145252,202.4490057433776,2.0170749555645338,0.2954335456820584
2011-03-01,0.0,0.0,KERVILCO,0.0,513.8416306181266,81.54258905452467,6.9888931820068985,-8.61586966728324,216.2198063290372,2.272468078823114,0.4598042278622063
2011-03-02,0.0,0.0,KERVILCO,0.0175288674605356,468.7385080901207,81.56011793513545,6.2185221907541175,-6.820216971607455,265.0910871846637,2.402020029504226,0.5033559658756187
2011-03-03,0.057883693371210514,2.79,KERVILCO,1.5971984243324315,415.597025093352,82.28485335991437,5.933820175996044,-5.9568583607725225,293.2977893671052,2.248576811365883,0.3794268620779406
2011-03-04,0.09896244350561796,4.77,KERVILCO,0.0,432.0200254263799,82.28485335991437,-1.5277544905086236,-12.311412224083004,191.56034921094763,1.583598392635951,0.2177957286855861
2011-03-05,0.08132762652872588,3.92,KERVILCO,0.0,530.6722036395145,82.28485335991437,1.2009127852565982,-13.772442849264507,132.12038225329647,1.9128527272057407,0.2763775187506065
2011-03-06,0.07655585252321391,3.69,KERVILCO,7.199416012507079,266.856930383164,89.48424850046995,0.2121363689566418,-8.169020016591432,295.0097190153936,1.7539949376572557,0.2639204530114006
2011-03-07,0.07344382599788,3.54,KERVILCO,13.619592702645424,210.78914650686693,103.10306349051685,-1.9836185161237685,-8.17811656887609,323.26693041324376,1.4123314905791813,0.1669129201960934
2011-03-08,0.07365129443290226,3.55,KERVILCO,1.042584277878133,353.88169083911527,104.14585743291276,-1.6878696226870566,-10.0284353286025,273.0384833291543,1.316302725619863,0.1419678408499942
2011-03-09,0.07012433103752384,3.38,KERVILCO,0.0,456.2936720404903,104.14585743291276,0.22811220910315,-10.321090136497522,234.1207072280305,1.7150657811397647,0.2044322233899874
2011-03-10,0.07282142069281322,3.51,KERVILCO,0.0,577.0591999663397,104.14585743291276,6.79286547114316,-9.362400909084393,195.36961712563823,2.136880445851649,0.3296707378366474
2011-03-11,0.09190851671486112,4.43,KERVILCO,0.0,537.0883882805725,103.73936015113829,8.703823181711012,-5.030544413420959,275.0233044990712,2.849035655165713,0.4871093196018553
2011-03-12,0.11224042334704261,5.41,KERVILCO,0.0,517.9848427747293,103.18404010525045,8.014870036521463,-4.678224024100333,292.3607471810453,2.763264641198956,0.5088254210893487
2011-03-13,0.13029017719397923,6.28,KERVILCO,0.0,465.806328268433,103.13872363941748,4.011208279017368,-6.2912315714280345,285.5240452700948,2.406709582725264,0.3534296255953312
2011-03-14,0.11203295491202035,5.4,KERVILCO,0.0,575.2093047653951,103.13872363941748,8.143516323791838,-6.676882978501344,215.21129689040964,2.9066920625021417,0.5344787657018916
2011-03-15,0.120539160747933,5.81,KERVILCO,0.0,521.9066580526486,102.46519754244832,7.60447637041747,-4.396058365428418,269.4872095616367,2.8838050145919807,0.5087630099377288
2011-03-16,0.12800802440873438,6.17,KERVILCO,0.0,567.5991538607188,101.24008724111984,11.136856688591836,-3.0825014166822298,259.4874086733218,3.261002111885577,0.6167994755783606
2011-03-17,0.16867183767309735,8.13,KERVILCO,0.0,470.43244576464485,99.12378869569704,9.353975845150446,-0.9617094282484948,361.6875669054057,3.365358046241968,0.5780964585952181
2011-03-18,0.15248929974136102,7.35,KERVILCO,0.0,540.3302147061665,98.72226995500068,7.242257787726621,-5.1887764359808966,245.6781297924713,2.7130077714940044,0.4892687969372629
2011-03-19,0.11784207109264362,5.68,KERVILCO,0.0,474.7321479144635,97.2305652143269,8.018369439921523,-2.447346513201752,329.5304110453637,3.3650026163449223,0.5785446057366926
2011-03-20,0.09958484881068476,4.8,KERVILCO,0.0,538.0060333437796,96.60232758297508,7.790633245941119,-4.506535541181783,255.0498367664497,3.4233182129862003,0.6475291430964047
2011-03-21,0.09502054324019504,4.58,KERVILCO,0.1042933685323933,526.0205909912053,95.50973631082049,8.738285576062317,-3.398201713728304,277.691897234073,3.947365609212135,0.6983704839223699
2011-03-22,0.08049775278863684,3.88,KERVILCO,2.697834674524455,281.05850623398226,98.20769618749264,-1.5081960704763484,-8.913009228902643,296.1470732146709,2.4353939805275657,0.3542563061962738
2011-03-23,0.07302888912783548,3.52,KERVILCO,0.0,589.1902518201156,98.20769618749264,4.131366681022063,-9.989678223658064,157.3392016315083,2.657285798913385,0.3805534196704846
2011-03-24,0.06721977294721222,3.24,KERVILCO,0.0,524.0164768558816,98.20769618749264,2.395614119903436,-9.009428301943206,194.47783811135776,2.440109121212764,0.3945290491831353
2011-03-25,0.06348534111681153,3.06,KERVILCO,0.0,576.7121346429171,98.20769618749264,4.223682761213892,-8.975387831915755,171.90524317938883,2.654805488933291,0.4196990453194494
2011-03-26,0.06970939416747933,3.36,KERVILCO,0.0,605.7284455963438,98.20769618749264,4.2414518568996655,-10.396918257144977,146.49890329516404,2.560611413372587,0.35192583244631
2011-03-27,0.06763470981725674,3.26,KERVILCO,0.1112505402256695,427.4589870722376,98.24443021156534,2.53571561846035,-6.15525540537233,273.77176638967507,2.4498561373019108,0.3636820481972411
2011-03-28,0.07780066313334746,3.75,KERVILCO,0.1564816478992523,500.57488312146376,98.2847936825167,4.459355097044509,-6.166260696465846,234.6014620055574,2.5653005482364954,0.3900499938302006
2011-03-29,0.08672180583930464,4.18,KERVILCO,0.0,614.1676007415812,98.2847936825167,2.650624602870548,-12.138167090497047,130.57777323847722,2.610354544322965,0.3504450635137918
2011-03-30,0.10020725411575153,4.83,KERVILCO,0.0,540.5955427866136,98.24575322603636,4.227434334083627,-7.329129153982161,201.77055492834623,2.946157280543748,0.4043502807666773
2011-03-31,0.12136903448802204,5.85,KERVILCO,0.0,544.3144638834848,96.70771393406704,9.260131446943358,-2.338711851577477,258.54484179263426,3.0846916936542,0.3907442071484168
2011-04-01,0.13755157241975832,6.63,KERVILCO,0.0,565.2231592990323,94.6121873662958,11.372524394825897,-1.0108335838453224,266.3464110244559,4.009566297698056,0.5992839184056417
2011-04-02,0.14854739947593812,7.16,KERVILCO,0.0,623.6474510787715,92.3757244814756,14.506999428460832,-0.6750723765697194,241.77411808890963,4.34090884211599,0.8337635816319773
2011-04-03,0.14999967852109392,7.23,KERVILCO,0.6043392911242602,668.3916608143924,92.979731411201,7.546131261081088,-10.737606743124571,117.0826322803013,2.4000307890282806,0.3354315999196788
2011-04-04,0.11721966578757687,5.65,KERVILCO,0.0,623.7664855305063,92.979731411201,1.1188007038205534,-13.513865486944244,119.45872113613528,2.173520634453696,0.257577690595593
2011-04-05,0.12033169231291074,5.8,KERVILCO,0.0,666.9061797540211,92.979731411201,10.992166622336152,-6.877348505833005,149.84948313976068,3.9210123520342393,0.6035527167734875
2011-04-06,0.13900385146491412,6.7,KERVILCO,2.112677445886788,460.19719936191495,91.78275832299693,9.778105581752044,-3.1504751819805974,285.77617659607984,3.611822294405837,0.5754138657580296
2011-04-07,0.1385889145948696,6.68,KERVILCO,0.0,423.2872859039212,91.0026522100692,4.492912712171161,-4.150764375426226,309.21090187178635,2.5077112938321524,0.372987154393834
2011-04-08,0.12531093475344499,6.04,KERVILCO,0.0,528.9951080061277,89.75775552961433,8.440358067252253,-3.0363894550618884,261.3911778509452,3.2806809713255696,0.484006271015677
2011-04-09,0.1288378981488234,6.21,KERVILCO,0.0,615.3521588291767,89.67715229759128,6.931537054107972,-7.477561476028229,162.94090084291602,3.1784737944059507,0.4696964883884847
2011-04-10,0.11680472891753232,5.63,KERVILCO,0.0,541.793799991715,89.67715229759128,-0.0113893064254453,-11.426326877126474,156.24572828750536,2.294081190176595,0.2802119959864909
2011-04-11,0.1080910546465974,5.21,KERVILCO,0.0,678.6168120924573,89.67715229759128,8.932264851221078,-9.105351522827196,123.15153936819168,3.234002156351407,0.4795400284448641
2011-04-12,0.12116156605299978,5.84,KERVILCO,0.0,583.4934879077153,88.55398317938545,10.047244005491088,-3.327350520495785,219.88306350101232,3.383614609052741,0.6788447096396919
2011-04-13,0.11597485517744328,5.59,KERVILCO,0.0,577.0110641519608,87.60194153157508,9.207332556245571,-3.732787272699353,216.065689712986,3.2756505756781857,0.5788200312987934
2011-04-14,0.12219890822811108,5.89,KERVILCO,0.0,444.115108920954,87.43542775821855,2.2355711893109875,-6.570301815252059,245.5790658124231,2.37833740804355,0.2934793913555021
2011-04-15,0.10373421751112995,5.0,KERVILCO,0.0,623.6227581690229,87.43542775821855,4.791311104941129,-9.480086528244543,139.14728009716248,2.975872357781567,0.3620215424977303
2011-04-16,0.11431510769726522,5.51,KERVILCO,0.0,618.169005092466,86.96192736068882,9.575759154310845,-4.872138377842716,186.2940677509408,3.803999085572473,0.575816880521717
2011-04-17,0.1371366355497138,6.61,KERVILCO,0.0,569.8641887922613,84.96007807235515,11.499152083312977,-1.2337296641565978,245.29106785249743,3.971114421429514,0.6040965389479047
2011-04-18,0.1655598111477634,7.98,KERVILCO,2.395109972494905,461.9349829004885,82.73846999303562,11.950319101352598,-0.7100532390309275,293.3590977547438,4.328729219672439,0.6810107834584853
2011-04-19,0.19253070770065717,9.28,KERVILCO,2.199125164820825,330.10780413683705,81.3587701537955,5.249905480727495,-2.7143276472670204,359.32194711434414,2.857050760602132,0.3622356882475485
2011-04-20,0.16120297401229594,7.77,KERVILCO,0.0,614.0834526312594,80.58112646482904,9.799009696675087,-4.148851285024092,183.0572021790049,3.621971588976385,0.5843801339350346
2011-04-21,0.14688765199576,7.08,KERVILCO,0.0,585.2239951502206,79.05938666981788,10.61126784479228,-2.3768443667286867,213.32318279851168,3.816218520316787,0.5980622071169971
2011-04-22,0.14149347268518125,6.82,KERVILCO,0.0,497.92712127745466,78.3785935741769,5.626171860111509,-4.4854094507230045,231.24535428646624,3.519127314604284,0.4839599497472738
2011-04-23,0.13568435650455798,6.54,KERVILCO,15.256800456378857,306.92269992615746,77.75763281069801,3.894275724102278,-4.155240776598274,351.9780650278966,2.8101554669055253,0.4847362884965095
2011-04-24,0.16804943236803052,8.1,KERVILCO,15.944540578820522,325.9162604287636,76.7910885242316,4.809179386264777,-3.699844270525096,394.435391132885,2.610823118358614,0.3522305546141176
2011-04-25,0.1599581634021624,7.71,KERVILCO,4.530657234780898,390.5258682046347,76.85364701746228,3.785327600807295,-4.573307039630516,368.2725952281471,2.467287037230654,0.2947025839949063
2011-04-26,0.15082955226118294,7.27,KERVILCO,0.0204122998798465,510.26050607460985,76.85443129445395,1.734323322427798,-8.257077647034594,262.2213284352636,2.3793888742334817,0.2954800858900776
2011-04-27,0.1246885294483782,6.01,KERVILCO,0.0,564.1755279787787,76.85443129445395,1.6859092947974803,-9.799233940920178,218.8269515432164,2.356081387726211,0.2749037411319155
2011-04-28,0.1180495395276659,5.69,KERVILCO,0.0,713.0630244725734,76.85443129445395,9.49586999606366,-9.541447506653544,160.14349321058987,3.757649026668066,0.5863745398830607
2011-04-29,0.13029017719397923,6.28,KERVILCO,0.0,673.544282123954,76.7528823278005,9.64926922105917,-6.6510116333358695,207.25364388169507,4.039161514154524,0.596378537538361
2011-04-30,0.12261384509815562,5.91,KERVILCO,4.462238845474206,452.39827013417215,81.21531353299584,2.135596143689711,-10.717412055468968,230.17446336914097,2.133930478761336,0.240810038034763
2011-05-01,0.11597485517744328,5.59,KERVILCO,6.381835210176956,284.24834264954745,87.5977200726488,-4.470569024898896,-11.433362964369776,256.5573602954202,1.2163006577815938,0.1435127305241595
2011-05-02,0.1132777655221539,5.46,KERVILCO,0.0,638.3537070232559,87.5977200726488,1.4988459692432108,-12.342401242828196,177.13428695265912,1.8281472134417984,0.1524248728103726
2011-05-03,0.11970928700784396,5.77,KERVILCO,0.0,707.5531733260487,87.5977200726488,8.539193687770279,-9.06492295620156,185.22012960428827,3.04163810202478,0.3780432012470021
2011-05-04,0.11991675544286624,5.78,KERVILCO,0.0,612.8480218719321,86.05630884770011,10.949749734603149,-2.330805304006732,328.72800822342265,3.928344639528731,0.5544904236386754
2011-05-05,0.12261384509815562,5.91,KERVILCO,0.0,701.7567389730266,85.26194599937759,13.21053541902655,-4.107514915535809,247.53159102690307,4.155270704512692,0.6213466013000715
2011-05-06,0.13817397772482512,6.66,KERVILCO,0.0,653.0117591760671,83.13949222265752,14.091823195947804,-0.9465904601270604,327.99900686055804,4.920324074425066,0.7792909236137716
2011-05-07,0.1748958907237651,8.43,KERVILCO,0.0,655.7753491834064,79.9201504094625,17.146561127772753,1.6645632447674688,368.79040495405445,5.105918319819316,0.8738925249194714
2011-05-08,0.2282152785244859,11.0,KERVILCO,0.0,611.9525665905719,76.77440923913136,15.17153341430368,1.490000997667547,394.3608132384866,5.004127038345931,0.8509720244434155
2011-05-09,0.29460517773160905,14.2,KERVILCO,0.0,595.2963768072143,75.06411404013222,10.773270773271175,-1.9275012471799315,322.53859662227376,4.6515557502558575,0.6972055850653858
2011-05-10,0.3153520212338351,15.2,KERVILCO,1.6123017592738107,533.054065284045,73.92809496360357,10.217757143223288,-3.2958184491972773,308.4102495920916,3.763856435749544,0.5222637989575295
2011-05-11,0.3132773368836125,15.1,KERVILCO,8.341735034579068,234.697327488318,72.57158959945275,2.891641549787633,-2.769665902932152,496.07825658274646,2.902606745098821,0.3716178629295088
2011-05-12,0.29045580903116386,14.0,KERVILCO,0.0,512.7244416263186,71.51735202437301,6.320354721811243,-3.5075205597007644,352.9791370000996,2.656741364399474,0.2860560752358445
2011-05-13,0.26970896552893786,13.0,KERVILCO,0.0,687.1471817388791,69.89575656191616,14.308688863899176,-2.1389620919810097,273.6220537436821,3.980239124640202,0.54411708897356
2011-05-14,0.29045580903116386,14.0,KERVILCO,2.323065122488252,469.3969100246866,67.75063980060078,11.224371199163398,-0.8928048974908109,421.0991381378343,4.01547822821839,0.6638671227221221
2011-05-15,0.31120265253338986,15.0,KERVILCO,0.0,584.5419843740414,65.3518764888192,11.908617031062134,-0.2857029733885022,377.4385891813101,3.990034828011173,0.5682671422726472
2011-05-16,0.33194949603561585,16.0,KERVILCO,0.0,641.5278581993296,62.67716943602813,14.92510868742884,0.4199870211839894,352.7383347230404,4.520047037126476,0.6985930202487369
2011-05-17,0.38796597349162604,18.7,KERVILCO,0.0,506.1142572285726,60.62158643764995,8.907048689982275,-1.0208036403706102,411.6691474753336,3.806804928691221,0.5183002120214575
2011-05-18,0.37966723609073566,18.3,KERVILCO,3.3813450662099065,389.9739428445276,59.06761792647748,7.49268509469244,-2.2076443394072776,440.021114210619,3.151825748225076,0.4224518579451488
2011-05-19,0.37344318304006785,18.0,KERVILCO,4.509798011055115,285.81542502978914,58.2928485097411,2.9490489431152263,-4.097499933232008,432.465389896949,2.637226293957424,0.2922555584456655
2011-05-20,0.35892039258850966,17.3,KERVILCO,3.902770952497528,372.0607348285909,57.62884924415059,4.951102446142771,-4.377478943105617,403.5154237328605,2.775377868959414,0.3113787075146585
2011-05-21,0.33402418038583853,16.1,KERVILCO,0.0,497.9392462684042,56.12732108340422,7.291613922948701,-2.2545329677987618,394.00681584429856,3.100013789494008,0.3512716033408847
2011-05-22,0.3091279681831673,14.9,KERVILCO,1.958049986466469,530.3256886195893,53.82472465715529,13.239397042888776,-0.2680043916444438,412.5912353951288,4.04323679401745,0.5356760184176413
2011-05-23,0.32572544298494804,15.7,KERVILCO,0.0,592.9386407385603,51.257957888028,13.088838952555044,0.4672975924132809,401.0878659040456,4.312579351758201,0.6831708521901428
2011-05-24,0.3195013899342803,15.4,KERVILCO,0.0,437.4343611394892,49.14185199590459,7.821484115285518,-0.5353758570597964,481.674612869832,3.5660044541275964,0.455609313937131
2011-05-25,0.31120265253338986,15.0,KERVILCO,0.0,617.5329815757711,47.355773311757794,12.508225016742928,-1.152101092098059,348.3561364036444,3.786775607221128,0.4530365787854841
2011-05-26,0.35684570823828704,17.2,KERVILCO,0.0,627.2461665815086,44.74838419487633,15.69849921896082,0.9732218567656464,384.98682012256825,4.818391030840197,0.7688530082651227
2011-05-27,0.439833082247191,21.2,KERVILCO,0.0,589.3598648878125,41.43811843543922,16.602534084517462,3.3435532935807912,453.7330178101523,5.169257364869375,0.7563255200139782
2011-05-28,0.5497913528089887,26.5,KERVILCO,0.0,587.9267259310703,37.95249337403614,17.347068552637513,4.03206588192068,464.1502512968351,5.185874538784045,0.8150558936282929
2011-05-29,0.6410774642187831,30.9,KERVILCO,0.0,546.9535056984342,34.524766929230715,16.166092312652136,4.485790497875625,512.2985369868377,5.70466145042302,0.9019736630488728
2011-05-30,0.7178407851770193,34.6,KERVILCO,0.0,448.9568764462312,32.91080808218639,8.362419554693034,-0.4063442142003497,460.56036090676304,4.045379448411454,0.5115012144965859
2011-05-31,0.6680483607716771,32.2,KERVILCO,0.0,695.4809978635279,31.876885846575064,17.56309674950925,-2.447560144464076,247.8589598665951,5.19773426067333,0.8667816426495278
2011-06-01,0.9647282228535086,46.5,KERVILCO,0.0,583.33140077477,28.52394394599905,19.018104259291288,5.409212986049047,499.64176229897305,6.1743293279324325,1.1456018503420502
2011-06-02,1.3277979841424634,64.0,KERVILCO,0.0,543.8658463899944,25.51376657847585,16.748615357813225,4.692487093419395,511.213761462082,6.318226505058158,1.07694769912042
2011-06-03,0.8174256339877041,39.4,KERVILCO,0.0,598.8797617353722,22.96858704758144,17.220823610583857,3.0813360572285737,418.52283948200346,5.827152487593069,0.9680191254180222
2011-06-04,0.8174256339877041,39.4,KERVILCO,0.0,621.5729475325703,20.22353704290809,19.61019874310114,4.0948317873510085,420.91213277577066,6.119642859865738,1.1911866723993274
2011-06-05,0.8257243713885944,39.8,KERVILCO,0.0,598.5793492818395,17.505292544418662,19.53089605027208,4.996596463829154,433.2015835662789,5.556663203606779,1.2684604981184318
2011-06-06,0.8526952679414883,41.1,KERVILCO,0.0,585.2527964342131,14.880211668009265,19.7581172126061,5.688106541070147,405.1807183413604,6.150875775826989,1.2455529636489564
2011-06-07,0.8983383236463853,43.3,KERVILCO,0.0,611.2441462591395,13.202977900314496,18.37872951175365,3.1639615921409927,324.33813054103604,6.016006361715831,1.025075400265587
2011-06-08,0.848545899241043,40.9,KERVILCO,0.0,621.131434061282,11.537990490674842,19.47259629669652,3.250699482433475,320.7574794388846,5.940958654030419,1.1437377529943058
2011-06-09,0.7966787904854781,38.4,KERVILCO,0.0,588.7974506814979,10.145036446390082,17.301368378826496,2.750469208255568,332.42498664643966,5.567533810124184,0.9386598904820468
2011-06-10,0.7614091565316939,36.7,KERVILCO,0.0,598.9070104402433,8.967519954390893,17.6723865565395,2.222855142676996,312.1596074586208,5.409508124115361,0.9256237712915136
2011-06-11,0.7572597878312487,36.5,KERVILCO,0.0,578.6076685909997,7.637036422001836,18.60371409360313,3.706272689361017,356.19165282484124,5.482943434440921,1.0922046077020962
2011-06-12,0.7614091565316939,36.7,KERVILCO,0.0,570.2845610399336,6.452500740186604,18.66901031344477,3.8157369283299953,368.3661749878723,5.821306307785268,1.1056809217409145
2011-06-13,0.7510357347805809,36.2,KERVILCO,0.0,560.9066179535807,5.496957443886353,18.855769557209648,4.418199735014518,384.37938656343147,5.943736859722379,1.160779132316928
2011-06-14,0.7261395225779096,35.0,KERVILCO,0.0,534.6000449656727,4.669541424530517,16.944679694518307,3.624781529529176,388.7181217883781,5.674566064451043,0.8972353051852905
2011-06-15,0.7033179947254611,33.9,KERVILCO,0.0,586.3129988041327,3.897515876373076,20.185564897575382,4.077445020382427,357.2457015243277,5.95071912137908,1.078854927030571
2011-06-16,0.7012433103752385,33.8,KERVILCO,0.0,549.8269781621893,3.034176210838088,20.88155433024143,6.253806879903539,440.26633718243767,6.112995455298448,1.2398157370340006
2011-06-17,0.688795204273903,33.2,KERVILCO,0.0,456.4789667044784,2.477219741089222,16.198195741932775,5.2598671830714805,499.6076653108499,5.6171571158366325,0.9754990040512158
2011-06-18,0.657674939020564,31.7,KERVILCO,0.0,481.93292526362416,2.011375340097284,16.655088673486546,4.653322341767312,457.18201071829424,5.202420487704877,0.8661580485935194
2011-06-19,0.6348534111681153,30.6,KERVILCO,0.0854760229410036,562.471074888835,1.762313419632228,17.12866927143707,1.6509770013893164,320.5512418891344,5.331076694302048,0.94951669016494
2011-06-20,0.6141065676658893,29.6,KERVILCO,0.0,435.024982331672,1.5784755774470345,11.409970066836266,0.9761355635028406,410.1343905820311,3.599897159442684,0.4652218396179863
2011-06-21,0.5663888276107695,27.3,KERVILCO,0.0,560.1629930412245,1.3041186649084548,17.30727925128752,1.7763076064850516,316.39794545267097,4.898201724470668,0.6780997824242048
2011-06-22,0.5394179310578757,26.0,KERVILCO,0.0,598.6182347593726,1.0580692662006173,21.54313467524064,3.1581175389502003,315.5537247202217,5.888410546942986,1.1139620234298175
2011-06-23,0.5352685623574306,25.8,KERVILCO,0.0,571.1437647267549,0.717824026763247,23.47509171339063,6.307650996255763,405.09059598276025,6.343776929136927,1.4192578344193396
2011-06-24,0.5373432467076532,25.9,KERVILCO,0.0,526.8763521680705,0.4841995241479276,23.55529932007687,8.529463919445721,510.4794946389803,6.636542425517106,1.4399910349920624
2011-06-25,0.543567299758321,26.2,KERVILCO,0.0,532.2031943533315,0.313249146385735,23.18046522145264,7.860689472594413,486.2511330855547,6.744534884612737,1.3547355054892665
2011-06-26,0.5186710875556498,25.0,KERVILCO,0.0,525.2795814823133,0.1893461115455227,22.839502233867226,7.782101744570269,489.9566817982916,7.031816360331715,1.3762079413363766
2011-06-27,0.49584955970320116,23.9,KERVILCO,0.0,510.8758772145864,0.0976326923783553,21.10062258777744,6.720316790522072,473.57142536642766,6.395926539407848,1.4348604814537609
2011-06-28,0.4149368700445198,20.0,KERVILCO,0.0,550.125658761697,0.0343579250835332,23.05934473309184,6.690663876491773,427.9888717693513,6.568068264621708,1.5396856413415652
2011-06-29,0.37966723609073566,18.3,KERVILCO,0.0,509.4424070724057,0.0,23.80714391325204,9.181813956187655,534.4031569580005,6.494004338653445,1.608181842797323
2011-06-30,0.40663813264362947,19.6,KERVILCO,3.644583539744034,356.09391611165324,0.0,18.774575181635907,6.434860425940974,629.3986916851948,5.984861318586926,1.2268573259744808
2011-07-01,0.4128621856942972,19.9,KERVILCO,0.0,572.8587816564705,0.0,21.72710621165364,3.942974294153476,357.18059728758965,5.4825340491206624,1.0986841964462253
2011-07-02,0.3672191299894,17.7,KERVILCO,0.0,519.7346764477845,0.0,23.190887131979284,8.038150846999814,513.5875629898412,5.882331153540473,1.4043672542548855
2011-07-03,0.3443976021369515,16.6,KERVILCO,0.0,518.9784659637374,0.0,22.99518019493509,7.88444348490102,504.8631860809769,5.711445691180838,1.4893709063184852
2011-07-04,0.31742670558405767,15.3,KERVILCO,0.0,506.6295169346552,0.0,23.807467329661183,9.130134111505782,563.0397261270831,5.3461600423101165,1.5139133756257777
2011-07-05,0.29045580903116386,14.0,KERVILCO,0.0,507.4497962523363,0.0,23.85079320862085,9.164289014612605,562.8794111797868,4.9860395483754685,1.460674506916365
2011-07-06,0.28008238728005086,13.5,KERVILCO,5.935159550427653,337.55985209055734,0.0,20.663743025228896,8.338901193283714,734.5568786826228,5.370655337386331,1.2252911872754446
2011-07-07,0.28423175598049605,13.7,KERVILCO,0.6612525370104263,475.53915252436747,0.0,21.488636008467623,7.999153101758821,573.3476874286855,5.172325302489739,1.1277833928312462
2011-07-08,0.27385833422938305,13.2,KERVILCO,6.9820195732765375,352.1313097700139,0.0,20.83890419219609,7.708322191392319,721.0273568553663,5.772481647316405,1.206169928926338
2011-07-09,0.2676342811787153,12.9,KERVILCO,0.0,430.5225209002605,0.0,20.119807664377987,8.621602311419482,705.1240480914298,5.063078555627287,0.9625707020843208
2011-07-10,0.2572608594276023,12.4,KERVILCO,9.889743439469148,344.69321988028884,0.0,20.60109510618829,7.978198063813494,791.0168371767669,5.213204507998178,1.2091969047119209
2011-07-11,0.28008238728005086,13.5,KERVILCO,7.37794685103541,323.9332542413088,0.0,18.516696587445427,7.130672531879104,836.0753991407967,4.59597051584369,0.984225634504946
2011-07-12,0.25311149072715705,12.2,KERVILCO,0.0,442.272674000992,0.0,18.51591357986152,6.883298734615599,711.2106506036905,4.252471182866881,0.7977967491217658
2011-07-13,0.21784185677337292,10.5,KERVILCO,0.0,514.0670352344373,0.0,20.86288522172144,6.3631829278472525,603.7794013472591,4.792131633386608,0.8750899339994812
2011-07-14,0.20186678727665888,9.73,KERVILCO,0.0,490.3209792782609,0.0,22.348487882565585,8.716415709661554,726.8021049538864,4.865194010546527,1.054291660885006
2011-07-15,0.1821572859495442,8.78,KERVILCO,0.0,502.5500246778963,0.0,22.00309673331033,7.910528439625913,677.6977020676989,5.433571094038689,1.1932464623061687
2011-07-16,0.16991664828323086,8.19,KERVILCO,0.0,494.3825619991343,0.0,23.097150865765336,9.2387461238469,745.083245227295,5.670796203032528,1.3874795018509931
2011-07-17,0.16784196393300826,8.09,KERVILCO,0.0,480.4735617297277,0.0,23.941120086011864,10.545721610490306,824.3212402238133,5.842001142971829,1.2911807553672403
2011-07-18,0.16078803714225143,7.75,KERVILCO,0.0,507.4691506941455,0.0,24.34521253990186,9.768174428836044,736.2842871342349,5.322127571955192,1.302539824943591
2011-07-19,0.1526967681763833,7.36,KERVILCO,0.0,487.0886890185043,0.0,22.227599729083703,8.701452863454016,710.6764332686031,4.866346808512207,1.0732234995288426
2011-07-20,0.1547714525266059,7.46,KERVILCO,0.0,504.56903426934616,0.0,22.93714644746977,8.523627127574759,679.0645597308798,5.365918688605756,1.1130055955914484
2011-07-21,0.15228183130633877,7.34,KERVILCO,0.0,473.40399940198506,0.0,22.138509581788863,9.0622631350332,746.0148253665385,5.064276229426421,1.2053287072465897
2011-07-22,0.14107853581513674,6.8,KERVILCO,0.0,524.4540784572479,0.0,23.57220517320009,8.294269708066823,646.5800190904305,5.324000622094728,1.306309261306868
2011-07-23,0.1257258716234895,6.06,KERVILCO,0.0,526.8840299544569,0.0,24.88409301596852,9.534374581292202,610.1589698026054,5.876650244958556,1.417825679105314
2011-07-24,0.1246885294483782,6.01,KERVILCO,0.0,505.7211875736541,0.0,23.748803415432068,9.693101702456524,546.2756235440604,4.960362864303881,1.4610825363980615
2011-07-25,0.1313275193690905,6.33,KERVILCO,6.808459936174147,385.5764661450455,0.0,23.449245184718468,8.70873383947952,615.402044715106,4.8225855129792,1.229897746210396
2011-07-26,0.17157639576340894,8.27,KERVILCO,0.2043023542700772,474.2099702833879,0.0,20.78218993507191,7.910884151434622,539.9716734948212,5.151948602769759,1.1123817985888742
2011-07-27,0.13900385146491412,6.7,KERVILCO,0.0,462.9575281358037,0.0,20.41233335076536,8.223178609564501,566.8092264004871,4.774749175216399,0.919464110034916
2011-07-28,0.11929435013779945,5.75,KERVILCO,2.232203598645423,461.71404573224055,0.0,22.488083215788205,7.899787027242161,554.5256438048239,4.9874670819622775,1.0539344174802965
2011-07-29,0.12136903448802204,5.85,KERVILCO,11.136812108347907,361.8050234827844,0.0,21.28174469029938,8.051021941247424,711.420619277469,4.706923254753825,1.0385896867513458
2011-07-30,0.14585030982064873,7.03,KERVILCO,7.2847056889557,393.5954729641089,0.0,22.32520248173423,7.787644644314502,690.9719698009964,4.646078509398377,1.0881465754966435
2011-07-31,0.2095431193724825,10.1,KERVILCO,0.0,457.9972315496274,0.0,19.87553535184188,7.8635433081251485,628.9221106173135,4.532938601256551,0.9663206656016212
2011-08-01,0.13796650928980284,6.65,KERVILCO,5.145367870647843,312.60560183877175,0.0,19.558530466468724,8.758661931011156,876.9017141928057,4.687015767129369,0.9419327034997388
2011-08-02,0.15497892096162816,7.47,KERVILCO,8.76826294549614,315.22932829274043,0.0,19.14987555991266,8.337490925435509,880.4116569499492,4.513752630199555,0.8867378176311851
2011-08-03,0.19128589709052365,9.22,KERVILCO,12.21034802384815,363.3820025386368,0.0,20.07903132654937,6.959033312478133,780.7641301474506,4.2019058032573895,0.7542576531253794
2011-08-04,0.1547714525266059,7.46,KERVILCO,4.176396469983249,320.9158736574824,0.0,18.11024628670608,7.312734032283392,911.6342125937994,3.902129132792635,0.6970934446375839
2011-08-05,0.12551840318846724,6.05,KERVILCO,0.0,497.7776754482792,0.0,19.881838506178344,6.451956340149635,682.517539266905,4.710048930085102,0.9737018945530438
2011-08-06,0.11016573899682,5.31,KERVILCO,0.0,501.7845109602738,0.0,21.204091048408067,7.369746748577804,717.6110422411699,5.1211433441745005,1.1629168868941566
2011-08-07,0.0946056063701505,4.56,KERVILCO,0.0,508.3290348058692,0.0,22.32704506530996,7.984663047963804,737.9392635689086,5.683931425904552,1.2270597549632194
2011-08-08,0.07697078939325844,3.71,KERVILCO,0.0,514.1564588917105,0.0,22.363088379802456,7.654831470084436,716.2487263168728,6.001774460522573,1.315811351039343
2011-08-09,0.06265546737672249,3.02,KERVILCO,0.0,522.5423654695466,0.0,22.77424511784608,7.543247484366655,695.0865577509121,5.71671915895304,1.3966386489259486
2011-08-10,0.05663888276107695,2.73,KERVILCO,0.0,513.0099445617338,0.0,22.03507833032417,7.304095382162992,659.6038043827693,5.971913829111135,1.3713951665928057
2011-08-11,0.05622394589103244,2.71,KERVILCO,0.0,503.60324354826463,0.0,21.954205827147184,7.508361114693507,680.8041642074684,5.46784948410121,1.3052834147982684
2011-08-12,0.057883693371210514,2.79,KERVILCO,0.0,517.2800779588599,0.0,22.533029600132465,7.291419243908561,657.4375527098726,5.361815279666478,1.3077773180548549
2011-08-13,0.051244703450498204,2.47,KERVILCO,0.0,523.30742512509,0.0,24.02565598891684,8.371064548718389,678.3194591848077,4.889537935522582,1.4210366247846795
2011-08-14,0.05497913528089887,2.65,KERVILCO,0.0,333.7009889106896,0.0,17.048587778539595,8.62143788836426,961.237548746883,4.087769527537808,0.9035840838396836
2011-08-15,0.05622394589103244,2.71,KERVILCO,0.0,465.07137275506153,0.0,20.99867059098263,8.270823284415874,756.0330550917448,4.684360935749029,0.9060453206190656
2011-08-16,0.047095334750053,2.27,KERVILCO,0.0,524.8172529622414,0.0,23.01198264273673,7.356508601394526,641.0547274548633,4.821138504820813,1.2537137548906276
2011-08-17,0.046472929444986225,2.24,KERVILCO,0.0,521.7802928614698,0.0,23.599738431117306,7.963650450706958,653.3377503432561,5.061171960959216,1.2603293091563523
2011-08-18,0.04460571352978588,2.15,KERVILCO,0.0,521.1241724182416,0.0,23.83338827895013,8.144994816372773,638.4368105694116,5.132544459505154,1.374238519762833
2011-08-19,0.045850524139919434,2.21,KERVILCO,0.0,414.5258231812804,0.0,20.088900232881542,9.027601412784906,808.0570545961351,5.092692544585572,1.2761625977035516
2011-08-20,0.046057992574941704,2.22,KERVILCO,0.0,471.6228944353762,0.0,21.15062957688904,7.965027428780901,680.8565880000257,4.357082676353569,1.11252845396976
2011-08-21,0.04668039788000848,2.25,KERVILCO,1.6764300624200272,407.8626984120892,0.0,19.919489548641188,8.378393100988474,772.9051986399328,4.47072007254568,1.0292793947751224
2011-08-22,0.052282045625609494,2.52,KERVILCO,2.609479546130411,371.1305569137203,0.0,21.806527922218613,7.151205605649105,760.952387187712,4.29877597457942,0.92300073899809
2011-08-23,0.05331938780072079,2.57,KERVILCO,0.0,503.4202178592536,0.0,23.03226755174012,8.149709856469304,661.8545080297089,5.188927552564453,1.2349019790702538
2011-08-24,0.05062229814543142,2.44,KERVILCO,2.035025789679706,403.5703519471002,0.0,22.0299127825064,8.072888100453891,790.490757368967,4.714052026281581,1.372401495844008
2011-08-25,0.056431414326054696,2.72,KERVILCO,0.0,438.8963030913854,0.0,19.88594154326048,7.820652225839411,751.1694148999437,4.807614889506998,1.2446094671821708
2011-08-26,0.04979242440534238,2.4,KERVILCO,1.1056666983998298,397.5048535196466,0.0,20.423473338668888,8.991766321691216,862.0055514857326,3.948983966758781,0.9087318649312148
2011-08-27,0.06618243077210091,3.19,KERVILCO,2.154720298450786,407.0713277540487,0.0,22.27433558733133,7.86953475832253,783.6629272798092,4.1177152883851385,1.0540220027144298
2011-08-28,0.059543440851388595,2.87,KERVILCO,9.8104748415997,337.2669907639352,0.0,22.14241329976468,9.037849345900153,959.4055024630326,4.117824632583341,1.055492000841094
2011-08-29,0.04979242440534238,2.4,KERVILCO,0.1648064941888815,427.9970756480749,0.0,19.18151545831635,7.456456012588735,816.55037933113,4.207440446702135,0.8606398480830506
2011-08-30,0.051867108755564974,2.5,KERVILCO,0.0,459.7506523801301,0.0,20.390824285562232,7.280054566467554,769.5465341995595,4.4535527156873504,0.9672997659472384
2011-08-31,0.045643055704897184,2.2,KERVILCO,4.39754319852658,341.092939228247,0.0,20.549573405912152,7.107234720485444,890.7753086070417,4.388060284995355,1.1451953233571657
2011-09-01,0.04626546100996396,2.23,KERVILCO,1.2976123926298484,417.6864928955492,0.0,21.472419885005305,7.398594386978026,841.6168758634411,4.662123818559531,1.1591364854263004
2011-09-02,0.046057992574941704,2.22,KERVILCO,0.0,449.2253279664236,0.0,20.526366528106145,7.454868408666588,817.9244956527194,4.951639556792732,1.1682396173072551
2011-09-03,0.04149368700445198,2.0,KERVILCO,0.0,479.809384342232,0.0,19.47411737838389,4.899238976562389,667.941500600509,4.190547206057419,1.075698328188369
2011-09-04,0.04024887639431842,1.94,KERVILCO,0.0,485.201425624534,0.0,17.825399852045752,2.9730032299216345,589.4655924284186,4.186454312304945,0.9664508792045832
2011-09-05,0.03921153421920712,1.89,KERVILCO,0.0,504.2968916251797,0.0,19.959000317809444,3.662249850487378,595.5947633590768,4.19206716436653,1.1770860594122876
2011-09-06,0.04688786631503073,2.26,KERVILCO,9.459551398629005,273.2982609525964,0.0,15.336333549731563,5.113836498459794,867.105916653928,3.673152630549136,0.9309159980007174
2011-09-07,0.06286293581174475,3.03,KERVILCO,2.192781935334861,283.1944566515774,0.0,13.340404651307107,4.356918591428909,813.7069065555676,3.4391780067238344,0.6031635491638779
2011-09-08,0.052696982495654014,2.54,KERVILCO,2.5033569559432607,273.090794662339,0.0,12.76721312144383,3.049483197884918,759.7079636716377,3.528883408279905,0.6034779161049211
2011-09-09,0.057883693371210514,2.79,KERVILCO,0.0,396.7811961710178,0.0,12.915343598372797,2.0087504578919617,664.5053030352146,3.383876950374828,0.5311013368890868
2011-09-10,0.05414926154080983,2.61,KERVILCO,0.0,411.2584753562988,0.0,13.172064459362362,1.7797447621324889,647.0965554906753,3.6806159819355786,0.6311969277462124
2011-09-11,0.04751027162009752,2.29,KERVILCO,0.0,441.0022614235245,0.0,15.309824901556825,2.5893773918147733,657.6505320451489,3.637950160754017,0.7643482051337286
2011-09-12,0.04439824509476362,2.14,KERVILCO,0.0,416.7519706052527,0.0,15.659057886555836,3.91772920475804,736.764853055876,3.901614670197955,0.7521263711750241
2011-09-13,0.0439833082247191,2.12,KERVILCO,2.655782172669668,305.6496943873394,0.0,13.46395926342078,3.534525315129481,782.1829623384555,3.389551260313383,0.6825506035591187
2011-09-14,0.06659736764214542,3.21,KERVILCO,6.924907010746678,226.66465180122745,0.0,10.014907335386924,2.170258562926473,714.7117020917141,3.1374868073878703,0.5965044485551182
2011-09-15,0.10124459629086284,4.88,KERVILCO,2.485817782950517,199.13672007780053,0.0,9.324049785535376,2.5548394516912225,735.0585075663527,2.3921899902876524,0.3165637976457577
2011-09-16,0.08257243713885945,3.98,KERVILCO,4.830729099657807,227.95500240076487,0.0,9.975729937101343,2.275069722164752,720.4445844002048,2.438169130037035,0.3972858968951221
2011-09-17,0.07655585252321391,3.69,KERVILCO,1.7674040769777786,236.2373197541008,0.0,7.92565339497253,1.8959911406959529,701.3171991728645,2.7418334464424525,0.4118375152102532
2011-09-18,0.06141065676658893,2.96,KERVILCO,0.0,429.3152091802012,0.0,12.60295092762419,0.6494941924021832,618.200285507476,3.249027264780272,0.492497020024856
2011-09-19,0.04979242440534238,2.4,KERVILCO,0.0,446.9786145880293,0.0,14.943244788417491,2.014657402565379,669.3618998479765,3.7378014686091694,0.6995914499952706
2011-09-20,0.04626546100996396,2.23,KERVILCO,0.0,454.303962537165,0.0,15.212388343610469,1.814210174067922,658.0843090955989,4.079556015048668,0.7469286834244356
2011-09-21,0.04502065039983039,2.17,KERVILCO,0.0,477.55640210125057,0.0,15.684504038910482,0.8057485625771618,601.9779179126766,3.98275618632341,0.743851970941595
2011-09-22,0.0439833082247191,2.12,KERVILCO,0.0,479.8807551261572,0.0,15.588472605013406,0.2884433124654365,580.1574681460299,3.964333303057769,0.7660465690741416
2011-09-23,0.04315343448463006,2.08,KERVILCO,0.0,482.4856815719592,0.0,17.964811555121678,2.062961963047296,648.6907753198143,4.3020079048702335,1.003983493503971
2011-09-24,0.0429459660496078,2.07,KERVILCO,0.0,459.62470142412354,0.0,19.64405310236869,4.728639656087334,790.158202079008,4.15324765148863,1.1592388867197378
2011-09-25,0.04273849761458554,2.06,KERVILCO,0.0,453.25204226484414,0.0,19.071915123427857,4.385315631511847,778.4413099009356,4.267733661145689,1.080639192286135
2011-09-26,0.0419086238744965,2.02,KERVILCO,0.0,458.8947151577345,0.0,20.308878817664127,4.946061043655063,802.366512225847,4.435663754124994,1.063985958590785
2011-09-27,0.043568371354674576,2.1,KERVILCO,0.0,425.88596709608976,0.0,18.7708072124442,5.260053246046105,847.2252617449751,3.7552756093900377,1.0731564587886029
2011-09-28,0.0439833082247191,2.12,KERVILCO,0.0,440.8257251582223,0.0,18.98076737855683,4.325392507014429,785.5705417062966,4.383205109866604,1.0999833585251937
2011-09-29,0.04253102917956328,2.05,KERVILCO,0.0,389.24223872517314,0.0,15.71464270405482,3.85340156837143,788.182346696001,3.6577043199708967,0.9542146261164972
2011-09-30,0.04336090291965232,2.09,KERVILCO,0.0,432.6579732443941,0.0,17.123595857329867,2.908602037476143,719.6244272980564,3.902667663945584,0.973742082993213
2011-10-01,0.0439833082247191,2.12,KERVILCO,0.0,415.5343173928541,0.0,17.268688835465714,3.799713493579597,774.3449401296929,3.752508932975068,1.039867418904673
2011-10-02,0.0439833082247191,2.12,KERVILCO,0.0,378.067827617042,0.0,15.613447182793603,3.828942789047166,789.0521323710632,3.643454483910404,0.96387572972962
2011-10-03,0.046057992574941704,2.22,KERVILCO,2.228521516964061,337.6669372312836,0.0,16.364532664859045,3.021743037181704,756.16656159017,3.024191659776817,0.8140042668642301
2011-10-04,0.06037331459147764,2.91,KERVILCO,6.937636359559652,216.9543621978094,0.0,10.935694980976775,2.741663173484205,744.5705257869081,2.6349971448636134,0.5396521352998851
2011-10-05,0.08423218461903752,4.06,KERVILCO,2.7736977176386044,175.1546466544696,0.0,7.637305574759698,1.6734561368501732,690.4187100272638,2.215767333608377,0.3194868852106735
2011-10-06,0.07074673634259063,3.41,KERVILCO,4.31604006952432,263.2698694029639,1.9404948295711824,4.068465278224499,-5.234585219796402,417.5101721411573,1.9611128879852544,0.2605345260154419
2011-10-07,0.06659736764214542,3.21,KERVILCO,4.814279402287322,288.52239501817047,5.813603209654253,3.440761371573801,-6.583511681204602,374.1063063225055,1.841248398921853,0.296957735348722
2011-10-08,0.06638989920712317,3.2,KERVILCO,7.878235341641698,218.449824837368,8.38282851633988,1.905626761414238,-5.309715156566917,412.753217976096,1.6897381852737925,0.2244477687844072
2011-10-09,0.06016584615645537,2.9,KERVILCO,0.0,315.6278823223422,8.316481297164744,2.304783545879759,-5.570893155545081,404.1567129865232,1.5614969958235898,0.2178904037596716
2011-10-10,0.061618125201611196,2.97,KERVILCO,0.0,386.7728418877851,7.709657557343634,6.652628528393863,-3.846490296090624,459.6125735470485,2.1502881315178075,0.3389390085407837
2011-10-11,0.06037331459147764,2.91,KERVILCO,0.0,365.06839523424594,6.501085157147196,8.303197238961854,-1.3567089270717922,553.956929924857,2.4381261276431605,0.4077423213434745
2011-10-12,0.059543440851388595,2.87,KERVILCO,0.0,419.15906283089913,5.63909220495533,11.080870176828595,-1.5058646961604811,547.6980775960897,3.0450144683710563,0.4779130984408256
2011-10-13,0.05580900902098792,2.69,KERVILCO,0.0,417.8647556650845,4.791485816887908,12.694578213983831,-0.7630318476463063,572.2615672253656,3.980816359654992,0.8311075875157824
2011-10-14,0.05580900902098792,2.69,KERVILCO,0.0,407.854186100792,3.803084733431552,14.017910941468823,0.6837003750752056,636.1201431707536,3.663099859182198,0.7226925747278966
2011-10-15,0.05331938780072079,2.57,KERVILCO,0.0,407.8863854624224,2.9174889488698783,14.757696948159827,0.7608156174670231,638.6226413753844,3.764175703686521,0.8646190642104611
2011-10-16,0.052282045625609494,2.52,KERVILCO,0.0,383.1085795992518,1.9293491118942248,15.172993230976797,2.1591747398721743,709.5288670007245,3.7816122794785225,0.8879621219965855
2011-10-17,0.059128503981344074,2.85,KERVILCO,4.118130161244081,226.05279696746567,1.5874403561416326,7.217691280802875,-1.9138371413319808,531.9207570914846,2.482926999989859,0.3817818126257261
2011-10-18,0.055601540585965656,2.68,KERVILCO,0.0,377.33426641404776,1.3834508040880298,8.699849581774775,-3.78151576503383,461.9998409757043,2.3233861734988404,0.370109485869225
2011-10-19,0.052696982495654014,2.54,KERVILCO,0.0,401.5738445549956,1.0544171621022276,10.981709104064915,-3.408244657459357,474.9023021347515,3.164663965843042,0.7113383908778917
2011-10-20,0.055186603715921136,2.66,KERVILCO,0.0,373.6498108529627,0.5967831380296132,11.39194601678812,-1.7590699064200437,536.7839218717992,3.205161207047783,0.629565672566461
2011-10-21,0.052282045625609494,2.52,KERVILCO,0.0,347.6101137211841,0.2277954156423725,11.088178729262042,-0.9667704887272878,569.117223335889,3.048218030452904,0.6412615622017396
2011-10-22,0.051867108755564974,2.5,KERVILCO,0.0,340.0433026783748,0.0454909988521214,10.831736036515004,-0.9805726974896124,568.5593359656098,2.981428131311889,0.6017400481513183
2011-10-23,0.051452171885520454,2.48,KERVILCO,0.0,364.7780581757349,0.0002502412528587,12.800705792435728,-0.5764746561863155,585.465252212921,3.2353704213612104,0.7150383217434476
2011-10-24,0.049584955970320116,2.39,KERVILCO,0.0,354.7790948644952,0.0,12.360535780160363,-0.5159339124863013,587.9500173557493,3.266823709913548,0.8080471265728965
2011-10-25,0.05352685623574306,2.58,KERVILCO,6.69765299582243,193.14429664795884,0.0,7.832432894900155,-0.5886176829126678,585.1038547498223,2.904189580252696,0.592115050084
2011-10-26,0.06182559363663345,2.98,KERVILCO,10.693003247158767,207.8266279980893,7.57358292180454,1.076488969531758,-6.671263531866433,371.9371476763836,0.9903140514429536,0.1118460462065193
2011-10-27,0.05850609867627729,2.82,KERVILCO,0.0,311.4557907288812,7.57358292180454,0.6858756799289397,-8.247426731337095,328.72348175703854,1.2153012202938902,0.1978226277059511
2011-10-28,0.06265546737672249,3.02,KERVILCO,0.0,382.61337876996646,7.57358292180454,2.771740382178613,-9.37312673671103,300.7292073354449,1.652009254834612,0.2938628450255717
2011-10-29,0.05746875650116599,2.77,KERVILCO,0.0,365.1350726632565,7.52156236147842,5.823438166703765,-5.943476090728412,392.1084851573453,2.3028656431951955,0.418120049429846
2011-10-30,0.06037331459147764,2.91,KERVILCO,0.0,385.2922892339941,7.181417257280969,8.274865055158807,-4.659309172439107,432.368904848249,2.5773313954715027,0.476231619080491
2011-10-31,0.059128503981344074,2.85,KERVILCO,0.0,351.5779941250753,6.268276582521581,8.46229041469644,-2.915462378007489,492.78614504146674,2.7070471294897884,0.5877738792481096
2011-11-01,0.06016584615645537,2.9,KERVILCO,5.317221039619104,270.6348617288152,5.541082173194162,8.775642380746628,-3.5356028084270825,470.4527025603919,2.317925050184773,0.5120653917028134
2011-11-02,0.05248951406063176,2.53,KERVILCO,0.0,343.29745266278945,5.541082173194162,-1.6055485665927611,-12.167481927775546,240.82110391480808,1.085066145130697,0.1951224453116784
2011-11-03,0.049999892840364636,2.41,KERVILCO,0.0,408.49484495031146,5.541082173194162,4.228324525808759,-11.399794959914075,255.7364763806558,1.2643545737326367,0.238145820352445
2011-11-04,0.06804964668730125,3.28,KERVILCO,0.0,353.3840723750175,5.526860320616878,5.958002079640337,-6.138300889645363,386.2944587899709,1.5330935504241248,0.3471810900329182
2011-11-05,0.06535255703201187,3.15,KERVILCO,3.0693747080136844,242.46358365867545,8.59593725018817,0.8860350705896205,-9.14370240624394,306.39935282119194,1.5458935791155066,0.2395586629483486
2011-11-06,0.06535255703201187,3.15,KERVILCO,0.0,306.536040339699,8.59593725018817,-1.624642439968796,-10.969044284929096,265.679522176903,1.2802158413835902,0.1999452108591235
2011-11-07,0.14439803077549287,6.96,KERVILCO,2.402152338891469,238.8412597144425,10.99788824403819,-0.8870872846976223,-9.715490676786205,292.8881064168047,1.0931299787456907,0.1893530280064403
2011-11-08,0.06970939416747933,3.36,KERVILCO,0.0,309.81065060287824,10.99788824403819,-1.319310497474267,-11.042332984735433,264.5971298448806,0.9137027815000686,0.1347063220079134
2011-11-09,0.06390027798685606,3.08,KERVILCO,0.0,354.5447868496197,10.99788824403819,-0.9476922556456944,-13.048182104951762,224.1195559340909,1.0313555617895125,0.1625728395967621
2011-11-10,0.0439833082247191,2.12,KERVILCO,0.0,365.8157234436891,10.99788824403819,1.970728768051513,-11.208799069457186,259.6823574453458,1.4875488371457295,0.265475066261999
2011-11-11,0.05041482971040916,2.43,KERVILCO,0.0,363.38534868328014,10.99788824403819,5.00154868067491,-8.323762215606736,326.23225928214515,1.7315279672254615,0.3445494403916784
2011-11-12,0.05809116180623278,2.8,KERVILCO,0.0,283.82336742676205,10.933142716886756,3.592863483973224,-5.856172505077525,394.6770485617159,1.6780798062044977,0.2887537917490115
2011-11-13,0.06058078302649989,2.92,KERVILCO,2.2824415107357487,186.46835486738377,11.698143489523217,1.2556720288158434,-5.536485656050138,405.1673058937015,1.5015666633194802,0.2201700441573749
2011-11-14,0.0682571151223235,3.29,KERVILCO,0.0,276.3463643295452,11.698143489523217,0.8839802276511705,-8.01888224971556,334.2918946634716,1.2088910741661798,0.1862604139944621
2011-11-15,0.0879666164494382,4.24,KERVILCO,0.0,285.9240361611295,11.698143489523217,1.8940364707947848,-7.491278822967636,348.0241273357834,1.2640803151370916,0.1979160966207642
2011-11-16,0.08775914801441595,4.23,KERVILCO,0.0,263.9595921841926,11.698143489523217,-1.4985081912643303,-9.909671258166332,288.0905777987481,0.9268163260848372,0.1297212419406332
2011-11-17,0.22199122547381808,10.7,KERVILCO,0.0,335.06343443136427,11.698143489523217,2.0027077319325195,-9.865180856514876,289.0073410724229,1.4074024680307329,0.2590710687968963
2011-11-18,0.23443933157515373,11.3,KERVILCO,0.0,325.29281741933085,11.698143489523217,4.536042064986919,-6.985340566556748,361.99025075949993,1.372944399166542,0.2554309731119703
2011-11-19,0.06058078302649989,2.92,KERVILCO,0.0,253.3731817363729,11.297108220786711,3.155167219667665,-5.04393632057078,419.8715531720262,1.4046816568176932,0.2552991307958748
2011-11-20,0.061203188331566676,2.95,KERVILCO,0.0,309.2381778100236,11.297108220786711,3.549245936805925,-7.145073333987264,357.4623747843999,1.1652158888194537,0.2559187428060139
2011-11-21,0.07240648382276872,3.49,KERVILCO,0.0,235.8238777779354,11.166203132818506,1.790691494802188,-5.688828653561084,399.772618827453,1.0881330436019667,0.2719443950258251
2011-11-22,0.0796678790485478,3.84,KERVILCO,0.0,293.4386361036986,11.166203132818506,2.1770906085409094,-7.57434027951306,346.0663189675534,1.2165788352689804,0.2057995436381058
2011-11-23,0.12157650292304431,5.86,KERVILCO,0.0,364.8812180131586,11.166203132818506,7.132879776643806,-7.741018273819228,341.3542132001087,1.606727949573548,0.376250089336515
2011-11-24,0.07116167321263515,3.43,KERVILCO,0.0,328.5004791801041,11.027428710204008,6.5425287065385085,-5.669300851637519,400.38429031608194,1.3917955945071352,0.4621183692829799
2011-11-25,0.05995837772143312,2.89,KERVILCO,0.0053868423797164,263.7514165864523,11.017296601365658,0.5056301026712393,-8.195849724741954,331.261902999967,1.289171615212909,0.2370197751196501
2011-11-26,0.05933597241636633,2.86,KERVILCO,0.0,327.6293883020122,11.017296601365658,-3.2476386767941787,-15.297251041834183,187.9802857879744,1.014465745620167,0.1408689920038797
2011-11-27,0.06846458355734576,3.3,KERVILCO,0.0,348.82516065563726,11.017296601365658,4.905637101204214,-9.43597382995508,298.9778124096589,1.5606104218262826,0.281121686067737
2011-11-28,0.06804964668730125,3.28,KERVILCO,0.0,325.67397217536177,10.948641997504952,7.019073256771602,-5.898621019184609,393.20434763567135,2.0528206569074,0.4387381932750597
2011-11-29,0.05622394589103244,2.71,KERVILCO,0.0,288.7270242942954,10.830554074415735,4.887770125171535,-5.724755916130221,398.7133454873136,1.3470471119992542,0.3222306686321839
2011-11-30,0.049999892840364636,2.41,KERVILCO,0.0,302.7419117775255,10.830554074415735,4.669160445400302,-6.677666304087758,370.62796896196056,1.596745113537699,0.351203287239063
2011-12-01,0.04937748753529786,2.38,KERVILCO,0.0,260.3150133887789,10.830554074415735,-3.322408253273645,-12.259685230010769,238.70475253612645,0.7617390750053583,0.1074242327902913
2011-12-02,0.0771782578282807,3.72,KERVILCO,3.967343179649064,203.9584553538851,14.798064360035143,-3.425548228212236,-12.963375899594247,225.4287141760132,0.816218002539245,0.1480132850945493
2011-12-03,0.07427369973796906,3.58,KERVILCO,5.377555498905951,130.02107221302484,20.17563906525508,-6.938783069826523,-12.412120039167666,235.72041703451052,0.3969016461559853,0.0489165000232281
2011-12-04,0.08609940053423787,4.15,KERVILCO,5.672729028758463,200.27659901740847,25.848508833537725,-9.09205583526245,-17.94004489370228,149.692657942669,0.4774704311551408,0.0698355899760558
2011-12-05,0.11473004456730973,5.53,KERVILCO,2.149333139669201,231.1811577199458,27.997632704028344,-12.213820176062534,-21.175592860875323,112.75152134407396,0.4709965165575936,0.0652483901211213
2011-12-06,0.3008292307822769,14.5,KERVILCO,0.0,362.0303051036384,27.997632704028344,-7.963402546494224,-23.929718537146726,88.33134506046346,0.6215084411848727,0.0884840862952515
2011-12-07,0.3153520212338351,15.2,KERVILCO,0.0,331.5567070089328,27.997632704028344,-1.2589667545411676,-14.413765275535091,200.2846841470981,1.1976222424716434,0.2096054446775185
2011-12-08,0.004149368700445198,0.2,KERVILCO,0.0,297.0222661824224,27.997632704028344,-2.801701434562816,-13.58825726448956,214.34219515066985,1.0661870030582317,0.1869100529261307
2011-12-09,0.004149368700445198,0.2,KERVILCO,0.0,309.60480991366205,27.997632704028344,-3.418898878896944,-14.996302637108665,190.8674659024483,0.916027520465429,0.1577454224344891
2011-12-10,0.004149368700445198,0.2,KERVILCO,0.0,324.617883604119,27.997632704028344,-0.0353798539598439,-12.901269151233748,226.63055733668696,0.8627139762441138,0.1759382616670901
2011-12-11,0.004149368700445198,0.2,KERVILCO,0.0,311.4845029349763,27.997632704028344,-1.7810728486129874,-13.600881158077822,214.06249190777945,0.8332484168128238,0.1716631201415493
2011-12-12,0.004149368700445198,0.2,KERVILCO,3.3187857432268792,204.60337168025285,31.316156202503343,-2.721247552091844,-12.439297530358411,235.2685011388029,0.8372338631598116,0.1828324889518676
2011-12-13,0.004149368700445198,0.2,KERVILCO,2.727727198782453,133.3041067446795,34.04312612387524,-2.1976769475361726,-7.977328548930911,335.12503082528275,0.8171830525283532,0.1500401954793826
2011-12-14,0.004149368700445198,0.2,KERVILCO,2.025377519937733,204.68100926524684,36.06879970862432,-4.20751686191159,-12.366238694497063,236.9027615557621,0.631928750084885,0.0989324250753283
2011-12-15,0.004149368700445198,0.2,KERVILCO,0.0,292.9321949433806,36.06879970862432,-4.345723299665828,-14.986287324552562,190.98229710135672,0.6060480590991413,0.1137436419033194
2011-12-16,0.004149368700445198,0.2,KERVILCO,0.0,330.94336125677023,36.06879970862432,-1.9585720901540669,-15.60782169607855,181.38027819392013,0.8494421409186476,0.1634090075767745
2011-12-17,0.004149368700445198,0.2,KERVILCO,0.0,337.5335850725317,36.06879970862432,2.7274566631278105,-11.95962599036198,244.62519951586452,1.241553145531414,0.2862760873433892
2011-12-18,0.004149368700445198,0.2,KERVILCO,0.0,326.55332803029626,36.06879970862432,4.074361245987844,-9.715783837972069,292.52838204532264,1.4036670041470665,0.3313165229859039
2011-12-19,0.004149368700445198,0.2,KERVILCO,0.0,239.8443440797861,36.06879970862432,-2.214548260635998,-10.75266546814467,269.4184769909099,0.6797754945844183,0.1299082569881848
2011-12-20,0.004149368700445198,0.2,KERVILCO,0.0,265.2207537205468,36.06879970862432,-3.080065901257792,-12.722801586938289,229.9300952784564,0.6496378533106543,0.1166261382940736
2011-12-21,0.004149368700445198,0.2,KERVILCO,0.0,286.46265253691126,36.06879970862432,-3.817080634599724,-14.540124774467111,198.171440042508,0.8423353082240911,0.1398107949962299
2011-12-22,0.004149368700445198,0.2,KERVILCO,7.190582002721841,189.07742755386323,43.25865534625986,-9.65039296469305,-18.708903193961746,139.56929834322753,0.3551189362747904,0.0428541048238472
2011-12-23,0.004149368700445198,0.2,KERVILCO,0.0,332.1503033943452,43.25865534625986,-6.074476067934423,-19.78942105951875,127.21658128843322,0.6901157820967765,0.135012788796196
2011-12-24,0.004149368700445198,0.2,KERVILCO,0.0,316.9252757921396,43.25865534625986,-2.210633596490613,-14.777768093243818,194.31864738077172,1.0227156756705784,0.2096670843941737
2011-12-25,0.004149368700445198,0.2,KERVILCO,0.0,313.832921538471,43.25865534625986,-0.1230378359909376,-12.637686286629991,231.5279769833992,0.9601450890837204,0.2359532888473312
2011-12-26,0.004149368700445198,0.2,KERVILCO,0.0,310.7311000874118,43.25865534625986,0.4106212766447277,-11.873791205411363,246.2918199293745,1.3445172840170585,0.2498915576773362
2011-12-27,0.004149368700445198,0.2,KERVILCO,0.0,312.25531719571205,43.25865534625986,0.2826851024986461,-12.033897028822718,243.1152331822645,1.257886789173601,0.2232768288937342
2011-12-28,0.004149368700445198,0.2,KERVILCO,0.0,296.5176815781783,43.25865534625986,0.6582423236896936,-10.60235201253704,272.64735088187814,1.403260676346144,0.229410509926948
2011-12-29,0.004149368700445198,0.2,KERVILCO,0.0,264.4967143416212,43.25865534625986,2.4856726927430803,-7.234771573917627,355.18729743603365,1.184564787795439,0.1943006995631623
2011-12-30,0.004149368700445198,0.2,KERVILCO,0.0,255.91219262479223,43.19693921481961,3.0800046651800765,-6.105114643833436,387.43156843327296,1.1126170989312785,0.1841853768811607
2011-12-31,0.004149368700445198,0.2,KERVILCO,0.0,300.73585818567665,43.19693921481961,0.0985238437404868,-11.321128769875498,257.3866458910721,0.8231071350634078,0.1153367422641361
2012-01-01,0.004149368700445198,0.2,KERVILCO,0.0,310.397454511758,31.31536153921736,0.6346534207688387,-11.874488049245926,223.49389930804568,1.5872387879620993,0.28288434997257
2012-01-02,0.004149368700445198,0.2,KERVILCO,0.0,319.116666353783,31.31536153921736,3.615054076540899,-9.567489596477293,253.79193726530383,1.324250606208279,0.2794075410201075
2012-01-03,0.004149368700445198,0.2,KERVILCO,0.0,317.6509331312877,31.31536153921736,3.625246743783631,-9.36430732819337,257.7161976195847,1.5018161787359516,0.2990037312966124
2012-01-04,0.004149368700445198,0.2,KERVILCO,0.0,317.7465602593836,31.31536153921736,3.879841610657896,-9.042411578879346,263.24336254658994,1.446809042583452,0.2935603678802662
2012-01-05,0.004149368700445198,0.2,KERVILCO,0.0,335.05014749665145,31.31536153921736,5.780048939341623,-8.519907433880906,259.7996368479291,1.5592966909507908,0.3257008212933124
2012-01-06,0.004149368700445198,0.2,KERVILCO,0.0,284.32231832167054,31.31536153921736,2.249726130989974,-8.461712413887618,293.2569962606537,1.3296576271532838,0.2474271043932287
2012-01-07,0.004149368700445198,0.2,KERVILCO,2.887421382762388,188.73291468194253,34.20273405719108,-1.3030727880490798,-10.488720824931024,274.3482912661553,0.9368717294319124,0.1925606346202568
2012-01-08,0.004149368700445198,0.2,KERVILCO,0.0,296.29751693036553,34.20273405719108,-3.4177275384243213,-14.472052783356116,193.02479144879584,0.7120385302219497,0.1215643525742928
2012-01-09,0.004149368700445198,0.2,KERVILCO,0.0,345.9605857877303,34.20273405719108,1.848219349544492,-12.709085899408374,200.6001156950421,1.0192290541832234,0.2072439072541773
2012-01-10,0.004149368700445198,0.2,KERVILCO,0.0,344.41626605376337,34.20273405719108,3.682163995433572,-10.647417051027087,229.95917650037248,1.2888652014338062,0.2579829658492187
2012-01-11,0.004149368700445198,0.2,KERVILCO,0.0,328.59395031254496,34.20273405719108,-4.745142593649097,-17.437663627993402,150.09117060354086,0.7356325566385841,0.1014700076343799
2012-01-12,0.004149368700445198,0.2,KERVILCO,0.0,336.0559639941039,34.20273405719108,-5.807734520684217,-18.89591316860896,124.62245655799246,1.018246916503836,0.1467568385751191
2012-01-13,0.004149368700445198,0.2,KERVILCO,0.0,346.1448173064693,34.20273405719108,-2.932730015909124,-16.72230018239217,140.6156016235514,1.1668573100949038,0.1821153435067311
2012-01-14,0.004149368700445198,0.2,KERVILCO,0.0,351.3036422940216,34.20273405719108,1.6068094249279594,-12.543457469798648,179.23595094485614,1.3495655362766552,0.2343500632932668
2012-01-15,0.004149368700445198,0.2,KERVILCO,0.0,297.41106437618885,34.20273405719108,0.6947396073548274,-9.913144000337974,243.1776758776438,1.325420608433554,0.2506456998604585
2012-01-16,0.004149368700445198,0.2,KERVILCO,4.204659757794711,222.19654502791224,38.407290308540006,-3.2434341611752777,-13.801871481332432,205.149231606968,0.936498273264322,0.1565641652879344
2012-01-17,0.004149368700445198,0.2,KERVILCO,0.0,236.59436805534432,38.407290308540006,-8.659011021893631,-16.537348166848457,164.86640340408945,0.845823729755454,0.1167223108208106
2012-01-18,0.004149368700445198,0.2,KERVILCO,0.0,312.7465637472083,38.407290308540006,-0.8420611619181995,-11.974537626042238,213.97019603214247,1.234525060678281,0.1892755008081816
2012-01-19,0.004149368700445198,0.2,KERVILCO,0.0,254.3357201784067,38.02511983265128,3.48857742195034,-5.0885471268337445,370.6713983114895,1.504552250804808,0.2298189020893514
2012-01-20,0.004149368700445198,0.2,KERVILCO,0.0,249.56733729306103,38.02511983265128,1.8380110532220524,-6.472577628262337,338.94217726187105,1.2397969263170625,0.1916105328650566
2012-01-21,0.004149368700445198,0.2,KERVILCO,1.713784232081592,245.8738559320372,39.738247701203086,1.298426014065796,-7.666592125376786,312.1866492408868,1.1952314458787197,0.2196039231546444
2012-01-22,0.004149368700445198,0.2,KERVILCO,0.0,245.6059409899981,39.738247701203086,-4.608295568013278,-12.380171380936853,230.55494781744991,0.8654522358992347,0.1083076050759357
2012-01-23,0.004149368700445198,0.2,KERVILCO,0.0,329.589797038841,39.738247701203086,-1.7298515776824894,-13.037467938358706,198.16986349087503,1.152730622702853,0.1870264439653277
2012-01-24,0.004149368700445198,0.2,KERVILCO,0.0,240.42865546844297,39.738247701203086,-1.928613697278857,-9.581620903055756,278.1995792023961,0.7982945726249532,0.1316001964628563
2012-01-25,0.004149368700445198,0.2,KERVILCO,0.0,383.6429466269647,39.738247701203086,3.198255949515619,-11.390918454799888,190.27678510243123,1.341939301067278,0.2195117212039834
2012-01-26,0.004149368700445198,0.2,KERVILCO,1.8120551787623989,309.5452108125172,41.550690513621774,1.6412492139063315,-10.134837091006773,239.0443211008652,1.2745779680771772,0.2038347906691235
2012-01-27,0.004149368700445198,0.2,KERVILCO,0.0058061296041505,335.45607474008074,41.55649664432873,-3.044711665448861,-14.066111962659036,185.8660970614685,0.6318942017106739,0.0692282025789848
2012-01-28,0.004149368700445198,0.2,KERVILCO,0.0,367.2534922808959,41.55649664432873,-3.536227754130625,-16.179686490725633,151.95416818508144,1.110001913934162,0.1640241441996017
2012-01-29,0.004149368700445198,0.2,KERVILCO,0.0,338.77804331350904,41.55649664432873,-0.1029193750707685,-11.170657551953855,222.29709135785896,1.413816787272991,0.2306595109471314
2012-01-30,0.004149368700445198,0.2,KERVILCO,0.0,354.3473139333788,41.55649664432873,2.4543399447343712,-9.30570295845497,240.92945258238404,1.337986864241058,0.2345949836128115
2012-01-31,0.004149368700445198,0.2,KERVILCO,0.0,317.48371218940014,41.55649664432873,-0.1215520292027263,-9.954502360927323,250.36390418748667,1.2267441878695329,0.2168819829804232
2012-02-01,0.004149368700445198,0.2,KERVILCO,0.0,409.7180768015826,41.55649664432873,1.4223762989364763,-13.454270403348117,162.67509321804508,1.1091260060225192,0.1827560733992748
2012-02-02,0.004149368700445198,0.2,KERVILCO,6.843783227795436,167.82895735219284,48.400565829357504,-4.187115245514244,-10.541107448689464,273.1585442240054,1.0037662473927995,0.1941345022180379
2012-02-03,0.11203295491202035,5.4,KERVILCO,0.0,287.2883293596403,48.400565829357504,-5.6093717540212165,-13.666852670288543,209.002053916992,0.821544398851218,0.1311645837052742
2012-02-04,0.18506184403985584,8.92,KERVILCO,0.0,409.6171623058104,48.400565829357504,-4.209862243704325,-17.61146623224852,137.56004082940393,0.8377179587578795,0.1237477424317225
2012-02-05,0.19211577083061268,9.26,KERVILCO,2.573982229431451,312.3395427277212,50.97502752362914,-4.044357270691615,-16.74100489053253,158.16160197748468,0.8370362659773414,0.1340079016740288
2012-02-06,0.18651412308501167,8.99,KERVILCO,4.587493249245091,259.5522347767259,55.56186729416681,-4.891947019088685,-14.93624339440568,191.6798946795331,0.8728228725156015,0.1263957028524685
2012-02-07,0.18651412308501167,8.99,KERVILCO,0.0,423.57100396874966,55.56186729416681,-4.024188218634521,-17.790080613897338,140.06324256291978,0.8497380575920787,0.1252966876333595
2012-02-08,0.1819498175145219,8.77,KERVILCO,0.0,439.0117092964665,55.56186729416681,-1.2403081388698594,-15.93404574037364,153.59613451164796,1.302353487959369,0.2200407516178421
2012-02-09,0.17800791724909898,8.58,KERVILCO,0.0,307.9028319373141,55.56186729416681,-2.6504049808821946,-11.011156000942965,245.5276302736113,1.0695169545589345,0.14027019427199
2012-02-10,0.1775929803790545,8.56,KERVILCO,0.0,418.8173553648576,55.56186729416681,-2.431780637198048,-15.07038101904492,157.0172546875187,1.1509629684928055,0.1558719018264037
2012-02-11,0.17614070133389864,8.49,KERVILCO,0.0,380.35885103519,55.56186729416681,0.6796386092621686,-9.978551796298152,233.46667240550687,1.131341032869054,0.1603185211648493
2012-02-12,0.17116145889336443,8.25,KERVILCO,5.404170241039656,188.39028544383285,60.96657952306784,-3.0702445708151527,-9.372256140372375,298.2764727880084,1.1504431633714285,0.1757913817061524
2012-02-13,0.16804943236803052,8.1,KERVILCO,0.0067984427649194,323.124800127178,60.97337796632465,-2.4085022085086103,-10.397729213438248,260.412888902566,1.0752029714340463,0.1414088696057414
2012-02-14,0.1717838641984312,8.28,KERVILCO,0.0,407.44466251143416,60.97337796632465,-1.8780190414271167,-12.74402214139913,197.07852878896165,1.108412411822951,0.1603796744246157
2012-02-15,0.16016563183718466,7.72,KERVILCO,0.0,416.7874693424823,60.97337796632465,-2.1378865929713493,-13.256464036918231,187.868070565033,1.0032801567597749,0.1279132827667166
2012-02-16,0.15290423661140556,7.37,KERVILCO,0.0,439.79383801504736,60.97337796632465,-1.0832198627334886,-13.33581545821744,178.24794123945594,1.0997347841861504,0.1516044790232714
2012-02-17,0.14709512043078227,7.09,KERVILCO,0.0,472.3178828992424,60.97337796632465,0.1687551152010303,-13.950123165138615,159.52778038234862,1.2961063669476118,0.1919494241030775
2012-02-18,0.13983372520500317,6.74,KERVILCO,0.0,468.20503046533935,60.97337796632465,-0.050123123074592,-13.827795441783543,162.13478869470893,1.2150615330825556,0.1698413654640706
2012-02-19,0.130912582499046,6.31,KERVILCO,0.0152996568678857,430.8874210798023,60.98867762650887,-2.087825031877868,-13.809973043505437,174.571305577495,1.295708528993404,0.1996097294045647
2012-02-20,0.1315349878041128,6.34,KERVILCO,0.0,368.9446900027442,60.98867762650887,-6.70550596023383,-15.822360312187763,169.12267829179328,1.0876698317470177,0.1269415566780587
2012-02-21,0.12261384509815562,5.91,KERVILCO,0.0,408.8780712589624,60.98867762650887,-2.8473641447904394,-13.502474468102102,184.42342223948464,1.4885956021157487,0.1908263983698653
2012-02-22,0.12593334005851178,6.07,KERVILCO,0.0,345.38791502464227,60.84323058474748,2.2756384264980625,-6.135337249819584,324.9552246948825,1.6458601923077116,0.2048929849577118
2012-02-23,0.1282154928437566,6.18,KERVILCO,1.991427893027868,453.0389790704598,62.83496712548203,-0.58679545477411,-17.75872917184179,119.04594088141796,1.124649348207323,0.1310263041073774
2012-02-24,0.11659726048251007,5.62,KERVILCO,0.0,506.30915844858174,62.83496712548203,-2.291514747741845,-17.627845660830367,120.22178794437112,1.4510582492758617,0.1898853746508883
2012-02-25,0.11099561273690904,5.35,KERVILCO,0.0,495.213875518877,62.83496712548203,3.906851364018441,-10.77770824603109,185.1173607749212,1.848780174516552,0.2890547098721652
2012-02-26,0.11141054960695357,5.37,KERVILCO,0.0,424.58096310125336,62.83496712548203,-2.3643625827834023,-13.18572626421406,186.14808526879628,1.4869904224299215,0.1867478105170862
2012-02-27,0.10497902812126352,5.06,KERVILCO,4.040781683019107,372.9778614839474,66.87483263087154,2.90249409905599,-11.918104594211837,204.5888035790004,1.846803714711672,0.3034261110937619
2012-02-28,0.10829852308161966,5.22,KERVILCO,5.621351020180888,258.8015267584535,72.49619616429494,-2.7846886813318905,-10.889677506429985,264.81669179565966,1.7995966170092863,0.2621359970486424
2012-02-29,0.24896212202671192,12.0,KERVILCO,0.0,455.1091881411464,72.49619616429494,-0.2375757864393372,-11.78388607015245,207.60571317903447,2.1727059833150806,0.4255486072450585
2012-03-01,0.09999978568072927,4.82,KERVILCO,2.7281231972557243,349.7826483907615,75.22453125716962,-3.400224945593946,-14.079843271996891,194.59652930939447,1.2657382500429122,0.1527190252636233
2012-03-02,0.09792510133050668,4.72,KERVILCO,0.0,459.3001948475922,75.22453125716962,-6.742005580769003,-17.925116677811204,141.19519467230214,1.0133713840871026,0.1165945642981976
2012-03-03,0.09647282228535085,4.65,KERVILCO,0.0,537.2849729373639,75.22453125716962,-4.021427901733763,-19.342340357208176,112.83330932857868,1.3583653904483988,0.1597933834801398
2012-03-04,0.1035267490761077,4.99,KERVILCO,0.0,530.9444937655061,75.22453125716962,4.942868130787658,-10.339246265027636,197.9475378555877,1.8062347486718824,0.2278855154294823
2012-03-05,0.12780055597371212,6.16,KERVILCO,0.0,518.3190085805951,75.22453125716962,6.253053821187216,-8.160693153724598,231.95722278992167,2.1035196431714294,0.3467641361475523
2012-03-06,0.14149347268518125,6.82,KERVILCO,0.0,487.0396859112296,74.8100883410515,7.789976409451824,-5.012148670259877,297.00679480868854,2.227053577307041,0.3649517758757949
2012-03-07,0.14585030982064873,7.03,KERVILCO,0.0,445.32267956262297,74.80786548327744,3.734969206764257,-7.1464626678575245,282.0188976941715,1.8883855438268928,0.2889521787312062
2012-03-08,0.11348523395717618,5.47,KERVILCO,0.0,442.61207375684,74.80786548327744,0.4327809366763473,-10.0814375716959,237.56086332363,1.771128490297955,0.2630713376166725
2012-03-09,0.11203295491202035,5.4,KERVILCO,0.0,549.4782012282408,74.80786548327744,5.154797854659473,-10.044635421777304,194.1028139921026,1.948634282494816,0.3699657081554053
2012-03-10,0.15829841592198432,7.63,KERVILCO,0.0,517.6776733276574,74.80786548327744,6.380866865346782,-7.163925983874771,239.2985923096589,2.311230906630621,0.4311610613126002
2012-03-11,0.1717838641984312,8.28,KERVILCO,0.0,495.9048794793398,74.71371286674085,6.0652400969562485,-6.293501052248399,261.70413243805115,2.495296694999059,0.3657146063046441
2012-03-12,0.1340246090243799,6.46,KERVILCO,0.0,517.7915157604875,74.46260900574552,7.951138061531562,-5.405723948426495,262.59221150165735,2.974548447545065,0.5087405857920928
2012-03-13,0.13630676180962478,6.57,KERVILCO,0.0,529.0322318340967,73.8576321257382,9.6212775328882,-4.559811330128026,267.588530415144,2.8644655477480576,0.5830859537261652
2012-03-14,0.15497892096162816,7.47,KERVILCO,0.0,541.2903565058378,73.32439262154278,10.087274334846509,-4.730919760660597,256.839921156962,3.182754786517322,0.6221138428296549
2012-03-15,0.1360992933746025,6.56,KERVILCO,0.0,523.409139796615,72.20452796024856,10.597254298934564,-3.333444478535532,270.7271898661965,3.1337159545539586,0.6685708128375776
2012-03-16,0.1491698047810049,7.19,KERVILCO,0.0,546.0447873370724,71.18636520759964,11.44283316384607,-3.577291270412465,233.9737664009108,3.0096179774143046,0.6557780576523421
2012-03-17,0.1558087947017172,7.51,KERVILCO,0.0,467.2268361822825,69.60539804398766,9.403458770168534,-2.2357478936949624,295.13361561367014,3.271690366319807,0.683168860079782
2012-03-18,0.10456409125121899,5.04,KERVILCO,0.2728657942457543,545.5325109321803,69.87826889267596,3.2867175978480905,-10.986491988754157,144.72976655094666,3.133914620296113,0.4832375850984053
2012-03-19,0.10311181220606318,4.97,KERVILCO,0.0,442.86553672355626,69.87826889267596,-3.642224219484158,-13.83065155225167,153.12732085135653,1.7398097857449604,0.2304270947061042
2012-03-20,0.08112015809370363,3.91,KERVILCO,0.0,534.2856920294421,69.87826889267596,-0.1309543783548954,-13.450319781866234,109.71719913356355,2.1300298777171163,0.2750630720803743
2012-03-21,0.08132762652872588,3.92,KERVILCO,0.0,596.4780937611954,69.87826889267596,6.102743007386729,-10.772412876262315,103.02963724028773,2.6823040732630994,0.3894846916034105
2012-03-22,0.10933586525673096,5.27,KERVILCO,0.0,577.5981358200662,69.448852752323,10.821869138909523,-5.001064845604936,153.9117446898907,3.2834687257010606,0.5464769810064277
2012-03-23,0.16784196393300826,8.09,KERVILCO,0.0,573.9920717066552,67.97482297126237,13.56063127371718,-2.489668226560211,185.8908396004909,3.579442877614126,0.8509106024986202
2012-03-24,0.18609918621496715,8.97,KERVILCO,0.0,552.0346848823389,65.8933598963712,13.664585885864811,-1.0448890207585455,211.2360855421922,3.3485640645570625,0.8509454150445203
2012-03-25,0.16120297401229594,7.77,KERVILCO,0.0,508.170082628737,63.21826543405267,13.204865727931267,0.370497485592454,251.7198388461865,3.9257311302113473,0.9225936960981224
2012-03-26,0.16618221645283018,8.01,KERVILCO,0.0,460.7033799265289,60.99583077548938,10.20325046562918,-0.7085141899450772,257.00456616279587,3.855447499772912,0.6445703318081685
2012-03-27,0.1796676647292771,8.66,KERVILCO,0.0,553.3582340613813,59.46811266831799,11.910915119081269,-2.362923355575552,187.7365950758669,3.7885899294164913,0.6975561396154779
2012-03-28,0.18298715968963325,8.82,KERVILCO,0.0,556.0138661014964,57.93051077167484,12.044641459874,-2.337551487431916,189.4928779242809,3.3844560835033115,0.7499563537744084
2012-03-29,0.17344361167860928,8.36,KERVILCO,0.0,504.2363288856293,55.91325405849869,11.17454357760658,-1.1966127519488374,221.64708377919,3.7233676962525455,0.6750352567438079
2012-03-30,0.16307018992749628,7.86,KERVILCO,0.0,537.5312774659219,53.791035178512885,12.72413700806123,-0.9480489802449394,212.7688344207953,3.935442682129901,0.7297213266686926
2012-03-31,0.17946019629425483,8.65,KERVILCO,0.0,539.695340919501,50.89957629154257,14.697002733984682,0.8832571309940387,234.50959881263373,3.873216333176975,0.8043005979579599
2012-04-01,0.19585020266101336,9.44,KERVILCO,0.0,547.3487254416922,48.66602939179065,13.41393167680363,-0.6831113758924096,207.96602136384016,3.977324091683236,0.7682149421910491
2012-04-02,0.1848543756048336,8.91,KERVILCO,13.495514922465569,255.4523596725369,50.83885071928269,2.311930720050269,-5.289002360767952,318.12254670549254,2.0336995792009684,0.3042796008621832
2012-04-03,0.14419056234047062,6.95,KERVILCO,20.4445479013992,241.5726928726171,58.47087715572655,1.3417476953275451,-5.514109663810831,371.6494553131746,1.7257974916224694,0.1994013953699231
2012-04-04,0.15601626313673944,7.52,KERVILCO,0.0,576.83512239195,57.76445878502899,10.1243260057273,-4.319492515861199,249.98400648788007,3.140186498178698,0.4728903391736823
2012-04-05,0.14854739947593812,7.16,KERVILCO,0.0,566.8669268550432,56.27466819222165,11.680395332526334,-2.452315735057693,284.0508349347776,3.539560258299264,0.663820771920154
2012-04-06,0.15352664191647233,7.4,KERVILCO,0.0,564.1615943559605,55.55477548623808,9.4372948996537,-4.33633124079388,256.10355534070675,3.821021980693632,0.5986024402095603
2012-04-07,0.1479249941708713,7.13,KERVILCO,0.0,626.1910381948671,55.55223480474812,9.580698155891891,-7.373665759902301,178.09950641993734,3.570941653816059,0.6035379913667567
2012-04-08,0.1526967681763833,7.36,KERVILCO,0.0,610.0857250519169,54.68896862604564,12.207029382415566,-3.9452480868386233,224.6978176432138,3.744263572703345,0.7845630501217983
2012-04-09,0.16535234271274116,7.97,KERVILCO,0.0,561.2865547433297,52.36359977458766,13.512445809261918,-0.4637709225524441,305.7071878588667,3.90249521846339,0.8672694353699341
2012-04-10,0.18423197029976682,8.88,KERVILCO,0.0,549.9239641892638,49.69712268184742,13.957076930082613,0.3491174998921234,327.3909506914418,3.782797941943063,0.8850395975265722
2012-04-11,0.18817387056518975,9.07,KERVILCO,0.0,507.1229553161725,46.90155163235261,12.525076692209309,0.655428437130994,364.2759728393778,4.104461646358495,0.7771325982321894
2012-04-12,0.19937716605639177,9.61,KERVILCO,0.0,480.6254688775909,46.30077759456087,6.040516448125663,-4.684165263643265,287.74292939724234,2.672805835957067,0.3989092469451424
2012-04-13,0.17199133263345345,8.29,KERVILCO,0.0,472.52759088338064,46.22191906331528,4.298393065114374,-6.107997421591397,269.28063027005294,2.8758795901243905,0.4174127181331382
2012-04-14,0.16141044244731823,7.78,KERVILCO,4.898703889756993,407.5144723351,51.07057706766496,4.125661720928263,-8.413271754201585,252.6972927659536,2.951067239550885,0.4682801167249546
2012-04-15,0.15186689443629425,7.32,KERVILCO,2.8859428980279813,426.5418239351176,53.954935238740674,3.252316736991036,-8.66419754643666,251.81522976288628,2.7722648722269163,0.3428012799341576
2012-04-16,0.14875486791096035,7.17,KERVILCO,0.0,525.1794743136295,53.954935238740674,3.616290976580769,-7.955662374365394,226.2121078213465,2.2551666931528285,0.3073669640772997
2012-04-17,0.13900385146491412,6.7,KERVILCO,0.0,619.7046008175263,53.87195658953527,9.481495450330112,-5.819845258088792,205.93596105431803,3.475933570686637,0.5441560953600642
2012-04-18,0.1427382832953148,6.88,KERVILCO,0.0,592.3481623638903,52.25720211327491,12.260126429831324,-2.124756241510372,267.2992480740302,3.950715985870501,0.6683003168241591
2012-04-19,0.1479249941708713,7.13,KERVILCO,0.0,441.9111207988252,50.51364452442764,7.624778869711324,-1.7786649339026743,371.7828248079745,3.5440693564321526,0.5192832334228594
2012-04-20,0.14211587799024802,6.85,KERVILCO,0.0,611.9183030754458,49.22794217101937,11.949991358103626,-2.863140331013286,243.06847773254867,3.824213450055984,0.5618139300367085
2012-04-21,0.15560132626669493,7.5,KERVILCO,0.0,604.5033531497431,46.65628911507063,14.91584600441817,0.2598422670238009,286.8910747917912,4.490243755725017,0.7597327381694765
2012-04-22,0.18464690716981133,8.9,KERVILCO,0.0,603.8600012750137,43.74254298481083,15.882217591005068,1.2821872835012365,302.55440204015235,4.321580250708856,0.9628660033746536
2012-04-23,0.19253070770065717,9.28,KERVILCO,0.0,592.4356912076779,40.442213115382806,16.70827863417204,2.3879102114286166,330.3588777739953,4.141695211756502,1.1066650053529807
2012-04-24,0.21576717242315033,10.4,KERVILCO,0.0,546.7633435807646,36.73455649119862,16.487733544630878,3.7620837903372655,393.5296136237179,5.43441196106971,1.188607910735323
2012-04-25,0.23443933157515373,11.3,KERVILCO,0.0,560.1083693172859,33.49202506489884,16.2441489491414,2.9539449541887133,361.27271377001375,5.107983879406581,1.0627326337808245
2012-04-26,0.25311149072715705,12.2,KERVILCO,10.40353500227782,436.3361150627268,31.75300324507425,13.580574364310078,-0.667527206373736,358.6827927547177,4.304513703772741,0.8726037275786807
2012-04-27,0.28838112468094124,13.9,KERVILCO,0.0,411.0000576493919,30.63287547368273,6.314442103892224,-2.207999064560002,403.3586557819969,3.148454711106467,0.4041376313634898
2012-04-28,0.2448127533262667,11.8,KERVILCO,0.0,507.7902486671098,29.97460332422312,7.393018533765312,-3.640960374896703,311.32553695988935,3.852632422490207,0.5418570702819594
2012-04-29,0.2240659098240407,10.8,KERVILCO,0.0,582.9949747457316,29.416754821071265,9.73358790796968,-4.011993268139845,259.1824176320299,3.808401899533574,0.5974026926751662
2012-04-30,0.20684602971719315,9.97,KERVILCO,0.0,603.6415268096158,28.23408174280477,12.762868429665517,-2.162784261880574,271.4661955788847,4.237945748464007,0.7115125303391246
2012-05-01,0.20062197666652534,9.67,KERVILCO,0.0,495.35118926263686,25.942673851353124,12.829170423888328,1.638635323958518,422.7746197385465,4.533841187551469,0.7168306589328901
2012-05-02,0.20477134536697053,9.87,KERVILCO,0.0,538.9296420470782,23.99716098635594,13.885945232619596,1.1400495820849008,373.008266300581,4.477379375930427,0.7269646165446394
2012-05-03,0.2095431193724825,10.1,KERVILCO,0.0,583.1608719095995,22.15382941387943,16.157392056268932,1.3618312228904554,311.7058076988318,4.532854442116284,0.7585232274027968
2012-05-04,0.2261405941742633,10.9,KERVILCO,0.0,586.7507010827362,20.254901026301745,17.769457948112255,2.453618512828474,327.15003507099465,5.020533292100202,0.9145704753081308
2012-05-05,0.2448127533262667,11.8,KERVILCO,0.0,571.7621838691283,18.508620804189064,17.05254303510525,2.380771680868531,336.6685824335041,5.123126497110317,0.9553092910380168
2012-05-06,0.2448127533262667,11.8,KERVILCO,4.48973912236885,370.8872743992277,17.472864729863193,11.993046811716214,0.2087015397110962,435.24598726293726,4.465120198671038,0.7437392564300831
2012-05-07,0.2593355437778249,12.5,KERVILCO,17.625073705876773,176.16240930355738,17.086307169466718,2.193024865968192,-2.6794256461592534,497.4086559318885,3.005243720962602,0.3828745918469732
2012-05-08,0.26555959682849267,12.8,KERVILCO,0.0,528.8647628072806,16.96915077478659,7.930846915800902,-4.225484354825812,302.4862277783164,2.546132231515552,0.2689073318830327
2012-05-09,0.24896212202671192,12.0,KERVILCO,0.0,615.6587142515276,16.38852081086282,14.658911880195369,-1.8684582838178787,282.2815154148836,3.97132446236636,0.6569691491229759
2012-05-10,0.2302899628747085,11.1,KERVILCO,0.0,570.704985710084,15.288363114406469,15.513372263128176,1.147617386618627,369.77347648249696,4.673319999780764,0.8241147388515723
2012-05-11,0.2302899628747085,11.1,KERVILCO,8.310267216456895,372.6912743554869,14.482467761254266,11.607223421248944,0.0820049237786423,491.6911682025324,4.003661895210044,0.6698589235973623
2012-05-12,0.24896212202671192,12.0,KERVILCO,0.0,467.2931360873933,13.697209056318432,10.695423099864623,0.2249792047122766,459.92485474380254,3.384965797957596,0.4495567332985818
2012-05-13,0.2302899628747085,11.1,KERVILCO,0.0,452.9709297234254,13.111234867165386,9.017868306949325,-1.0136371540688327,421.5507797094469,3.927217468684306,0.6678896348722992
2012-05-14,0.21784185677337292,10.5,KERVILCO,0.0,592.007108986094,12.648059684517564,13.423497739764388,-1.9913267313249927,300.97207282816163,3.9560678767339192,0.6339821740764259
2012-05-15,0.21161780372270508,10.2,KERVILCO,0.0,556.4074357669925,11.587265044574725,15.634075428133563,1.6223360325531588,398.18225745765096,4.5400539551918655,0.9424890187440318
2012-05-16,0.2240659098240407,10.8,KERVILCO,0.0,541.2962653867249,10.517386753925416,15.552048874212382,2.198062290883827,423.3338772247986,4.89260900499404,0.9135620767179812
2012-05-17,0.2282152785244859,11.0,KERVILCO,0.0,552.1683049968211,9.533211822452406,15.712618180231456,1.9851133084869703,407.7254556759531,4.658343753784233,0.8451263122576683
2012-05-18,0.2323646472249311,11.2,KERVILCO,0.0,573.2402196315904,8.538502259572361,16.592605255696657,1.824497360780884,385.0014424869405,5.213691051333747,0.9202181651887316
2012-05-19,0.2323646472249311,11.2,KERVILCO,0.0,519.4600930544134,7.861339763477796,12.903488100945609,0.4376899267164618,399.2954272018574,4.287985264126392,0.6426430401605782
2012-05-20,0.2302899628747085,11.1,KERVILCO,0.0,553.0389216668252,7.048191449040484,14.768890597674222,0.8467884582204972,379.1481903590029,4.525263641111539,0.8005157212446082
2012-05-21,0.2261405941742633,10.9,KERVILCO,0.0,603.6800682878009,6.166907868398486,19.368603982836884,2.272790918207095,362.7563709026606,5.142871068212689,1.007012254550911
2012-05-22,0.2261405941742633,10.9,KERVILCO,0.0,560.7762478895744,5.0725417345219785,20.326774110032755,5.228629361809217,474.3835196291793,5.809966761650712,1.1738110198831329
2012-05-23,0.2282152785244859,11.0,KERVILCO,0.0,586.3517964691144,4.549937735088519,18.453551329454413,2.085348912207281,370.2334003192702,5.912251124052452,0.9867520879411504
2012-05-24,0.2199165411235955,10.6,KERVILCO,0.0,578.744133528503,4.326334935435242,15.876914838265552,-0.0681667905109328,327.60745453838484,4.368198501905471,0.5722600257891372
2012-05-25,0.20414894006190373,9.84,KERVILCO,0.0,589.7768020703511,3.9313118011121335,18.801257230276224,1.902745991550561,353.6920404410404,5.643365209651889,0.9350181791093012
2012-05-26,0.19170083396056817,9.24,KERVILCO,0.0,592.3539246281812,3.654049072895252,18.320269872430504,1.211106114803903,336.001201660993,6.184348998920743,0.9902601101002492
2012-05-27,0.18464690716981133,8.9,KERVILCO,0.0,506.2671751347499,3.4955385742931373,10.605056061728348,-2.222485116516182,338.06739660029933,4.200102056759906,0.5538552313808007
2012-05-28,0.17365108011363153,8.37,KERVILCO,0.0,606.4776366586309,3.320667596542634,15.941677183602074,-2.413405547578071,251.74415529833823,4.833161329779587,0.7229778789838444
2012-05-29,0.16286272149247402,7.85,KERVILCO,0.0,584.409670298367,2.976765155808105,17.64124311132521,0.6041838853843101,296.0144952712673,5.1818230197114765,0.9253676996437834
2012-05-30,0.1537341103514946,7.41,KERVILCO,0.0,554.2723617165274,2.5136467946285403,17.867636426245454,2.2999989903114795,352.51259027713195,5.657721608804788,1.0173565773677362
2012-05-31,0.14647271512571547,7.06,KERVILCO,0.0,572.8902625505717,2.087147506365288,19.03743400712096,2.4003347573726685,324.5326812278014,5.399237817640707,0.9527942987116068
2012-06-01,0.14190840955522577,6.84,KERVILCO,0.0,539.7662501731677,1.485365209601365,20.333093089504544,5.015113963108443,411.8019716345901,5.978970391108253,1.057162491133803
2012-06-02,0.15041461539113846,7.25,KERVILCO,0.0,485.87824667283553,1.002662157164267,18.344670061414394,5.509017005021797,475.88720820722943,5.767327210386757,1.1684480606587309
2012-06-03,0.14543537295060419,7.01,KERVILCO,0.0,542.0753926759568,0.6268560214092805,20.854337921388844,5.564137971872087,414.54709399213385,5.633831139892308,1.2972879751994604
2012-06-04,0.136514230244647,6.58,KERVILCO,0.2804402526510063,516.7851556183429,0.4431356626486629,19.400398279497075,4.794419162003897,419.10975823826544,5.269493862640949,1.325448907126579
2012-06-05,0.13381714058935765,6.45,KERVILCO,0.0,524.3023097083429,0.3198762077653846,18.422003543752584,3.829258606265753,393.5972316056844,5.7499792365352524,1.0068287022010425
2012-06-06,0.12385865570828916,5.97,KERVILCO,0.0,562.4841995515991,0.196569167604891,21.25797539141955,4.188302553202649,364.9459408964476,5.786071785103006,1.136551283819339
2012-06-07,0.11618232361246555,5.6,KERVILCO,0.0,563.2551570391047,0.105900970204595,22.21159526559265,4.818036663381911,376.6959957379096,5.7812801283142345,1.1187033951907288
2012-06-08,0.1087134599516642,5.24,KERVILCO,0.0,547.5073504497922,0.0616002806228455,21.985083657609646,5.475784500626406,406.0759983428969,5.976064500830616,1.261234186508149
2012-06-09,0.10248940690099641,4.94,KERVILCO,0.0,506.0747170951148,0.0222395264302262,21.500165368414912,6.862491114501102,489.4156510155474,6.631164992249535,1.249693514755223
2012-06-10,0.09626535385032858,4.64,KERVILCO,0.0,503.68843527831314,0.010311470476507,17.209796599653775,2.986139895527955,388.4980872137321,5.844632165482994,0.940764184700408
2012-06-11,0.08879649018952725,4.28,KERVILCO,0.0,576.0370413570856,0.0016505274612857,19.664697641509324,1.2608984771569636,292.0846000585829,5.495375982199939,0.9865136380235447
2012-06-12,0.08423218461903752,4.06,KERVILCO,0.0,543.1203706790905,0.0,19.992421924863613,3.27639147211147,358.2632793588873,5.18797352297255,1.0057931336038448
2012-06-13,0.07759319469832521,3.74,KERVILCO,0.0,551.0444779661523,0.0,22.42836506812372,5.074920637953252,390.4168213079511,5.845204777044964,1.283262395984913
2012-06-14,0.07261395225779096,3.5,KERVILCO,0.0,520.4688985156306,0.0,22.45777799923611,6.590166055169592,460.8988118046815,6.060663450062166,1.420104159729195
2012-06-15,0.06991686260250159,3.37,KERVILCO,0.0,505.589317901389,0.0,21.99204165336277,6.882659130677826,479.3551552174535,5.730719139903544,1.3023843095249514
2012-06-16,0.06742724138223447,3.25,KERVILCO,0.0,450.0845089491257,0.0,20.206635096906915,7.380777041323631,564.374217398944,5.567598007978141,1.2362690611943348
2012-06-17,0.06224053050667798,3.0,KERVILCO,0.0,533.3454967274221,0.0,21.984513656076967,5.480859537544491,414.3997873892296,6.8830858276892455,1.3546268238425792
2012-06-18,0.054771666845876615,2.64,KERVILCO,0.0,510.7251870865347,0.0,24.72181135212332,9.06284509836975,538.9941093122649,7.1408796029251,1.496388987623584
2012-06-19,0.04834014536018656,2.33,KERVILCO,0.0,530.8099604695457,0.0,24.90167178608155,8.190960015073554,488.243098907354,6.977133547588139,1.4721494710392649
2012-06-20,0.045643055704897184,2.2,KERVILCO,0.0,526.2903771332063,0.0,23.221997612324223,6.938760755923,453.60875041989993,6.6660697977061565,1.328683614024727
2012-06-21,0.045850524139919434,2.21,KERVILCO,0.0,545.4524639899279,0.0,22.93477350964705,5.594434129414683,398.6905419986056,5.9348380261540825,1.2928240424697883
2012-06-22,0.04502065039983039,2.17,KERVILCO,0.0,526.8044706932786,0.0,25.30131614733043,8.738123186677669,506.1072406320063,6.885831517009488,1.5144448551551375
2012-06-23,0.04253102917956328,2.05,KERVILCO,0.0,501.3918363470821,0.0,25.979590679769256,10.608027699790952,596.8453376279774,7.100367216559155,1.637701277359802
2012-06-24,0.0419086238744965,2.02,KERVILCO,0.0,517.9516068786985,0.0,26.862266848803028,10.62209081051572,580.0321502528143,5.93193712250682,1.7734035803971724
2012-06-25,0.038381660479118083,1.85,KERVILCO,0.0,528.4198163151127,0.0,26.284816470036223,9.630821264681495,531.4124726987965,6.60118421631238,1.7212247365699438
2012-06-26,0.03755178673902905,1.81,KERVILCO,1.163807197460648,464.2362514852679,0.0,24.137179840662675,9.844872355663435,623.4277462058802,6.518612513529957,1.5566751636096887
2012-06-27,0.05456419841085435,2.63,KERVILCO,3.2629253586843405,360.8642643595974,0.0,22.278787795963648,7.771413956587855,693.1534764740275,6.196531860567615,1.3718210036439409
2012-06-28,0.05995837772143312,2.89,KERVILCO,0.0,474.2691414097986,0.0,21.037318930229706,7.252856830333394,553.4366598287633,5.423970513929169,1.3943082371518436
2012-06-29,0.04253102917956328,2.05,KERVILCO,0.0,537.3248114964002,0.0,24.307313516919,7.389867894776687,478.99148542611033,6.141554622784071,1.5231952904496573
2012-06-30,0.03547710238880644,1.71,KERVILCO,0.0,490.3210623208854,0.0,24.410319162047426,9.621862780896684,616.1572311831444,6.245816585097367,1.6434763746409806
2012-07-01,0.030497859948272206,1.47,KERVILCO,0.0,490.0962553437802,0.0,25.048434253350024,10.295340560969452,636.9706806686689,4.824798024715053,1.515065801988199
2012-07-02,0.03112026525333899,1.5,KERVILCO,0.6825659668253987,484.5020378158238,0.0,24.60988581050856,9.448727840552309,525.3703305140133,5.196140175297958,1.5631348785634152
2012-07-03,0.03713684986898453,1.79,KERVILCO,0.0,495.9530101399238,0.0,23.027141996804293,8.471779297466927,404.11923739957024,5.234377224478426,1.4011438507902212
2012-07-04,0.040041407959296164,1.93,KERVILCO,3.161266855088999,433.9631185801682,0.0,22.556282613611536,7.465767863221163,418.1560861854673,4.4552912835547085,1.3357770877080268
2012-07-05,0.04066381326436294,1.96,KERVILCO,5.1348068275006105,401.2047945941444,0.0,22.41551670922301,7.550270231245107,465.73239550279976,4.974088071106732,1.0357986386276667
2012-07-06,0.034439760213695145,1.66,KERVILCO,11.554602131090332,352.2663467700206,0.0,20.53231707597024,6.867077318468704,524.0414627256465,4.800720580560128,0.8625738291505421
2012-07-07,0.08153509496374814,3.93,KERVILCO,6.720347391579627,235.85922530635915,0.0,15.203589241269274,6.817831687144023,821.0707159604393,4.163903249273651,0.6748531902684521
2012-07-08,0.049170019100275596,2.37,KERVILCO,6.1058999590419765,288.826618987833,0.0,17.384372226458293,6.961651204822505,770.1761057999905,4.018834895395186,0.683339081029004
2012-07-09,0.045643055704897184,2.2,KERVILCO,3.5774802750809016,340.7886580941064,0.0,17.682299447882368,6.515196195367068,714.8551821299139,4.353471438335955,0.7527969100206278
2012-07-10,0.04502065039983039,2.17,KERVILCO,4.212954662741966,374.41024465155647,0.0,20.716838964372347,5.98698545409885,642.902942494098,5.0282334574788,0.9427719500147286
2012-07-11,0.045228118834852664,2.18,KERVILCO,5.3439742271080855,383.288648164291,0.0,21.089167410559924,5.827038686083727,644.8159819428391,5.304540695880226,1.0369921272667606
2012-07-12,0.044813181964808144,2.16,KERVILCO,2.982970285223652,398.5023169159388,0.0,22.550205663961755,6.08277927346763,656.5686256155067,5.359976046121299,1.210559849947178
2012-07-13,0.0398339395242739,1.92,KERVILCO,0.0,470.1939378045118,0.0,21.9548567208009,8.648553123894933,710.0311417682631,5.317887503050921,1.3049569487301975
2012-07-14,0.03651444456391774,1.76,KERVILCO,5.631730369095681,344.646834954958,0.0,19.477950092226948,6.973220850234383,773.8591921016989,5.10588041696964,1.1252608800433426
2012-07-15,0.035269633953784185,1.7,KERVILCO,2.589373063312815,497.1822554865143,0.0,21.40802630659054,6.2593613854145165,569.6840050767049,4.773679606811618,0.9742906788062632
2012-07-16,0.035269633953784185,1.7,KERVILCO,1.0221696384877144,448.2736968521922,0.0,19.84542777008244,6.93377360492803,665.8401417470263,4.878102543405524,1.0561127702367354
2012-07-17,0.03506216551876192,1.69,KERVILCO,1.982434532320332,449.75655615393606,0.0,20.88167458203211,6.4268846346341775,648.3701480290314,5.44927890407619,1.049207052808923
2012-07-18,0.03174267055840577,1.53,KERVILCO,0.0,486.4669630374297,0.0,21.2104443427009,7.41426107656626,656.6117648743883,5.206442235452414,1.2651911295256453
2012-07-19,0.025933554377782487,1.25,KERVILCO,0.0,482.8206371545895,0.0,23.01256122679876,9.290838887102732,738.2946744633649,5.395781926174799,1.3525788763081872
2012-07-20,0.018672159152003393,0.9,KERVILCO,0.0,522.962019797058,0.0,24.640603273514927,9.14331003365344,674.4153375307308,5.711902205866548,1.3609034003388214
2012-07-21,0.015767601061691755,0.76,KERVILCO,0.4059023004074683,508.04966847801614,0.0,24.076734153646264,8.330153078704598,656.9174782620116,5.193882668642332,1.433440617410472
2012-07-22,0.02074684350222599,1.0,KERVILCO,2.3589181777486887,401.369070205366,0.0,22.91284281805008,8.965556534232126,827.442232491264,4.9861961363127625,1.288194231642117
2012-07-23,0.017634816976892093,0.85,KERVILCO,0.0,507.8922707678685,0.0,22.646636392355312,8.07043762144513,670.3768858809165,5.095682435383049,1.2863040840874485
2012-07-24,0.015560132626669495,0.75,KERVILCO,0.0,522.249454337457,0.0,22.39970318338312,7.157548493067358,619.5862136104057,5.144071172086703,1.2092905246490666
2012-07-25,0.019294564457070174,0.93,KERVILCO,0.0,456.3516924254079,0.0,20.98222552656172,8.650849203266706,767.8658307610461,5.494692932718039,1.043283135798691
2012-07-26,0.01950203289209243,0.94,KERVILCO,3.14084489943521,378.69434178693086,0.0,22.330390106901383,7.657944139841295,755.4943799520304,4.914862784540898,1.1131466852480525
2012-07-27,0.017219880106847572,0.83,KERVILCO,1.1990945352055635,412.65957859431927,0.0,19.042608217726382,8.211738366643697,776.0575417562446,4.7937709976324,1.0748235232452956
2012-07-28,0.025933554377782487,1.25,KERVILCO,0.0,420.9968250019891,0.0,19.258589398178227,8.268516187568519,772.4099203696652,4.638704068355048,1.0417348915917886
2012-07-29,0.022614059417426332,1.09,KERVILCO,0.3831819229199603,463.71929604539633,0.0,22.7434425285456,9.56267182233786,766.2259103899995,4.547580218450793,1.177333635374027
2012-07-30,0.017012411671825312,0.82,KERVILCO,3.323972242532493,439.0281065330622,0.0,23.092352319916525,8.509124125614292,742.9752034182271,5.018684315612435,1.058184350587331
2012-07-31,0.019087096022047913,0.92,KERVILCO,8.598308918047762,373.9637885938955,0.0,21.516376870661745,7.371579986353102,792.1736028284794,4.732198173585402,1.143602134122186
2012-08-01,0.046057992574941704,2.22,KERVILCO,3.197317569792393,384.0356059270368,0.0,20.84013940649245,7.307260646799759,815.8403513993661,4.658032551394427,0.9374108239222416
2012-08-02,0.035269633953784185,1.7,KERVILCO,0.0,482.731157753052,0.0,19.86934610041663,6.805567863709414,703.6575684373678,4.358458978721757,0.9146118272517526
2012-08-03,0.032365075863472544,1.56,KERVILCO,0.0,529.7245019546688,0.0,21.38153771007602,6.047784771991768,620.4206675616787,4.910035788566636,1.12366974030488
2012-08-04,0.02116178037227051,1.02,KERVILCO,0.0,524.0776765030048,0.0,22.25870851673688,7.102732679807487,668.2030323596371,5.134348446484006,1.20367334567625
2012-08-05,0.016597474801780792,0.8,KERVILCO,0.0,526.1454593454963,0.0,21.371125794040967,6.144462087301879,611.4489731845918,4.622778805784805,1.0900736678273808
2012-08-06,0.02157671724231503,1.04,KERVILCO,1.69297760200399,433.74647177658505,0.0,21.6184584571694,7.758214033446153,690.8698228961284,5.241491698015988,1.147546874055101
2012-08-07,0.02468874376764893,1.19,KERVILCO,0.0,484.2734991200994,0.0,22.0708192248562,8.479582036340071,670.7547787677778,4.559896659463907,1.1464895007237512
2012-08-08,0.02655595968284927,1.28,KERVILCO,0.0,507.8694043987934,0.0,22.35054476527477,7.556262691383306,607.0297673134548,5.197224493364079,1.2164612708165206
2012-08-09,0.017634816976892093,0.85,KERVILCO,3.675892976999546,382.7624103152247,0.0,23.8474004445332,8.372756968480427,788.5452710190044,5.21539905133063,1.4469419267743977
2012-08-10,0.02468874376764893,1.19,KERVILCO,4.516114939461492,373.1020264340093,0.0,21.59277527496774,6.91313901903911,711.0808002301438,4.862625342122149,1.141976816200551
2012-08-11,0.03713684986898453,1.79,KERVILCO,0.0,516.3108978449203,0.0,22.09375927829175,6.800425589872056,573.1047815911436,5.396503571428471,1.0897397722647653
2012-08-12,0.025726085942760227,1.24,KERVILCO,6.010777992875496,377.6050507969865,0.0,21.97383377650491,6.827856987257582,724.8526799687927,4.956543551709649,1.1321628458178348
2012-08-13,0.029875454643205426,1.44,KERVILCO,6.571716408829361,339.8102760280669,0.0,18.411878861340394,5.637868610088023,760.2826425626563,4.383302072912067,1.032203176823604
2012-08-14,0.0356845708238287,1.72,KERVILCO,0.0,483.35171469386665,0.0,18.52735551423643,4.784055765105707,600.2769783941358,4.309353406026811,0.8547327004452167
2012-08-15,0.028215707163027348,1.36,KERVILCO,0.0,507.9565034048646,0.0,21.113072423346885,5.9295587644399,614.7903051029477,4.612392160897326,1.1962507746131656
2012-08-16,0.026141022812804747,1.26,KERVILCO,0.0,478.173836043058,0.0,20.736804853687307,6.8737992110266175,686.7593370861417,4.599443052894903,1.0772377407644829
2012-08-17,0.023858870027559886,1.15,KERVILCO,0.0,483.9987540417539,0.0,21.159483162052705,6.956702956446895,683.3727043369944,5.176037796975486,1.1769013147434098
2012-08-18,0.023236464722493112,1.12,KERVILCO,0.0,489.0107108270352,0.0,20.504458738973604,6.055467353629248,644.0692866672149,5.179243233163348,1.1272834704813317
2012-08-19,0.028008238728005088,1.35,KERVILCO,0.0,525.6235312139773,0.0,21.856079043106263,5.39289274214429,579.254434989814,4.872114141151387,1.101591411416318
2012-08-20,0.023858870027559886,1.15,KERVILCO,2.027953477775526,345.9489781515304,0.0,16.789060236106465,6.026887294897116,817.4027750074223,4.292641822139236,0.9811289440172928
2012-08-21,0.02717836498791605,1.31,KERVILCO,0.0,498.1477065536847,0.0,20.376806425447697,5.376347874885811,621.8181061108875,4.055927327403508,0.958805385248732
2012-08-22,0.023858870027559886,1.15,KERVILCO,0.1506671995010825,404.49296641875833,0.0,18.83052473175185,7.620336747535246,832.4985647202494,3.754905848767944,0.9336654464994856
2012-08-23,0.0346472286487174,1.67,KERVILCO,9.746065668605782,244.5793358266249,0.0,15.894959871592269,7.2837462807799715,988.0824998909732,3.3229314246108976,0.6136757599468863
2012-08-24,0.044813181964808144,2.16,KERVILCO,5.9393387790158805,259.95357540516903,0.0,15.62053512518531,6.61085523174097,954.438196234614,3.2150120239306044,0.5626773847993658
2012-08-25,0.036929381433962266,1.78,KERVILCO,0.0,491.9478135166231,0.0,20.556200182968272,5.940729399432894,712.3528262350326,4.398035154632712,0.9530396110039382
2012-08-26,0.02697089655289379,1.3,KERVILCO,0.0,477.0749512967847,0.0,21.04986024757364,6.858008048533681,770.41400201729,4.087922377703944,1.253909378717245
2012-08-27,0.02199165411235955,1.06,KERVILCO,0.0,477.9192171323074,0.0,21.9204525451391,7.439260930174983,796.7126400865599,4.050979139372368,1.2103909621270137
2012-08-28,0.024273806897604406,1.17,KERVILCO,0.0,503.4901904382586,0.0,23.01408505929273,7.015468034604313,747.6202249856071,4.278043675171168,1.248510071453463
2012-08-29,0.03423229177867288,1.65,KERVILCO,4.132398271654336,385.9995745138132,0.0,22.83746403252431,7.423298421261029,880.3962105444507,4.278028696786346,1.2447807164042408
2012-08-30,0.029460517773160905,1.42,KERVILCO,0.0,489.00828582356456,0.0,22.78308978573757,7.29100995598361,792.0215358276511,4.208860735326619,1.313311094422693
2012-08-31,0.02531114907271571,1.22,KERVILCO,0.0,468.6178984566977,0.0,22.37591168414829,7.809346799148167,845.0580489404989,3.984419035906008,1.2775255827089589
2012-09-01,0.02157671724231503,1.04,KERVILCO,0.6282369977705675,428.561134074596,0.0,20.279637665920127,7.471568638804526,871.0992487230533,4.491993977310994,1.3262914792816438
2012-09-02,0.02219912254738181,1.07,KERVILCO,0.0,394.9835069312426,0.0,19.399577003775544,8.018363465438023,943.3421693334546,4.903756911891629,1.121536351292349
2012-09-03,0.026141022812804747,1.26,KERVILCO,0.0,399.1507656375032,0.0,19.16969914236568,7.648760819013836,914.1849184531644,4.596278484020529,1.1518830262536852
2012-09-04,0.018672159152003393,0.9,KERVILCO,0.0,449.8128007755063,0.0,19.48166016122354,5.849757739618605,769.9045894298216,5.113868336142657,1.2060143368453862
2012-09-05,0.014937727321602713,0.72,KERVILCO,0.0,450.9918190538895,0.0,20.54751493504692,6.83343018395687,820.9717390673488,5.1926343684973855,1.2593731992609916
2012-09-06,0.013277979841424635,0.64,KERVILCO,0.0,471.2069280826924,0.0,20.574049091558088,5.581649539339844,740.4493375878927,4.313865339659616,1.2402666971086955
2012-09-07,0.014315322016535932,0.69,KERVILCO,0.0,452.5639187094098,0.0,18.69854280775762,4.899260594806655,730.0263079782598,4.5302925627067605,0.9532119838046036
2012-09-08,0.014937727321602713,0.72,KERVILCO,0.0,444.9001420587117,0.0,16.49789195152603,3.1418495244271534,660.7049190225089,3.705044795398068,0.8098923209118074
2012-09-09,0.015975069496714015,0.77,KERVILCO,0.0,499.3668885382237,0.0,19.52134307217612,2.906204796879507,605.1817247471291,4.103383076361128,1.0891605873384955
2012-09-10,0.015145195756624973,0.73,KERVILCO,0.0,456.51560828545416,0.0,19.0612192709614,4.69257928388043,717.3284152627791,4.352618163899256,1.1056026409939446
2012-09-11,0.017012411671825312,0.82,KERVILCO,10.38085685795482,302.33577120149005,0.0,17.3291863435152,5.288481243088865,869.7662223751688,3.910187284711047,0.8948190253009648
2012-09-12,0.10062219098579606,4.85,KERVILCO,21.015444426809324,150.78697344173918,0.0,8.193574293771048,3.0105766961876963,762.2222992011399,1.886482089340404,0.226394063788505
2012-09-13,0.05331938780072079,2.57,KERVILCO,0.0,389.4618473505523,0.0,11.923779270318994,0.9656424044264575,646.9214326733419,2.9593320312501907,0.4521649739410329
2012-09-14,0.03609950769387322,1.74,KERVILCO,0.0,442.49124798491175,0.0,14.988212035414834,1.6193996867287883,656.375765119788,3.5329711295131005,0.772894717874172
2012-09-15,0.03589203925885096,1.73,KERVILCO,0.0,473.7709075246317,0.0,17.89757609423701,2.3565235791367107,669.9776862640398,4.3771457038922685,1.096229726812184
2012-09-16,0.034024823343650624,1.64,KERVILCO,0.0,443.7230625681298,0.0,17.909984345531463,3.902833868360716,759.8957695948465,4.700298856044229,1.0753122261171832
2012-09-17,0.02904558090311639,1.4,KERVILCO,1.8531336694859624,365.2655612219074,0.0,12.642179628929266,0.4665239078053882,620.4536683065226,3.924151590122668,0.8186663045374943
2012-09-18,0.03340241803858385,1.61,KERVILCO,0.0,484.13238113391657,0.0,16.637964427897607,0.2382359984698856,580.3233870360652,4.377255205179681,0.9148554906468714
2012-09-19,0.028630644033071865,1.38,KERVILCO,0.0,447.6344335763642,0.0,17.68507139658413,3.0762294041472185,720.9341438321131,4.665051634301918,1.0562118055507004
2012-09-20,0.026348491247827007,1.27,KERVILCO,0.0,442.797029987579,0.0,17.17300348033374,2.798588387307889,710.7198307839242,4.281280964076439,0.984595716850503
2012-09-21,0.026141022812804747,1.26,KERVILCO,0.0,441.0348229949191,0.0,18.72588423864484,4.0268513606688,772.5866615275352,4.25248379322706,1.1339850704870915
2012-09-22,0.02510368063769345,1.21,KERVILCO,0.0,436.7293672879314,0.0,19.25455757937794,4.458629634954668,798.5264502819166,4.02479096110508,1.1231925011014374
2012-09-23,0.02489621220267119,1.2,KERVILCO,0.0,374.364325810104,0.0,16.482339345311207,4.539073914181378,824.7197938126768,4.066344591270988,1.0593132689083993
2012-09-24,0.028215707163027348,1.36,KERVILCO,5.044095698864677,259.2891020633779,0.0,12.744233514722234,2.2386729234257388,719.8093820989347,3.530385303313249,0.7303827613039758
2012-09-25,0.040041407959296164,1.93,KERVILCO,5.782120401135486,231.24188777759443,0.0,9.056691297115906,0.0224900963191803,613.0032361956517,2.488802800515398,0.4844867191004569
2012-09-26,0.04460571352978588,2.15,KERVILCO,5.829730130619251,284.6898402943674,0.0,11.512580921580836,-0.2859315825873256,598.4473236237329,2.5708836228402183,0.4963251260000436
2012-09-27,0.0429459660496078,2.07,KERVILCO,0.0,372.0139042243503,0.0,11.2840262040422,-0.0401687115575375,607.2367861252897,2.8098707542154138,0.5636597430919048
2012-09-28,0.03775925517405131,1.82,KERVILCO,0.0,427.443223277224,0.0,13.852853818914184,-0.3010611971405453,589.3092979341532,2.9349788638669625,0.643225608541503
2012-09-29,0.035269633953784185,1.7,KERVILCO,0.0,399.4466202377835,0.0,14.777076599455205,1.845374195751289,688.5140332175048,3.1394149445403685,0.7496365457242642
2012-09-30,0.03340241803858385,1.61,KERVILCO,0.0,376.5251302278316,0.0,13.206972113005047,1.398234334566332,670.9848040131097,3.33577303493532,0.7010525639217978
2012-10-01,0.03298748116853933,1.59,KERVILCO,0.0,401.7445965932216,0.0,14.105803450016069,1.0061119427537983,650.3377966136769,3.2475100232973224,0.7046298989499576
2012-10-02,0.03174267055840577,1.53,KERVILCO,0.0,445.0937392608103,0.0,16.829833604377797,0.503415195567093,618.2106686313123,4.171700832939067,0.8861781606888094
2012-10-03,0.030290391513249946,1.46,KERVILCO,0.0,377.5045756229303,0.0,15.551659464879762,2.906971485538373,743.7469388363842,4.585301216753593,0.9359957154156312
2012-10-04,0.02904558090311639,1.4,KERVILCO,0.0,407.8598386110718,0.0,14.246594805046431,0.2187178460699815,614.2794957556529,4.102147836486202,0.8664434419202394
2012-10-05,0.029667986208183166,1.43,KERVILCO,0.0,358.7124891488993,0.0,12.045115658996597,0.4115926269053211,623.6740371060763,3.709094663923193,0.6557220379043425
2012-10-06,0.02842317559804961,1.37,KERVILCO,0.0,373.0212371014768,0.0,7.719714834108469,-4.245572204760579,444.8283234053867,3.350528304840516,0.5836793482531717
2012-10-07,0.026348491247827007,1.27,KERVILCO,0.0,394.8895749844893,0.0,7.802319717424681,-5.513559283101378,399.9241016844037,2.735654735822241,0.4874721672524152
2012-10-08,0.027800770292982828,1.34,KERVILCO,0.0,406.8708080540427,0.0,10.61598581833148,-3.716272679570392,450.9392071889248,3.8578253158185856,0.7392086063735338
2012-10-09,0.030082923078227686,1.45,KERVILCO,0.0,382.8695723089433,0.0,12.533438481212215,-0.6400036598840835,564.0000672664253,3.976967871952746,0.7551133201001773
2012-10-10,0.03153520212338351,1.52,KERVILCO,0.0,384.1108045399969,0.0,13.500708806638114,0.1070786338207282,589.0208744103533,3.729007167064992,0.8082892011832108
2012-10-11,0.029875454643205426,1.44,KERVILCO,0.0,383.7491648870993,0.0,15.344643095099691,1.6746893621975447,652.0903143550009,3.1979984871452816,0.8424327064503022
2012-10-12,0.050829766580453684,2.45,KERVILCO,9.493189251009136,255.1127772570362,0.0,8.597375468998946,-2.818229008100184,497.3886964405792,2.798043776913565,0.5539234804722726
2012-10-13,0.05705381963112147,2.75,KERVILCO,0.0,299.5571484566529,0.0,5.598620679492679,-3.914665733291038,458.7762519242597,1.8439363460882563,0.2828378553729833
2012-10-14,0.040041407959296164,1.93,KERVILCO,0.0,382.7151480575064,0.0,11.029153790213233,-2.8072729645178107,489.0354110150605,2.596855255931567,0.4574552414145615
2012-10-15,0.037344318304006786,1.8,KERVILCO,0.0,372.5388834078908,0.0,12.083008911965802,-1.4904385890338998,534.2025546845429,3.415470663765172,0.7672024140964591
2012-10-16,0.036929381433962266,1.78,KERVILCO,0.0040790655542255,332.8033463397259,0.0,12.411582295777444,0.6814006194281407,628.7262911249934,3.772342060938092,0.7517306319644046
2012-10-17,0.03921153421920712,1.89,KERVILCO,0.0,320.5764701492653,0.0,9.82312300897772,-0.997876943352836,568.6567923966105,2.955237703344628,0.4339479500710049
2012-10-18,0.03298748116853933,1.59,KERVILCO,0.0,363.93797377242703,0.0,10.78961727985792,-2.3806768454575846,504.6278903135181,3.977714021806253,0.6566406730419267
2012-10-19,0.034024823343650624,1.64,KERVILCO,0.0,376.295604854966,0.0,13.35056209091355,-1.032601247058606,549.9698864530396,4.0545688364605805,0.8351964170054262
2012-10-20,0.034854697083739665,1.68,KERVILCO,0.0,375.6332436223574,0.0,14.178690841473983,-0.3527559831820042,578.687627798896,4.116972130311515,0.9753898846095924
2012-10-21,0.03381735490862837,1.63,KERVILCO,0.0,332.6225374880688,0.0,12.671164002649704,0.5781088818273374,626.8073900508456,3.0317630836846323,0.7251619090772436
2012-10-22,0.0346472286487174,1.67,KERVILCO,0.0,348.7073042792991,0.0,12.25116602116419,-0.7448134849071189,568.0461774837918,2.495836105327956,0.5619651122466648
2012-10-23,0.034439760213695145,1.66,KERVILCO,0.0,382.7399476960132,0.0,15.067223067847095,-0.7101577335816693,563.9956751825932,2.997551984007254,0.6005165254148224
2012-10-24,0.034024823343650624,1.64,KERVILCO,0.0687780766386997,397.8523696950698,0.0687780766386997,12.274312008336029,-5.348784724978422,401.56051430402806,2.7768871007253324,0.5561730667890706
2012-10-25,0.032780012733517064,1.58,KERVILCO,0.0,310.2902811416069,0.0687780766386997,1.9576832791132417,-9.10204186262908,308.1574192215318,1.903558979141213,0.2963270041789753
2012-10-26,0.034439760213695145,1.66,KERVILCO,0.0,365.83444827245023,0.0687780766386997,1.4304192827779645,-13.128972422544672,223.10423836941808,1.714616700871519,0.2782774030327229
2012-10-27,0.030705328383294466,1.48,KERVILCO,0.0,346.0335848602867,0.0687780766386997,4.57359388751556,-9.160941083277883,304.5002359504061,2.3503302696369954,0.4067257276125144
2012-10-28,0.029253049338138645,1.41,KERVILCO,0.0,366.6939804495039,0.0597833682485461,10.684563578609175,-5.077838675526985,412.8168088259155,2.758535151822623,0.4991672664790505
2012-10-29,0.029667986208183166,1.43,KERVILCO,0.0,319.80138223942646,0.0287404739774605,10.923215896554655,-1.906756172731258,526.4355108471766,2.786067416333053,0.5628436773104033
2012-10-30,0.03215760742845029,1.55,KERVILCO,0.0,329.38615162735726,9.483877549726496e-05,12.012892724289433,-1.6389554409289593,531.4989447078152,2.750947970621384,0.6309027564816775
2012-10-31,0.030705328383294466,1.48,KERVILCO,0.0,344.59487311410294,0.0,12.529807627242736,-2.456111938785759,495.0538500097524,2.714002902295712,0.8130224617875274
2012-11-01,0.03174267055840577,1.53,KERVILCO,0.0,328.2702875326789,0.0,12.069650886134264,-1.8262949555667007,524.1686174305682,2.4982348267819687,0.8668193519918748
2012-11-02,0.03423229177867288,1.65,KERVILCO,0.0,237.8126772702552,0.0,7.320472209656924,-1.743757273491471,537.1748379398902,3.030422053762826,0.7277023818071526
2012-11-03,0.030497859948272206,1.47,KERVILCO,0.0,335.56661413735503,0.0,10.66284657108586,-3.918501217914045,450.4749737864252,2.667008269428593,0.6921254321067515
2012-11-04,0.029667986208183166,1.43,KERVILCO,0.0,305.7722104000754,0.0,9.489059940804138,-3.28720974950742,475.5126310957003,3.217591812763669,0.7165798275035407
2012-11-05,0.03153520212338351,1.52,KERVILCO,0.0,317.2969903140166,0.0,9.97195801435503,-3.756978809946584,457.4801761667437,3.105756362787019,0.6802228388423424
2012-11-06,0.03257254429849481,1.57,KERVILCO,0.0,317.3987778993079,0.0,12.260571033727476,-1.832397256170128,525.3992218294818,3.2085162449159155,0.8209512480435599
2012-11-07,0.034854697083739665,1.68,KERVILCO,0.0,300.1005559195608,0.0,11.295287337827904,-1.768613684630022,530.8471886194757,3.093930795781327,0.9269389900834798
2012-11-08,0.029460517773160905,1.42,KERVILCO,0.0,283.91232672401264,0.0,9.129555114045257,-2.919131149797724,489.9109998669176,2.704771778039348,0.7312779680238081
2012-11-09,0.03195013899342803,1.54,KERVILCO,5.566698941298719,199.11145776149053,0.0,9.134213535604228,-2.021052212430485,526.8217209068966,2.238641346446259,0.507399446639732
2012-11-10,0.03651444456391774,1.76,KERVILCO,3.080576689016172,267.22475417228134,3.080576689016172,1.7488306473989206,-13.041631189480684,225.8201014401413,1.0660355224025766,0.1618734589554098
2012-11-11,0.02219912254738181,1.07,KERVILCO,0.0,270.2441300477868,3.080576689016172,-6.82707499470006,-16.35343037379617,171.42077209055276,1.067781767187918,0.1539050718903748
2012-11-12,0.02717836498791605,1.31,KERVILCO,0.0,374.7156932163485,3.080576689016172,0.2707813404267305,-16.055066392479723,174.6296911669636,1.9611179651442407,0.3494388597782575
2012-11-13,0.031327733688361246,1.51,KERVILCO,0.0,346.03736661083536,3.080576689016172,4.639887174692516,-9.78866260113849,288.4556132890329,2.1386678191033592,0.4583146549561216
2012-11-14,0.029875454643205426,1.44,KERVILCO,0.0,348.65378292734056,3.080576689016172,6.717260672960346,-8.24067980048859,323.8653449698664,2.47648598311495,0.5565097481542918
2012-11-15,0.03360988647360611,1.62,KERVILCO,0.0,322.0354362224519,3.080576689016172,5.660119143981382,-7.659199706726846,341.3252683745332,1.956917476409692,0.520934383995755
2012-11-16,0.04336090291965232,2.09,KERVILCO,0.0,336.87082637515084,3.080576689016172,8.143506046269906,-6.532160657514755,370.1207310487212,1.8681381995981576,0.5908357405110344
2012-11-17,0.04792520849014204,2.31,KERVILCO,0.0,301.2737706398188,2.642950314621947,7.590722108513244,-4.957221740200803,419.58750988188245,2.075711193630087,0.5647775868279246
2012-11-18,0.07406623130294678,3.57,KERVILCO,0.0,283.95867154773657,2.418734144007742,6.129484198223606,-5.466695955607232,405.1980104819935,1.7154844309231558,0.3978432022189584
2012-11-19,0.07053926790756837,3.4,KERVILCO,0.0,282.75084966285266,2.218346139189924,5.987302261844246,-5.522731347836329,403.3797711452382,1.669953950514338,0.3739162121258305
2012-11-20,0.1132777655221539,5.46,KERVILCO,0.0,337.5973954486522,1.9951329464396883,10.045534586550207,-5.469040986579301,396.280623951449,1.9031396048314395,0.5648748221335835
2012-11-21,0.1246885294483782,6.01,KERVILCO,0.0,304.3293972304172,1.5566902876580595,8.223903033821513,-4.957028054202489,418.21160521254507,2.1285532916359,0.7411903429180524
2012-11-22,0.0713691416476574,3.44,KERVILCO,0.0,255.5423967970068,1.0150207985396589,5.938549799421838,-4.661026268916804,427.1869324528674,2.8383464466525434,0.6251140596781243
2012-11-23,0.06618243077210091,3.19,KERVILCO,0.0,279.22419218667767,1.012786930013902,5.334973214299489,-6.336765158652847,373.71477408997976,2.1648172895538087,0.5495915299419762
2012-11-24,0.05850609867627729,2.82,KERVILCO,0.0,294.5991357193587,0.9924242114634276,6.729668540243087,-6.072159999833324,376.7180340276187,2.7969899560912426,0.6605505849084483
2012-11-25,0.046472929444986225,2.24,KERVILCO,0.0,276.6037454538142,0.991566669468243,5.341908775622794,-6.353091403841477,374.166673809878,2.565059901815037,0.5756791904174463
2012-11-26,0.0398339395242739,1.92,KERVILCO,0.0,270.41822354349495,0.991566669468243,4.372823526191178,-6.993716362855477,357.57900702005634,2.052192362460562,0.4632327192339665
2012-11-27,0.029667986208183166,1.43,KERVILCO,0.0,319.6817386639003,0.991566669468243,5.813507035664721,-8.857216698179814,303.30741153227183,2.57645840824299,0.5934628769475202
2012-11-28,0.023443933157515365,1.13,KERVILCO,0.0,287.80052904711243,0.991566669468243,4.72134803919573,-7.704738947132189,337.2672685144159,2.2794711597985056,0.5652118851026124
2012-11-29,0.022614059417426332,1.09,KERVILCO,0.0,231.33516445352225,0.7232478120629567,4.406239058631362,-5.201051218744277,412.10997605949774,2.322262591710483,0.525597745052396
2012-11-30,0.023651401592537626,1.14,KERVILCO,0.0,240.06458989200783,0.4725869337829386,4.892549993878716,-5.179923144716864,412.5285573048359,2.090614890509576,0.5527147544971073
2012-12-01,0.030290391513249946,1.46,KERVILCO,0.0,210.2945102517615,0.0326694621170568,5.8705307974221865,-3.534046114417329,467.9572704927422,2.275129508362852,0.4859269644612223
2012-12-02,0.03713684986898453,1.79,KERVILCO,0.0,236.32839412409305,0.026814415336869,5.144597195431754,-5.604615160139273,400.5524701411735,1.694406402249499,0.5579835801373536
2012-12-03,0.03921153421920712,1.89,KERVILCO,0.0,192.00941164175967,8.485574333643003e-05,3.254463407941752,-5.183368275984406,415.5065893504725,1.948401635662894,0.3682874912320268
2012-12-04,0.03381735490862837,1.63,KERVILCO,0.0,254.00319809818595,8.485574333643003e-05,3.565636093301771,-8.232121731643016,328.31535650360365,2.073547468784903,0.5056822864734641
2012-12-05,0.029875454643205426,1.44,KERVILCO,0.0,242.9770013103985,0.0,6.22097398715822,-5.030336428480393,419.1535566396664,2.474905045955758,0.6192225770378532
2012-12-06,0.03506216551876192,1.69,KERVILCO,0.0,121.562331005141,0.0,1.6737003669734414,-3.434639794430373,473.9956856222027,1.6003431512696118,0.3970238389871603
2012-12-07,0.03672191299894,1.77,KERVILCO,0.0,232.34228302618376,0.0,3.005301647951634,-7.1805929749671575,356.9582711181359,1.5184354374426254,0.2935451990857681
2012-12-08,0.05414926154080983,2.61,KERVILCO,0.0,266.53356385920466,0.0,3.2343675789906543,-9.334132596635689,300.99133307991497,1.5416518986147776,0.2872796471703211
2012-12-09,0.05809116180623278,2.8,KERVILCO,2.743406874176931,277.35095356205,2.743406874176931,-4.223656798039001,-22.74499348054008,99.27199781464242,0.8798254834828508,0.1358421481683394
2012-12-10,0.025933554377782487,1.25,KERVILCO,0.1564580209044735,298.59323772897443,2.899847593584306,-8.373217260114389,-21.36286044316753,110.93873682587302,1.3654476606660606,0.2091071115031479
2012-12-11,0.02676342811787153,1.29,KERVILCO,0.0,224.7022738265523,2.899847593584306,-8.337637073668162,-17.147376176351035,159.4481554387124,1.20268585813537,0.1939417989803373
2012-12-12,0.018672159152003393,0.9,KERVILCO,0.0,303.67463775022395,2.899847593584306,-1.3626741237854365,-14.485498666517358,171.08933209742983,1.598861960768759,0.3509681768605548
2012-12-13,0.017427348541869832,0.84,KERVILCO,0.0,264.42127479100554,2.899847593584306,0.1343249787664913,-10.494457367148748,242.99493401957645,1.4249833576104272,0.4090666977223737
2012-12-14,0.02136924880729277,1.03,KERVILCO,5.41645135850479,123.92995609348064,8.316394803583604,-2.8826142183250965,-8.94639781532873,310.7305612299099,1.2385033397308651,0.2680741534559847
2012-12-15,0.026141022812804747,1.26,KERVILCO,5.137821068839425,118.04884996922269,13.45415425937682,-4.5760856568962085,-10.193906404568164,281.5580558227203,0.8959388294904979,0.1690623300286213
2012-12-16,0.02468874376764893,1.19,KERVILCO,2.6095700653744744,149.95237881571384,16.06391629352058,-6.918155111753541,-13.283920678111476,219.6059066174824,0.8862399453252198,0.151532373721429
2012-12-17,0.022821527852448592,1.1,KERVILCO,2.380363385160293,198.0588044092337,18.44428834868828,-4.425739262529368,-13.10981565091278,221.70739833378224,1.3839864771951875,0.2357906494920002
2012-12-18,0.022614059417426332,1.09,KERVILCO,4.002794267936799,154.34278220199897,22.44772890824724,-3.9284067038097215,-11.13790088334436,261.2932338764742,1.0784086663926653,0.2194339540519554
2012-12-19,0.022406590982404072,1.08,KERVILCO,6.520323782664388,255.96911590374089,28.96829383825725,-5.669365077061424,-21.742343699165303,108.14960080507588,0.5296782655884101,0.0775703413387243
2012-12-20,0.014730258886580453,0.71,KERVILCO,0.0,358.28865706436267,28.96829383825725,-6.521663514299404,-24.302202214576184,85.40483831676217,1.4280668925907385,0.237237489208406
2012-12-21,0.015767601061691755,0.76,KERVILCO,0.0,326.09938432576,28.96829383825725,-1.921130076840668,-15.652622524606882,180.10912934319444,1.316965561302477,0.3185392022286592
2012-12-22,0.07240648382276872,3.49,KERVILCO,0.0,325.1267154040239,28.96829383825725,0.2025613102643901,-13.62897708361956,210.8542011158546,1.4749267867613445,0.3571263034071353
2012-12-23,0.3443976021369515,16.6,KERVILCO,0.0,289.79330509888155,28.96829383825725,-2.821187981027664,-13.902141011299568,208.67420274398685,1.3293251843504978,0.253649446650264
2012-12-24,0.2302899628747085,11.1,KERVILCO,0.0,252.77424698914348,28.96829383825725,-3.0342853946188515,-12.135744569575404,240.5740818748387,0.910611700083007,0.1933707231414294
2012-12-25,0.04834014536018656,2.33,KERVILCO,0.0,287.5593258555385,28.96829383825725,-6.186251041770265,-16.914533027376514,161.83279031268185,0.5751200761330045,0.0847187639695983
2012-12-26,0.059543440851388595,2.87,KERVILCO,0.5894216427148186,273.4047677323591,29.557558536101126,-4.855464037529962,-15.45123193356912,180.94019308715707,0.984730946875258,0.208507137563315
2012-12-27,0.19626513953105787,9.46,KERVILCO,0.0,193.8261702509196,29.557558536101126,-8.081537414599147,-14.615966840891712,196.74115708973065,0.7405701373675545,0.1276054170935595
2012-12-28,0.10726118090650837,5.17,KERVILCO,0.0,286.6254117989246,29.557558536101126,-9.143994895326,-19.382352370596347,131.0722916184089,0.6219118881571103,0.0930425160853972
2012-12-29,0.3008292307822769,14.5,KERVILCO,0.0,356.64672877661536,29.557558536101126,-4.082605247501367,-20.536096299445543,110.86829027336672,0.9745787669468202,0.1936511174843501
2012-12-30,0.7033179947254611,33.9,KERVILCO,1.7576566463813803,283.0893879011029,31.31536153921736,-3.1162576894308547,-15.410079547559269,175.93884778099726,0.924879728428778,0.2182463466092706
2012-12-31,0.42323560744541017,20.4,KERVILCO,0.8788283231906902,277.78429334214684,49.58544508682773,-6.3018721581290835,-17.98875526732754,147.41708660325668,0.5506596048240603,0.0864657077403159
2013-01-01,0.009751016446046215,0.47,KERVILCO,0.0,272.47919878319084,67.85552863443812,-9.487486626827312,-20.56743098709581,118.89532542551608,0.5320589434221491,0.0771502760330958
2013-01-02,0.023236464722493112,1.12,KERVILCO,0.0,324.65350816860007,67.85552863443812,-8.479725796689781,-22.82884400302901,97.45485246085885,0.8033914601166934,0.1269087089150465
2013-01-03,0.6431521485690057,31.0,KERVILCO,0.0,349.7626783745385,67.85552863443812,-7.210422610471754,-23.774236142308084,89.5727243699241,0.6656377031054895,0.1205396292081772
2013-01-04,0.010165953316090735,0.49,KERVILCO,0.0,331.13308968889453,67.85552863443812,-3.3038680858728844,-18.11443712954823,146.89624919842484,1.0008621856791895,0.2126450017414443
2013-01-05,0.0062240530506677974,0.3,KERVILCO,0.0,345.7196482633984,67.85552863443812,-2.126593783000461,-18.17694646274185,146.09539102434562,1.2106610014412371,0.2081084493409456
2013-01-06,0.0014522790451558195,0.07,KERVILCO,0.0,328.7796262365534,67.85552863443812,-1.0423406845184344,-15.52405606504328,182.7009371254537,1.120603319396711,0.2947737177887407
2013-01-07,0.0014522790451558195,0.07,KERVILCO,0.0,320.7078066347269,67.85552863443812,0.6144970227777937,-13.22501683289912,220.71884319027035,1.07330174628147,0.2692277880055087
2013-01-08,0.0016597474801780794,0.08,KERVILCO,0.0,325.1026333043479,67.85552863443812,0.5936834032427489,-13.473724663989492,216.3282267547108,1.474253816400875,0.2686182168496119
2013-01-09,0.0016597474801780794,0.08,KERVILCO,0.0,339.56752869385554,67.85552863443812,2.6560057878161043,-12.515624424101434,233.8168066592904,1.1618765850106167,0.268548231344188
2013-01-10,0.0014522790451558195,0.07,KERVILCO,0.0,318.07535328267943,67.85552863443812,-0.4330541419652444,-13.744520630655122,211.54897626183936,1.0216317514878002,0.2938301320409368
2013-01-11,0.0010373421751112995,0.05,KERVILCO,1.063940300758514,305.7883581152805,68.91916915364466,-6.4498841797054745,-21.378524811373936,110.76697646811908,0.5968144224834961,0.07849195427157
2013-01-12,0.0008298737400890397,0.04,KERVILCO,0.0,294.5360469330029,68.91916915364466,-14.195962519031776,-25.70910486699436,75.18410071896336,0.4978019832703942,0.0713177472257528
2013-01-13,0.0006224053050667797,0.03,KERVILCO,0.0,283.7680558188816,68.91916915364466,-15.618094568010427,-26.494844851551445,69.96716953402118,0.4300970563541129,0.0677698219175731
2013-01-14,0.0014522790451558195,0.07,KERVILCO,0.0,289.01465744775646,68.91916915364466,-12.84644902938178,-23.89271366233252,88.61806940225546,0.3765499212929011,0.056785432303183
2013-01-15,0.014730258886580453,0.71,KERVILCO,0.0,362.3362648508116,68.91916915364466,-9.842383308286244,-25.64509930965615,75.61563021746899,0.6767154136123263,0.0983974859443251
2013-01-16,0.025933554377782487,1.25,KERVILCO,0.0,349.9707880514258,68.91916915364466,-1.2715829767209677,-16.0331839194318,175.09161842419567,0.9965921814404156,0.1592389400551939
2013-01-17,0.03858912891414035,1.86,KERVILCO,0.0,347.0842886672737,68.91916915364466,0.3880875818350181,-14.054563908683123,206.2316402833769,0.8626340321941365,0.211485868644101
2013-01-18,0.06493762016196736,3.13,KERVILCO,0.0,346.4843322666569,68.91916915364466,-0.1286436385902129,-14.344933606777682,201.3491444462829,1.1731673403828125,0.2130935911148314
2013-01-19,0.0419086238744965,2.02,KERVILCO,0.0,372.9253002754608,68.91916915364466,1.9152108070965488,-14.352905721474974,200.6741351358372,1.4157672406099775,0.260716823471937
2013-01-20,0.060788251461522155,2.93,KERVILCO,0.0,375.9747584867444,68.91916915364466,2.1077501510432115,-14.21069583510096,202.65366721117567,1.4286508125527515,0.2653316728435281
2013-01-21,0.045228118834852664,2.18,KERVILCO,0.0,353.91677808106266,68.91916915364466,1.308553122808872,-13.02529237258534,223.8522394472324,1.3276366033529003,0.2313766344548193
2013-01-22,0.043568371354674576,2.1,KERVILCO,0.0,379.653283748479,68.91916915364466,4.59437191831082,-11.730541407917196,243.56867455828424,1.8022011649782768,0.3315259615005039
2013-01-23,0.03360988647360611,1.62,KERVILCO,0.0,383.6863257947736,68.91916915364466,6.536610424361895,-10.014724964445112,273.0318802741557,1.9748442587862485,0.4225083281008409
2013-01-24,0.017012411671825312,0.82,KERVILCO,0.0,332.23240125575603,68.91916915364466,3.482561648568356,-9.159710805359229,301.7578040030923,1.7417407068435553,0.3354516327093533
2013-01-25,0.008713674270934916,0.42,KERVILCO,0.0,189.63724968741292,68.39326696810654,1.7621373700347476,-4.750380015857985,429.474855678696,1.0852022124111926,0.1739526343191031
2013-01-26,0.0062240530506677974,0.3,KERVILCO,4.474671719447218,122.74802637127198,67.70555794678974,1.1870390262347146,-4.361445557404302,442.2604416059595,0.9773414619972348,0.1709881153751429
2013-01-27,0.0062240530506677974,0.3,KERVILCO,0.0,224.1541561063112,67.55739872547075,1.7291830488163304,-5.8471451676001776,395.39661782834594,0.8880954352314866,0.1227566812553503
2013-01-28,0.0012448106101335594,0.06,KERVILCO,5.309373405442964,217.2649276645556,72.86784615963654,-0.7346807094769051,-10.823167953866957,268.1329039506741,0.8762272779193641,0.1281412252071915
2013-01-29,0.0012448106101335594,0.06,KERVILCO,0.0,297.5609956989946,72.86784615963654,-9.199509494058947,-19.236890363596444,133.99816802397632,0.6457303252253002,0.0818701774530996
2013-01-30,0.0012448106101335594,0.06,KERVILCO,0.0,353.0210165241064,72.86784615963654,-7.103609874178607,-19.70157785368999,128.67086134413577,1.028758550760516,0.1326210810848589
2013-01-31,0.0012448106101335594,0.06,KERVILCO,0.0,251.0031088085517,72.86784615963654,-2.3411693513555307,-10.652423516537183,271.4331494999354,1.283994928520534,0.174604082991865
2013-02-01,0.0012448106101335594,0.06,KERVILCO,0.0,317.8865259904314,72.86784615963654,-0.9072223935562757,-11.677560122380989,249.42375776426653,1.169202491924182,0.1651660381591299
2013-02-02,0.0012448106101335594,0.06,KERVILCO,0.0,359.5883988349365,72.86784615963654,1.1335349886209167,-11.268661581820565,256.8049559777107,1.6189644020816254,0.2558899123898117
2013-02-03,0.0012448106101335594,0.06,KERVILCO,0.0,349.72686695678874,72.86784615963654,1.2966546860535708,-10.370357043143896,275.0877575499378,1.577148292208348,0.3186415269207763
2013-02-04,0.0012448106101335594,0.06,KERVILCO,0.0,368.76473454092087,72.86784615963654,1.7477501524422452,-10.684696015000672,261.7961378640524,1.4490929936129762,0.2355823307517388
2013-02-05,0.0012448106101335594,0.06,KERVILCO,0.0,420.93407624681294,72.86784615963654,5.686783135494637,-9.884989160280858,256.93826993389,1.536152674451192,0.2642631383277364
2013-02-06,0.0012448106101335594,0.06,KERVILCO,0.0,372.89597649307865,72.86784615963654,3.266287971711556,-9.114865673897032,290.97287265914326,1.4125938285532056,0.2480205393166579
2013-02-07,0.0012448106101335594,0.06,KERVILCO,0.0,390.0485929199902,72.86784615963654,2.1724894297846022,-10.849987972056802,253.42662810492263,1.0585401978795337,0.161765102731815
2013-02-08,0.0012448106101335594,0.06,KERVILCO,0.0,359.97009043975834,72.86784615963654,1.0379521402301255,-10.254935286928982,271.9526971258033,1.3366213337934207,0.2120534339120418
2013-02-09,0.0012448106101335594,0.06,KERVILCO,2.187541168004454,215.0742498560756,75.05477946694214,-4.055247760417836,-11.579872549268426,252.14955437217105,0.9292568294903846,0.121897232800614
2013-02-10,0.023028996287470852,1.11,KERVILCO,2.4899936754379586,243.9027655249463,77.54562470774172,-5.491162362540924,-14.219108137789751,203.52380666967312,0.9971268274519022,0.1363629726102648
2013-02-11,0.001867215915200339,0.09,KERVILCO,3.737410423414572,241.99310810903705,81.2835500733094,-7.5624924440724435,-16.61900006900044,166.68826849590485,0.8573814122606477,0.1287521623893925
2013-02-12,0.0016597474801780794,0.08,KERVILCO,0.0,412.2160322680529,81.2835500733094,-6.061736722543259,-18.676633718941943,139.4818087276939,0.9650504592115492,0.1261844875869971
2013-02-13,0.0012448106101335594,0.06,KERVILCO,0.0,433.00452467499593,81.2835500733094,-1.828365781764376,-15.523429490608256,177.92746835435509,1.3435793354929295,0.1820570749944507
2013-02-14,0.0014522790451558195,0.07,KERVILCO,0.0,377.4002672751245,81.2835500733094,-2.289345452221628,-13.130027257139831,216.7269983354145,1.2006859465675352,0.1544696215611698
2013-02-15,0.004564305570489717,0.22,KERVILCO,0.0,340.93772964195745,81.2835500733094,-4.482761975623126,-13.75792386288976,209.0195067570312,1.1493014660969634,0.1434858801041517
2013-02-16,0.002904558090311639,0.14,KERVILCO,0.0,477.88568999960825,81.2835500733094,1.6036431311367,-14.096515868587671,178.6791885694345,1.6417519069226525,0.2294770973790311
2013-02-17,0.0031120265253338987,0.15,KERVILCO,0.0,464.1201560039583,81.2835500733094,3.0193723995258503,-11.36678585405259,219.52351992213823,1.6504468129742804,0.2692177409609202
2013-02-18,0.003734431830400678,0.18,KERVILCO,0.0,395.5227389205359,81.2835500733094,-4.2231816057952445,-14.944485052830489,187.1364727062789,1.1378398429220442,0.1390845242433153
2013-02-19,0.003941900265422939,0.19,KERVILCO,0.0,476.35867011919584,81.2835500733094,-0.4926997483326306,-14.842515061006452,167.1103718593146,1.4652197800247189,0.2394001115352626
2013-02-20,0.003941900265422939,0.19,KERVILCO,8.388187073133206,225.6043409984968,89.67164000507714,-2.6615254086530333,-9.967687275781715,286.6766393168398,1.2433136178230846,0.1808519547998019
2013-02-21,0.003941900265422939,0.19,KERVILCO,2.7670160850063663,268.33003351445694,92.43903243349324,-4.083722992842418,-12.200999617350492,233.6632468344261,0.9564541421778838,0.1120285230585332
2013-02-22,0.016390006366758532,0.79,KERVILCO,0.0,440.4978415548954,92.43903243349324,-4.359368415411362,-15.366334210576351,158.68931007290047,1.0181700168506924,0.1265596510715811
2013-02-23,0.007053926790756837,0.34,KERVILCO,6.87857308404735,366.18370360861,99.31794418066356,-3.105765540819352,-16.421315388315985,141.08593482535792,1.253698561101193,0.1658451074325801
2013-02-24,0.008091268965868136,0.39,KERVILCO,4.959971370048355,329.6950352400188,104.27725722742086,-5.529854917822971,-16.405486252473633,162.5805929196083,1.0200249888385933,0.1208579304457714
2013-02-25,0.007883800530845878,0.38,KERVILCO,0.0,519.5143068561198,104.27725722742086,-3.0347519291763847,-17.776429489652138,116.32075785495714,1.193504689219851,0.1509460183096338
2013-02-26,0.008713674270934916,0.42,KERVILCO,5.663427506503616,309.32075209083024,109.94103892782294,-6.617234727244726,-16.699966035560898,162.2247051665408,1.1370359121184237,0.1372198611158213
2013-02-27,0.008298737400890396,0.4,KERVILCO,0.0,517.9785665648102,109.94103892782294,-4.731650851498091,-18.986449402186533,114.85910810777968,1.106331195380183,0.1307528624315118
2013-02-28,0.009958484881068475,0.48,KERVILCO,0.0,524.4809097087441,109.94103892782294,-2.8281531601483265,-17.48428329436546,123.48239276925716,1.3366640791718942,0.1660663486122073
2013-03-01,0.013070511406402373,0.63,KERVILCO,0.0,475.17631256925085,109.94103892782294,0.7972490137786273,-11.386383434797196,197.21332224445743,1.555361677753696,0.1899999861152774
2013-03-02,0.014937727321602713,0.72,KERVILCO,0.0,522.334673453201,109.94103892782294,5.836631722642415,-8.642134640515218,207.650643723074,1.7019567970927914,0.2235929193657284
2013-03-03,0.33817354908628366,16.3,KERVILCO,2.989080563705776,327.8068580633787,112.26755356119818,4.299998661035039,-6.236961509331639,335.39112889395,1.9187132060866976,0.278601861806135
2013-03-04,0.9896244350561798,47.7,KERVILCO,3.488869929058985,385.4412326965708,115.75666224011994,0.6504029846889009,-13.212888377291414,189.29463203011025,1.0497430940939183,0.0983074956189656
2013-03-05,1.035267490761077,49.9,KERVILCO,0.0,590.8728221573293,115.75666224011994,4.793415552288247,-14.46175802562849,117.18223554767282,1.891147622260504,0.2687868538719934
2013-03-06,0.9190851671486113,44.3,KERVILCO,0.0,543.8555490303936,115.75666224011994,7.422381961537276,-7.759073246434181,197.0707577798082,1.81902032559622,0.3296155564461941
2013-03-07,0.6929445729743481,33.4,KERVILCO,0.0,527.2546721233084,115.50443213034627,8.650065891167744,-5.400675516962224,234.55667455525392,1.946725811090673,0.3091258092797865
2013-03-08,0.2987545464320543,14.4,KERVILCO,4.441140060254071,338.7149147200493,115.33768814075236,5.39463878461777,-5.601860845621715,323.5753218394494,1.9608739776812216,0.3188165827387126
2013-03-09,0.16638968488785244,8.02,KERVILCO,12.285281343819644,220.62237606408465,127.62276818211124,-3.667126223430559,-10.03699875937886,282.9875501533868,1.3268313110340837,0.1463458874121207
2013-03-10,0.10186700159592961,4.91,KERVILCO,0.0,544.1424844163035,127.62276818211124,-1.618586736844257,-15.397735538198956,148.24869605368386,1.2849743417335122,0.135270266289965
2013-03-11,0.10477155968624124,5.05,KERVILCO,0.0,504.7393441992527,127.62276818211124,2.119041963700111,-10.186316578555854,216.9837202912682,1.8509313818151,0.2254215831346177
2013-03-12,0.17800791724909898,8.58,KERVILCO,0.0,500.5053638469551,127.62276818211124,4.121990275708876,-7.9575774265578865,248.53795269893803,1.768829645739551,0.2096201029405122
2013-03-13,0.4668039788000848,22.5,KERVILCO,0.0,547.6008227399325,127.62276818211124,7.627249693220767,-6.503934006616243,245.1438434462845,2.172254431648765,0.2990980071749315
2013-03-14,0.45435587269874916,21.9,KERVILCO,0.0,552.6786356941165,126.62763995507972,10.747444320346258,-3.630745403159936,284.3370851421075,2.462184214305569,0.3957551355173669
2013-03-15,0.1863066546499894,8.98,KERVILCO,0.0,518.4412450727887,125.05043923625938,10.474073389723664,-2.2441070153984493,331.31678094565893,2.845031985482546,0.5170418971180141
2013-03-16,0.1080910546465974,5.21,KERVILCO,2.534926293132381,332.6725123483113,124.49492961853971,4.334574226164659,-4.679009032310541,385.5842120508986,2.196464416060503,0.3608852043673026
2013-03-17,0.07302888912783548,3.52,KERVILCO,0.8919546796273427,414.6697671341939,125.38716972462532,2.1137156844237524,-7.816105950870815,286.90534959282604,1.884698706083237,0.2343764078842812
2013-03-18,0.06286293581174475,3.03,KERVILCO,0.0,422.05534405698967,125.38716972462532,0.2121370302711028,-8.861677808740337,271.8184236532393,1.80600873353156,0.2143536716573651
2013-03-19,0.05995837772143312,2.89,KERVILCO,0.0,511.9283043370541,125.38716972462532,2.570255233123832,-8.942294117123161,235.543044060916,2.170328599082258,0.2872112373058771
2013-03-20,0.05456419841085435,2.63,KERVILCO,2.522152333388548,469.1468185379614,127.9093273036282,4.484588169172114,-9.307088625751984,235.27195712123776,2.093119837048407,0.3080950396776413
2013-03-21,0.04439824509476362,2.14,KERVILCO,5.154658081583015,349.8446486432051,133.06368387633643,1.3595294629082229,-8.745894334974047,293.8517517047193,1.6621323100366416,0.1809881372096308
2013-03-22,0.04668039788000848,2.25,KERVILCO,0.0,590.4224890186279,133.06368387633643,2.6776782830385666,-11.680892140102651,184.363392244476,2.003488402315704,0.2551701999835049
2013-03-23,0.04688786631503073,2.26,KERVILCO,7.663734664163599,352.9172149208325,140.72727269936885,-8.35520913715089,-18.312948229404064,144.5529078647049,1.063985738396141,0.119443895033261
2013-03-24,0.045435587269874914,2.19,KERVILCO,0.0,610.5609228573309,140.72727269936885,-6.994543266520121,-22.0313097790138,96.24881037045374,1.0732420177246458,0.1179808057461088
2013-03-25,0.0356845708238287,1.72,KERVILCO,0.0,660.9332439235624,140.72727269936885,-1.2936125319684897,-19.55270916386368,103.9592939353157,1.447784055211946,0.1600617994023303
2013-03-26,0.05062229814543142,2.44,KERVILCO,0.0,639.6001461862166,140.72727269936885,5.76685301263671,-11.2271751335451,180.01648222953844,2.203382118562032,0.3104670548843849
2013-03-27,0.08257243713885945,3.98,KERVILCO,0.0,562.8691577985641,140.35790233619042,8.106176839494127,-5.120898493093712,298.1260457188194,2.6297240035275498,0.4117953474162792
2013-03-28,0.10311181220606318,4.97,KERVILCO,0.0,537.8748804512392,139.38340332020087,8.669802337029045,-3.678911849038701,337.5970641134235,2.5986285914891103,0.4853159814248892
2013-03-29,0.08983383236463854,4.33,KERVILCO,0.0,545.2311820769356,138.3207286270973,9.008307228778303,-3.4685135283433186,324.62124894373085,2.8665053184280533,0.4847953852304131
2013-03-30,0.07116167321263515,3.43,KERVILCO,0.0,539.8270559677455,137.30616605081502,8.662703459340046,-3.586920222975538,324.8923450140052,2.9607760100224896,0.440163026897012
2013-03-31,0.08464712148908204,4.08,KERVILCO,0.0,603.8466898387001,136.71510327457764,9.879734406070275,-4.590053229890351,270.8535954372359,2.863207302435929,0.4360340542037342
2013-04-01,0.09211598514988341,4.44,KERVILCO,0.0,582.7652914971308,135.50229514838813,10.356399436404969,-3.1128980708254743,307.92863013664936,2.631694295244414,0.4212316616500405
2013-04-02,0.0952280116752173,4.59,KERVILCO,0.2492326368115665,469.81534952998527,135.01473387092733,5.323428842363762,-4.839723150185319,334.69451673467773,2.388710835147335,0.3421016823549858
2013-04-03,0.10539396499130803,5.08,KERVILCO,0.0,578.1076133362187,134.924428993071,7.01809953111233,-5.989195349894721,262.9692908240684,2.1191534668009817,0.2641369554365633
2013-04-04,0.2551861750773797,12.3,KERVILCO,0.0,621.2055923448207,134.27091395037377,10.19686763734295,-4.445165861823558,264.0781665182659,2.855310832786504,0.4124396260681376
2013-04-05,0.1748958907237651,8.43,KERVILCO,0.0163931316640911,558.1453808788326,132.28730309855692,10.880657201186024,-1.2762849810777903,356.80377845882225,2.82679026880017,0.4902161899910073
2013-04-06,0.16120297401229594,7.77,KERVILCO,0.0,551.0329163332899,130.90095804798474,8.954840753476024,-2.700334099361668,333.2938204769096,2.93927187446921,0.4114663017817192
2013-04-07,0.15601626313673944,7.52,KERVILCO,0.0,539.6240602919617,129.77900843559848,7.952836516192978,-3.3275155589360863,327.139228224433,2.8223977381368046,0.3913014273029259
2013-04-08,0.17987513316429932,8.67,KERVILCO,4.785529939034494,394.2916141314648,128.34644656482658,8.525939922142989,-2.588965087130377,417.5523307246578,3.2087695158831853,0.4857061836147169
2013-04-09,0.07157661008267968,3.45,KERVILCO,16.304984187378487,450.192139681308,144.65157090459647,-0.4762999485321061,-13.49632391387431,197.73040219342772,1.676119233172633,0.1695207021028435
2013-04-10,0.14668018356073778,7.07,KERVILCO,0.0,549.1078699546141,144.65157090459647,-2.029135465391124,-13.114001882599496,203.07413690061864,1.6075472590062572,0.1726503389661615
2013-04-11,0.3547710238880645,17.1,KERVILCO,0.0,614.5591149180506,144.65157090459647,2.706357858582926,-10.552989237455522,218.07636303816145,2.1252262767216266,0.2581672387565853
2013-04-12,0.1728212063735425,8.33,KERVILCO,0.0,549.7624486157956,144.64754647070276,4.597726872315731,-6.564066735302835,302.2722730143748,2.489348412194764,0.3010448475483391
2013-04-13,0.2323646472249311,11.2,KERVILCO,9.200564773137236,476.8523640913963,144.71189747464106,8.716921545932314,-5.651732060116766,333.7749140720624,3.195079407768597,0.4565073960817403
2013-04-14,0.12759308753868984,6.15,KERVILCO,4.468852613560234,387.40887700077366,144.9527739277656,3.466919556428084,-5.092112427666074,408.4447225178624,2.1484535931945863,0.23627830340118
2013-04-15,0.1246885294483782,6.01,KERVILCO,0.0,603.9704041297113,144.47394090258763,7.847695599419162,-4.884269072820588,332.01913859882205,2.530756067314909,0.3482220793597683
2013-04-16,0.16867183767309735,8.13,KERVILCO,0.0,644.6198419758354,144.0054015864478,9.062264137611448,-5.246418091565425,307.7799762853913,3.232422248475632,0.4286707801533785
2013-04-17,0.1313275193690905,6.33,KERVILCO,0.0,664.3564269578793,144.0054015864478,2.340879846401574,-12.85980432408252,187.66105107736527,1.593436737476437,0.2003081093107871
2013-04-18,0.16804943236803052,8.1,KERVILCO,0.0,548.628205889303,144.0054015864478,-4.709296871412427,-15.571636220737725,177.79824684439856,1.3885150891342708,0.1416198737079588
2013-04-19,0.2240659098240407,10.8,KERVILCO,0.0,714.5495733810955,144.0054015864478,3.632138034464872,-14.257923209620794,156.0641621528761,2.645975857970124,0.3227852988343663
2013-04-20,0.11825700796268815,5.7,KERVILCO,1.552410240050525,481.8146633511118,144.54398490253544,5.052849478959458,-5.612758651429819,359.34120347257,2.630953362696478,0.337271380811173
2013-04-21,0.12697068223362307,6.12,KERVILCO,0.0,581.8305720728864,143.91543584229973,7.539002023081681,-4.50941798380816,348.5190437334412,3.064654533059613,0.3915983037954003
2013-04-22,0.162032847752385,7.81,KERVILCO,4.00894145527472,497.8431779246358,145.76056669162304,8.973534974197882,-5.857744493721242,338.54958015871705,3.3370777282503488,0.4678220407113328
2013-04-23,0.14356815703540385,6.92,KERVILCO,0.0,554.6380514047344,145.76056669162304,0.3274050761217651,-10.634747286722911,251.0802592720265,1.6723741744465963,0.1696529928654951
2013-04-24,0.1489623363459826,7.18,KERVILCO,0.0,671.1550747619835,145.76056669162304,4.644913978657,-10.276342218852294,220.0035153023674,2.5385858277458007,0.3223720504940577
2013-04-25,0.1288378981488234,6.21,KERVILCO,0.0,640.981185244362,145.07520484879893,9.49849459629186,-4.367877252764133,328.43716276100974,3.2855981250344164,0.5844327573795922
2013-04-26,0.12116156605299978,5.84,KERVILCO,0.0,618.4348390735427,143.8395123078872,9.974202137374863,-3.056145884440008,366.3162065691128,3.456879109647016,0.5560335099383727
2013-04-27,0.1543565156565614,7.44,KERVILCO,0.0,633.157523636413,142.35747171499534,11.259366735952367,-2.473638481230773,362.0403161036353,3.733046815040793,0.6026215584711452
2013-04-28,0.19896222918634726,9.59,KERVILCO,0.0,665.5959495789937,140.31282922090307,14.022925341539084,-1.1316684983359064,370.9773727203223,4.387302723753167,0.7752066859508416
2013-04-29,0.2468874376764893,11.9,KERVILCO,0.0,631.1469578742508,137.52380320977537,14.542091126442113,0.642289771210084,419.7554268766049,4.77315767738594,0.7975335426368014
2013-04-30,0.26970896552893786,13.0,KERVILCO,0.0,603.1269889040198,134.29088980206427,14.490585370943007,1.697839334575885,466.98371583412376,4.836233066919858,0.8196913463665297
2013-05-01,0.2676342811787153,12.9,KERVILCO,0.0,692.9095727103607,134.29088980206427,6.595663047607225,-9.28288140820091,211.839788814602,3.1124654835478243,0.4019493172648408
2013-05-02,0.2987545464320543,14.4,KERVILCO,0.0,696.7528183980137,134.29088980206427,3.390393668546003,-12.74924129230806,170.4573621698785,2.511190045713359,0.276275075918279
2013-05-03,0.2572608594276023,12.4,KERVILCO,0.0,721.0919373689892,134.29088980206427,10.41275100024749,-7.527561774480278,219.36997653305784,3.2491927983054647,0.4338977548963897
2013-05-04,0.2593355437778249,12.5,KERVILCO,0.0,609.1083095535687,133.3945810427734,9.245320253564826,-3.866076357435821,330.5724377297811,3.2515854585436927,0.4398975620533259
2013-05-05,0.2510368063769345,12.1,KERVILCO,0.0,567.6332600952081,132.26236448681163,8.280455208868794,-3.3053009964012245,363.1810551558607,3.337824290375763,0.4410145460928559
2013-05-06,0.25311149072715705,12.2,KERVILCO,10.173387577004462,292.33139462220464,130.35526491611802,5.960774342020691,-1.459237637295999,542.1949948362928,3.19352593550781,0.4665805257293794
2013-05-07,0.25311149072715705,12.2,KERVILCO,8.966362849816576,371.80767304347256,128.71071763857563,7.7109347334606575,-2.0839759061024807,499.7562790361287,2.990372660679649,0.3544420130836727
2013-05-08,0.2323646472249311,11.2,KERVILCO,10.86731723464748,254.06446289943983,127.09913466549617,4.062625568722691,-2.162349676498578,521.7644394696252,2.9504490384864828,0.3654093946249392
2013-05-09,0.2199165411235955,10.6,KERVILCO,11.02279359278578,277.9472204274827,125.7822138983804,3.913526351801556,-2.8658756746364658,494.8091294096098,2.486408136493216,0.2515642072281851
2013-05-10,0.21784185677337292,10.5,KERVILCO,0.0,598.6794654287906,125.29081997841728,7.257544517592462,-4.849979354261713,370.6226117311589,2.9557565025932444,0.3362119454444338
2013-05-11,0.2261405941742633,10.9,KERVILCO,0.0,603.5887910819347,123.31749064475424,11.1101241184905,-1.3008355833983003,456.25927507404896,3.44789990727102,0.4776378972197702
2013-05-12,0.2365140159253763,11.4,KERVILCO,0.0,667.0447686056916,121.1556908007466,14.097659324283455,-0.8525536577279728,427.7823916301922,4.024684811308042,0.5941105577530057
2013-05-13,0.27593301857960567,13.3,KERVILCO,0.0,638.9499213336842,117.4701045680128,16.91715580095868,2.7737646032929177,543.7313578117155,4.803631206522097,0.8409380181463052
2013-05-14,0.3713684986898452,17.9,KERVILCO,1.079116838330862,596.670823682585,113.76550610447634,16.841934321870866,2.821715086415891,572.3546134352359,4.713460387836412,0.9295559622559832
2013-05-15,0.4626546100996396,22.3,KERVILCO,6.28475359558746,484.1285196899483,110.58651133742906,16.375020863541685,1.5689398010161972,589.3125434848325,4.019905094854297,0.8058344127711297
2013-05-16,0.5456419841085436,26.3,KERVILCO,0.0,688.0442179305113,107.25398407370864,18.67792052546062,1.935158892850632,495.8991136373503,4.615313716158648,0.805047152778328
2013-05-17,0.6327787268178927,30.5,KERVILCO,0.0,634.1586478015857,103.5762511611933,17.051818588982684,2.7569475207192817,560.7920856148957,4.943527698072552,0.8623735287622593
2013-05-18,0.6618243077210091,31.9,KERVILCO,1.4807334221838273,608.3038999716108,101.64267283157798,12.640769014501007,-1.3974782769744578,445.0033189529137,4.181027768602437,0.6908842950116212
2013-05-19,0.6244799894170023,30.1,KERVILCO,0.9114199175992858,532.341136557517,99.82846192430416,10.31658348978936,-1.678671595732184,478.5765619122135,3.4003652962689106,0.4108346941478955
2013-05-20,0.553940721509434,26.7,KERVILCO,0.0,689.9818217904077,99.05193832114128,12.482160347328623,-4.152353666288152,342.45082148596094,3.4525217331132945,0.4571997752713586
2013-05-21,0.49792424405342384,24.0,KERVILCO,0.0,720.1861442298583,97.90260880963984,15.8611018168883,-3.26359056500975,341.9321199411845,3.973140466757089,0.5199608007491614
2013-05-22,0.4999989284036464,24.1,KERVILCO,0.0,712.2277059337669,95.37970366123643,18.91480681730473,0.0062676773901094,405.4566408868026,4.667241657289197,0.7870919115590731
2013-05-23,0.553940721509434,26.7,KERVILCO,0.0,651.3078874312109,91.91681091080356,18.028934242046954,2.2461172609471087,503.7351327409746,5.535092908345714,0.9498440804669857
2013-05-24,0.5933597241636634,28.6,KERVILCO,0.0,632.177555291015,88.37175613484057,17.51619347383217,2.440319122726568,521.9279806147176,5.546690065727222,0.9876722808582552
2013-05-25,0.6327787268178927,30.5,KERVILCO,0.0,632.2981666945004,84.7400659287156,17.838202098979608,2.6469777958043457,511.00937000442354,5.425348239906425,1.0798557158385391
2013-05-26,0.657674939020564,31.7,KERVILCO,0.0,633.2274477281039,80.78796341832494,18.75161684787173,3.409774726982114,519.6256837639522,5.3592140723383945,1.079931697848712
2013-05-27,0.647301517269451,31.2,KERVILCO,0.0,585.986580674182,77.22733456833562,15.960022268682142,2.4769981005739936,527.3849136866904,5.248046736571083,0.9050824574744112
2013-05-28,0.6016584615645538,29.0,KERVILCO,0.0,639.0730783729674,74.57382116057204,15.675751210576044,0.3184819139615444,414.4724738421977,5.245806763403897,0.925035828096308
2013-05-29,0.5622394589103243,27.1,KERVILCO,0.0,502.7641896715037,72.29805877214977,10.06752288875864,-0.5804548950697335,478.63142740857,3.521730572113178,0.4839014576798903
2013-05-30,0.49792424405342384,24.0,KERVILCO,0.0,621.6210580806575,70.12858860602431,13.70371103592988,-0.8340714087814599,398.0659282600928,4.2856978561504455,0.5449025297771058
2013-05-31,0.439833082247191,21.2,KERVILCO,0.0,579.111041823789,67.65755481098121,12.929503550755912,-0.1092030226181166,442.5184266651884,4.563721289512049,0.5997455330352167
2013-06-01,0.39419002654229385,19.0,KERVILCO,0.0,684.7151253330767,65.7380044051706,16.49375233465033,-1.3898745370321373,343.526834602733,4.86187234992279,0.7731035797811222
2013-06-02,0.38796597349162604,18.7,KERVILCO,0.0,679.9150682852822,62.83657918287268,18.883281700972336,0.9969012644885088,389.73834075577406,5.558778116784038,1.1301933108266744
2013-06-03,0.4024887639431842,19.4,KERVILCO,0.0,587.1189206396815,58.631364965434095,18.099533211327664,4.211253214872585,540.9925057689608,5.881463372145254,1.093245851924537
2013-06-04,0.42116092309518766,20.3,KERVILCO,0.7928518149794125,572.649323359761,54.46093958013884,17.497440346830217,4.128818694590999,550.5715454524021,5.955131703131426,1.070791494231078
2013-06-05,0.429459660496078,20.7,KERVILCO,0.0,585.5616750250974,50.56083720489955,17.736707223568075,3.5667185748080845,522.2728497936565,5.522281220096436,1.024379536419763
2013-06-06,0.43153434484630065,20.8,KERVILCO,0.0,619.9795730680696,47.18659165150725,18.225981086110725,2.454836767662592,459.4401957722085,5.19876002598942,0.9927524358876106
2013-06-07,0.439833082247191,21.2,KERVILCO,0.0,496.17587811292105,43.24169337428561,15.830142094963534,4.078382415702619,601.7026562554433,5.1242482170226085,0.9501763926913492
2013-06-08,0.4128621856942972,19.9,KERVILCO,0.0,572.5460433784783,39.17995532317261,19.404187579816814,4.787417082392887,504.81684626938255,6.028920978481277,1.0193030811745354
2013-06-09,0.42116092309518766,20.3,KERVILCO,0.0,638.5893920358177,35.25416785209735,23.01883224338024,4.87300124023525,439.6672954764337,6.545239577090767,1.2617201113842884
2013-06-10,0.41701155439474247,20.1,KERVILCO,0.0,582.1703549055311,30.48007303066058,23.579847543871363,7.782197612354846,583.1058202388541,6.642988480084323,1.5985270271261285
2013-06-11,0.4149368700445198,20.0,KERVILCO,0.0,554.0693798001081,26.012885428391137,22.69360821579765,7.834194531865512,616.6479403024301,6.90844142514336,1.4118449925416352
2013-06-12,0.4107875013440746,19.8,KERVILCO,0.0,586.1286242769618,22.2174990751393,23.60870389572449,7.068387740630486,551.5768125136163,6.587142059003361,1.4511265289779116
2013-06-13,0.3858912891414034,18.6,KERVILCO,0.0,523.3835093195573,18.492699420944817,22.554606781914764,8.381438885348865,672.3556131019732,6.613035346596047,1.5601496420971022
2013-06-14,0.3630697612889548,17.5,KERVILCO,0.0,530.452509784067,15.483296375732484,21.43064858899061,7.038555774271089,612.623094263515,5.9572170281115895,1.2394689564133512
2013-06-15,0.34232291778672885,16.5,KERVILCO,0.0,536.613071744912,13.118696622755529,19.49748260868333,4.815696635510792,522.7729350460662,6.08264248391197,1.208241397110874
2013-06-16,0.33194949603561585,16.0,KERVILCO,1.1324504970540257,476.9751553604804,10.87257528042842,17.94255799838761,5.460879487525779,603.895913403513,5.557194545865555,1.1684565300223615
2013-06-17,0.31120265253338986,15.0,KERVILCO,0.0,529.7311067167668,8.975807839180007,19.53735820973623,4.980217975814991,535.4606755216571,5.404229336033082,1.1418654152721914
2013-06-18,0.2863064403307187,13.8,KERVILCO,0.5042960334191493,457.0413597269165,7.203722354124193,17.526298240379052,4.924482056235425,609.9233387622147,5.549249805438887,1.1338737222213031
2013-06-19,0.26348491247827005,12.7,KERVILCO,0.0,576.5709123002455,5.6002399401436085,21.78993277035476,4.555578838778847,464.1228274065842,6.2417306097441365,1.267780751649411
2013-06-20,0.2365140159253763,11.4,KERVILCO,0.0,545.4694761946683,4.206411794784531,21.420455519361493,5.680635279440641,506.083914472269,6.403795629177454,1.3254092928256571
2013-06-21,0.21576717242315033,10.4,KERVILCO,0.0,567.3858264010265,3.152186942066411,21.816076005192624,4.887614054075475,459.3957000282544,6.1247632294136585,1.2720354548972648
2013-06-22,0.20165931884163665,9.72,KERVILCO,0.0,529.181145450358,2.216547557087509,20.57599144030172,5.571794959813412,483.4582596122235,6.088316442787872,1.2399401699702106
2013-06-23,0.18443943873478907,8.89,KERVILCO,0.0,559.2086538374674,1.4982796208566371,21.61925021297209,4.986676334751643,433.7922548046089,5.880326827898712,1.222913580959734
2013-06-24,0.1742734854186983,8.4,KERVILCO,0.0,514.2669798500755,0.9054261065375164,20.632063487854133,5.990284183720283,511.1923356270903,5.825856662471737,1.116066122712766
2013-06-25,0.15207436287131654,7.33,KERVILCO,0.0,558.8236413949153,0.484336957602742,23.230808973050568,6.131578306958052,460.5708406051103,6.212386230094147,1.1436485312059677
2013-06-26,0.14356815703540385,6.92,KERVILCO,0.0,572.9116569296386,0.2214239104322251,25.37514193267228,7.033586230707551,463.9701546128906,6.167938450458524,1.390319067814367
2013-06-27,0.13277979841424634,6.4,KERVILCO,0.0,531.4765065140401,0.0765665035343643,26.71403601549536,10.451854843858642,625.7554702720705,6.149775862340735,1.7757286141666178
2013-06-28,0.1313275193690905,6.33,KERVILCO,0.0,542.4151327153426,0.0029336793153505,25.866147899916488,8.924122980956307,556.8834377635492,5.999724094476807,1.6549142451180163
2013-06-29,0.1288378981488234,6.21,KERVILCO,0.0,518.1461350542944,0.0,22.957435325022644,7.402466475184095,543.7653086879583,5.331923696396653,1.4374173102626857
2013-06-30,0.20622362441212636,9.94,KERVILCO,7.617410057678204,446.58144578390727,0.0,22.72092205156904,6.238855945072669,585.0163165083553,5.867209213886207,1.2379336278016733
2013-07-01,0.19854729231630272,9.57,KERVILCO,0.6509736735572205,480.8646327732113,0.0,20.128962835818573,4.852301072203212,546.1206183974141,5.17234180509213,0.9763142812161202
2013-07-02,0.14149347268518125,6.82,KERVILCO,0.0,496.8415307766673,0.0,19.65673695668648,5.183776559522199,544.839253367745,5.054967308729914,0.8744785970572226
2013-07-03,0.12385865570828916,5.97,KERVILCO,0.0,527.7711530656674,0.0,20.33258926327751,4.3593015304155545,485.5914758306062,5.55333909104261,1.1047697503163465
2013-07-04,0.11037320743184227,5.32,KERVILCO,0.0,510.7988522437476,0.0,22.37115067405228,7.031268844723184,587.9462553978061,5.46904677993418,1.151420196252458
2013-07-05,0.10477155968624124,5.05,KERVILCO,0.1446737205600196,480.40975223609934,0.0,22.15103688817156,7.828389390661913,656.3184994404369,5.215607396322838,1.0859620172780453
2013-07-06,0.09854750663557346,4.75,KERVILCO,2.7738950582340967,381.19213629554383,0.0,22.59340359169665,7.642768935297837,766.8748727809699,5.249915401493904,1.0671117305577105
2013-07-07,0.10248940690099641,4.94,KERVILCO,3.855299657039573,389.0248451482984,0.0,21.825502355389663,5.600839556106486,677.6356051767659,5.064285531249811,1.1750413537390405
2013-07-08,0.10726118090650837,5.17,KERVILCO,0.0,552.7294546841172,0.0,22.699220965941663,4.889700852496895,481.7404218177812,5.497757575542953,1.2417890769202184
2013-07-09,0.08755167957939368,4.22,KERVILCO,0.0,474.54878839355246,0.0,23.84722237252011,9.841344021778172,652.9883621397092,5.8093286926808,1.388317358045149
2013-07-10,0.08132762652872588,3.92,KERVILCO,0.002335363289492,496.86094884627136,0.0,23.51264526514693,8.73392368530038,580.231420423984,5.483698519290707,1.3030474266015468
2013-07-11,0.07489610504303582,3.61,KERVILCO,0.0,515.7524908776095,0.0,23.881524049979085,8.227012088019448,538.3581820451133,4.920682223274532,1.4494741672263765
2013-07-12,0.07116167321263515,3.43,KERVILCO,0.0774220508694636,466.2222466182084,0.0,23.17683101035978,9.642178587681688,661.7077171973337,4.745396347134124,0.977088736101759
2013-07-13,0.0786305368734365,3.79,KERVILCO,6.251531406129793,336.84558419571,0.0,20.9269015664868,7.995142278137797,721.8885966041975,5.008077233608288,1.0534280332081851
2013-07-14,0.08464712148908204,4.08,KERVILCO,9.78353001223972,365.9349623726416,0.0,22.124214192166043,7.598495198749615,665.8317402509648,4.4757265952505305,0.8899686256187626
2013-07-15,0.10954333369175323,5.28,KERVILCO,3.5028654619253534,220.6677105702329,0.0,13.826516607351886,6.029075927517943,880.4706202072852,2.6614894687242825,0.2198913880291308
2013-07-16,0.09128611140979437,4.4,KERVILCO,0.0,487.5191835805401,0.0,17.617700273108152,3.649539805839893,476.67982015412656,4.205413257027264,0.5522010512601668
2013-07-17,0.06701230451218995,3.23,KERVILCO,0.0,527.402189656084,0.0,20.301852816881024,4.356504608551748,452.1856719786893,4.800916145345398,0.8601065938938703
2013-07-18,0.0641077464218783,3.09,KERVILCO,9.058362469903711,362.7302478496925,0.0,21.353943206534755,6.87451733567307,719.257151012631,5.1340835384432255,1.0638384565486396
2013-07-19,0.0946056063701505,4.56,KERVILCO,10.429124837167484,352.310795867809,0.0,19.934065423239165,6.191268500438852,748.4689765273383,4.257531814966174,0.7965106586680699
2013-07-20,0.08029028435361459,3.87,KERVILCO,0.0,521.0468964296341,0.0,21.44302419549689,5.551448871179299,574.4904875954447,5.088144578623028,1.031370716366148
2013-07-21,0.05933597241636633,2.86,KERVILCO,0.0,516.5056453853484,0.0,23.031293876635008,7.272026246059976,642.8083765837823,5.569383126892572,1.217622328957347
2013-07-22,0.05311191936569854,2.56,KERVILCO,0.0,530.8856259138112,0.0,25.123410202985543,8.420050560450228,648.6430709578384,5.43949816206411,1.1947529519688431
2013-07-23,0.04626546100996396,2.23,KERVILCO,0.0,498.452281841085,0.0,25.166399452524534,10.042417201149789,764.2210356895229,5.006182740267881,1.5929478291191677
2013-07-24,0.04232356074454102,2.04,KERVILCO,2.282749988747842,368.6604978831722,0.0,20.87165455708531,7.634599483531629,823.5314351202728,4.962250115974489,1.2099795884679214
2013-07-25,0.0439833082247191,2.12,KERVILCO,0.0,462.52964126227926,0.0,19.98924826512556,6.735507970958903,685.5489916572167,5.311072100934831,1.0026685635796255
2013-07-26,0.04170115543947423,2.01,KERVILCO,0.8997980110824043,458.987612388895,0.0,20.65088344197087,6.322526692161982,671.8884769873964,4.584740953276289,0.9258213264506368
2013-07-27,0.050829766580453684,2.45,KERVILCO,7.4605660392204225,350.1199835127696,0.0,19.8904702120988,6.430282192830656,803.0534283064007,4.094166291057161,0.7705676200635733
2013-07-28,0.09751016446046216,4.7,KERVILCO,6.896364849961137,254.7335335750961,0.0,13.414798488879075,4.643216867255852,849.1941164721308,1.9727443572562584,0.1027079670629598
2013-07-29,0.07302888912783548,3.52,KERVILCO,0.0,434.5919687670285,0.0,17.543330997687796,5.769257590741448,740.125941764479,3.6040102813585904,0.4370966994618819
2013-07-30,0.04668039788000848,2.25,KERVILCO,0.0,525.2109313814548,0.0,19.46439158359123,3.939956410447436,574.8164452817499,4.750820609330059,0.7820156357803344
2013-07-31,0.03796672360907356,1.83,KERVILCO,0.0,528.6604156793721,0.0,22.329877175656744,6.39879703413829,663.8887633068871,4.928894566028219,1.0617739837549125
2013-08-01,0.038796597349162604,1.87,KERVILCO,6.728029362965192,328.156864673642,0.0,19.16363507822022,7.043299417218683,919.079071787272,3.3900571739942182,0.6503603722947134
2013-08-02,0.04419077665974136,2.13,KERVILCO,0.0,493.40667490530586,0.0,21.220321171121324,7.048825018124503,759.6948512358094,3.824567558840704,0.4652162328491885
2013-08-03,0.03713684986898453,1.79,KERVILCO,4.673452458355155,366.5890332432991,0.0,21.131292492739355,6.821949366495609,876.5163838560221,3.530926548142642,0.5960802988880531
2013-08-04,0.04813267692516429,2.32,KERVILCO,5.813272429981913,379.3642316515294,0.0,21.63813188321889,6.501071159829556,856.8861248113724,3.7712611257246498,0.6301376161551597
2013-08-05,0.0744811681729913,3.59,KERVILCO,8.291256514560649,331.5862736899516,0.0,19.658213660100635,7.318300873391233,952.6730338860136,3.5462634194841773,0.6365007010846165
2013-08-06,0.06701230451218995,3.23,KERVILCO,5.504048124930098,363.02094544742687,0.0,19.91855110375879,5.964871066290427,841.3055506180674,3.4468680480042937,0.5939396881433597
2013-08-07,0.07302888912783548,3.52,KERVILCO,8.842260172274191,210.60503652732007,0.0,12.306293940045094,5.332069163116011,893.4760827836984,2.859592957265136,0.403059281036642
2013-08-08,0.08049775278863684,3.88,KERVILCO,1.3034371600833845,436.4941134383479,0.0,17.263279690615082,4.010056562560327,671.5052545763348,2.8765530189949446,0.3467245169916406
2013-08-09,0.05248951406063176,2.53,KERVILCO,0.0,482.0597685533716,0.0,16.545278706823055,3.439193703799728,613.4536944258563,2.98877924727321,0.4149073476160803
2013-08-10,0.046057992574941704,2.22,KERVILCO,0.3144141612487373,509.9322015864453,0.0,17.512871734187797,2.7748870237735006,563.7313553236761,3.7719273347512834,0.7111161576047766
2013-08-11,0.04813267692516429,2.32,KERVILCO,0.0,537.3166952535265,0.0,18.520243251483567,2.650808953072822,537.8056424663198,3.96906448338838,0.7400697893951343
2013-08-12,0.04377583978969684,2.11,KERVILCO,4.153138984789218,359.0060740937997,0.0,18.336590476275827,4.8153089728118506,776.8468261751248,3.3534483402954574,0.5740481214836148
2013-08-13,0.046057992574941704,2.22,KERVILCO,0.0,499.1826249136235,0.0,18.47839600305772,4.258081276949692,640.1046573303411,4.091004175170481,0.7028685995082224
2013-08-14,0.03630697612889548,1.75,KERVILCO,0.0,528.7685132276268,0.0,19.803655832636,3.798500884730051,573.9806645018166,4.733733685281384,0.8670506555265864
2013-08-15,0.031327733688361246,1.51,KERVILCO,0.0,553.1899728408483,0.0,21.10603218980528,3.360377356183419,534.6769539227975,4.728632732515251,1.0384527547264817
2013-08-16,0.02697089655289379,1.3,KERVILCO,0.0,533.229158688693,0.0,22.676953786970767,5.8141083649750245,643.5130021923342,5.151369479383981,1.2382054209137938
2013-08-17,0.025518617507737967,1.23,KERVILCO,0.0,509.1579765580561,0.0,22.911414224269777,7.309768055477919,729.0029475384198,4.931871194577029,1.245860998471689
2013-08-18,0.030705328383294466,1.48,KERVILCO,0.0,480.5765044374921,0.0,21.34437197813167,7.130026937169739,752.8137195515183,3.67792519313643,0.9912279423594392
2013-08-19,0.045435587269874914,2.19,KERVILCO,0.7651672192664914,491.7191850402574,0.0,22.12441387007048,5.369067272296276,656.4806025049571,3.812891392076136,0.7937262346988819
2013-08-20,0.03423229177867288,1.65,KERVILCO,0.0,491.4189532528993,0.0,22.276849959583785,7.3741955452324595,755.9859224039998,4.345923986273405,1.0178179615492242
2013-08-21,0.04315343448463006,2.08,KERVILCO,0.0,485.99750971850455,0.0,20.941606312154168,6.494943608857167,725.1630575393252,3.918133854481238,0.860497869093253
2013-08-22,0.0398339395242739,1.92,KERVILCO,2.551438202584573,353.81750774761207,0.0,21.5969046043408,7.370969344754731,909.2894816625056,3.735063318396832,0.8479012016873049
2013-08-23,0.034024823343650624,1.64,KERVILCO,0.0,459.091335498086,0.0,20.057880327446178,6.763275096041288,781.7375343629697,3.785633937447192,0.7252214772434055
2013-08-24,0.02904558090311639,1.4,KERVILCO,4.104708307114922,327.93467145992594,0.0,19.250235219830227,6.595939562850768,915.1783878092468,3.4778334061471345,0.6135184578070693
2013-08-25,0.04211609230951876,2.03,KERVILCO,3.545310959237288,285.48113938319835,0.0,17.01320387314197,6.944841411529391,977.2566121927032,2.7962965334296004,0.4030436417832638
2013-08-26,0.04273849761458554,2.06,KERVILCO,0.0,471.2528326204582,0.0,20.66722674968179,6.687230711772534,792.1082562028995,3.681299526875263,0.5380489832797364
2013-08-27,0.031327733688361246,1.51,KERVILCO,0.0,477.7546900899982,0.0,22.788286581804567,8.057098979930277,852.6580328639066,4.076652874363777,0.7278557570023225
2013-08-28,0.02448127533262667,1.18,KERVILCO,0.0,481.4423291470174,0.0,22.45779481965061,7.387396096048694,814.2863570183457,4.1921952538060125,0.8892752074298004
2013-08-29,0.02489621220267119,1.2,KERVILCO,0.0575867699155045,495.000578750418,0.0,24.441600865569747,8.421732086043786,851.2316342105306,4.265667662216398,1.1209433421386965
2013-08-30,0.03340241803858385,1.61,KERVILCO,0.0,454.423796102412,0.0,22.87245908392348,8.984626438831048,937.1873720965054,3.6869882157763607,0.9914061873630576
2013-08-31,0.0346472286487174,1.67,KERVILCO,0.0,462.0143674749101,0.0,21.22414725852892,7.030596336466809,824.9659021821924,3.114881028177289,0.8887153687776534
2013-09-01,0.05539407215094339,2.67,KERVILCO,12.411555655557729,301.0530359436321,0.0,19.728917484937824,7.764217801421085,1030.523701676957,3.1197481427762823,0.6945476663306622
2013-09-02,0.15248929974136102,7.35,KERVILCO,4.536138244073669,367.5110936540125,0.0,21.009802262646826,7.336869636830273,971.0909998839376,3.405452294554524,0.7600642821165273
2013-09-03,0.08070522122365911,3.89,KERVILCO,4.139572065545615,365.5160738503985,0.0,21.510608280912177,5.4518585084405045,866.6306756114706,3.2926181846877114,0.8184329808216505
2013-09-04,0.06307040424676702,3.04,KERVILCO,3.908270632802959,296.6450347773452,0.0,21.29722177481312,9.106640099439796,1148.5203894224546,3.792516640492445,1.0709646683315093
2013-09-05,0.10726118090650837,5.17,KERVILCO,0.0,493.59124592055,0.0,23.792705111969948,7.017112899876242,862.1360188005912,4.298959757459686,1.065984080853008
2013-09-06,0.05456419841085435,2.63,KERVILCO,0.0,491.0688285816213,0.0,24.444414930015807,7.327963122884856,881.3320430280731,4.0356017853717,1.110621278626975
2013-09-07,0.04730280318507525,2.28,KERVILCO,0.0,499.108422051531,0.0,22.23770596106666,4.647408061485943,738.4876145184534,3.8919693391488375,1.0440877074410029
2013-09-08,0.04502065039983039,2.17,KERVILCO,0.0595657381197088,423.54465692014986,0.0,20.645978506041992,7.050536095261008,938.9964380966582,4.055866918866597,0.9826024648357852
2013-09-09,0.04377583978969684,2.11,KERVILCO,0.0,370.8321223853532,0.0,18.715405405716137,7.34213738043032,1002.0590746382192,3.378999857032825,0.707625407352808
2013-09-10,0.04688786631503073,2.26,KERVILCO,5.895733574290335,166.3857770098938,0.0,13.493274729865378,7.114935594479186,1010.4590119770024,2.551280390462172,0.3643215631014345
2013-09-11,0.07842306843841423,3.78,KERVILCO,6.712209904627462,176.01744473893288,0.0,14.11858342903068,7.433647815393594,1032.8556808182764,1.820492404077912,0.1735218208858263
2013-09-12,0.07385876286792453,3.56,KERVILCO,16.767015084518675,194.81971119372943,0.0,14.152948638920083,6.852398602658075,992.6026407654188,2.859525976782095,0.4269597032092694
2013-09-13,0.2510368063769345,12.1,KERVILCO,12.959076884487008,185.8596589913968,0.0,12.094242833727058,5.429140460451116,901.1200846012954,2.0922184739905125,0.2120730116661407
2013-09-14,0.15518638939665041,7.48,KERVILCO,9.11248539888158,220.2299618074404,0.0,12.178920500425493,4.2156537169843045,826.9458661283307,2.02916684249789,0.2171832128121077
2013-09-15,0.13526941963451347,6.52,KERVILCO,8.688326851166705,257.4150062351075,0.0,13.021988624669738,3.5557938243921448,788.4688821951091,2.203788241436904,0.2847324617010938
2013-09-16,0.14833993104091586,7.15,KERVILCO,2.6103900055540827,264.3906382064106,0.0,14.13619117432793,4.346560516260947,833.3812915240546,2.5749835137031534,0.3582734417738421
2013-09-17,0.11618232361246555,5.6,KERVILCO,0.0,414.88749006856,0.0,16.59126218052094,4.525516967353581,844.1972476928383,3.4496494676859664,0.6673410472221369
2013-09-18,0.12738561910366758,6.14,KERVILCO,8.925695631207413,289.7306782022808,0.0,15.049255945405555,4.174531984601352,824.994165850671,3.134818046574014,0.5348207165522844
2013-09-19,0.2448127533262667,11.8,KERVILCO,0.0,404.4749618042314,0.0,13.731135689729475,2.2649702221092696,719.1331790155951,3.051130019925422,0.5132333304353581
2013-09-20,0.14522790451558193,7.0,KERVILCO,0.0,447.9069223078012,0.0,15.75362853071526,2.172344674679616,714.2687245626933,3.2732707309443634,0.6636668804191614
2013-09-21,0.12116156605299978,5.84,KERVILCO,0.0,421.24473630931743,0.0,16.05375194527346,3.679024654396172,794.8539329311233,3.527407139320548,0.7888045529213085
2013-09-22,0.18298715968963325,8.82,KERVILCO,18.1651686223183,311.2225901778338,0.0,12.142333048535866,0.1445226422373283,618.9213520679801,2.7512524986952576,0.4932305529460245
2013-09-23,0.3443976021369515,16.6,KERVILCO,0.0,361.112624437098,0.0,8.294439758351116,-1.3986599464906655,552.7512429228385,2.279831405800832,0.2570430055309749
2013-09-24,0.2095431193724825,10.1,KERVILCO,0.0,462.4920169880719,0.0,13.295990486953638,-1.414786859544985,550.6763510150422,3.5135643117650224,0.7303856802238196
2013-09-25,0.17572576446385416,8.47,KERVILCO,0.0,435.4834739885881,0.0,15.075165229535354,1.5303088038904906,682.1756683823861,3.556373924880745,0.6839744851282242
2013-09-26,0.15539385783167267,7.49,KERVILCO,0.0,417.2566330343478,0.0,14.988235355482686,2.4579275177900133,729.1524318834579,3.6823711240316586,0.6757457777528031
2013-09-27,0.15663866844180624,7.55,KERVILCO,0.0,441.92678804369984,0.0,9.63422886984372,-3.8167312265509534,461.579100739924,1.5436138264181087,0.2027883525173052
2013-09-28,0.14564284138562644,7.02,KERVILCO,0.0,490.2346247402365,0.0,10.68738111758295,-6.4964257518264,376.4099101077729,2.884820396573068,0.4533486948206177
2013-09-29,0.13340220371931313,6.43,KERVILCO,0.0,463.2745224364104,0.0,12.964532908629764,-2.63254567766058,503.26681758117326,3.3147656789044486,0.6075396490445739
2013-09-30,0.12012422387788849,5.79,KERVILCO,0.0,452.3853370869865,0.0,16.04156667106954,0.6145901967305273,638.5756365322344,4.459554022201297,0.9348623381212888
2013-10-01,0.1091283968217087,5.26,KERVILCO,0.0,457.6154882474127,0.0,17.211893024446486,0.9530009013851336,654.4644095983284,3.491247657515524,0.8610991434163808
2013-10-02,0.10311181220606318,4.97,KERVILCO,0.0,433.04352613171545,0.0,15.497011754942084,0.9126072328109152,652.4786621634012,3.3313293536289907,0.7414125111875731
2013-10-03,0.09854750663557346,4.75,KERVILCO,0.0,438.3170238950718,0.0,13.966439038345504,-0.8776073994485716,572.9930566584173,3.154965178303496,0.6060903473648706
2013-10-04,0.09605788541530634,4.63,KERVILCO,0.0,414.09973459649046,0.0,5.08567333685166,-7.966424425653258,338.17878101540924,1.7706664425533925,0.2061572815331718
2013-10-05,0.08775914801441595,4.23,KERVILCO,0.0,455.309869767822,0.0,7.773557613290353,-8.182231852648949,330.2211506298261,2.4471219464675875,0.3496346941644159
2013-10-06,0.09004130079966079,4.34,KERVILCO,0.0,460.7616559630612,0.0,12.944663377598534,-4.318421338870837,443.55251264500754,3.283375500157004,0.6319667905264617
2013-10-07,0.09024876923468306,4.35,KERVILCO,0.0,447.51923943955927,0.0,16.637248346600963,-0.1016056035009641,606.2861238982109,3.050790559336698,0.8327566437552898
2013-10-08,0.08630686896926013,4.16,KERVILCO,0.0,410.4698965158889,0.0,14.315905989761506,0.241842201208307,621.5952998270456,2.9091570970004605,0.6180656560992351
2013-10-09,0.08236496870383718,3.97,KERVILCO,0.0,385.96244523754615,0.0,13.15770019576822,0.3599600671558074,626.946705584637,2.8615678657942283,0.5571122627334306
2013-10-10,0.08713674270934915,4.2,KERVILCO,7.264578194980168,250.8762148425233,0.1575455030091118,6.180541393693475,-4.2914808144296,445.0234523185585,2.086227911196432,0.3223747757404586
2013-10-11,0.09626535385032858,4.64,KERVILCO,0.0,335.0190171804774,0.1575455030091118,5.24600579247634,-5.2637216726923,413.2058597145921,1.9179726259937933,0.2682787583326009
2013-10-12,0.0952280116752173,4.59,KERVILCO,0.0,395.5959891814693,0.1575455030091118,8.237873962677554,-5.586764513016192,403.06911811525225,2.033559103527147,0.3542568249501689
2013-10-13,0.09149357984481662,4.41,KERVILCO,0.2635805779501331,369.5581187721434,0.1334544584511608,11.547736186345862,-1.3750800296298789,552.3213518423302,2.670834058477757,0.4889482157513454
2013-10-14,0.08630686896926013,4.16,KERVILCO,1.5826052317547603,301.57761362212966,0.2118841296031564,6.783059799041627,-4.255294993698789,446.6035996080021,1.7781078198726383,0.2576140006092685
2013-10-15,0.07697078939325844,3.71,KERVILCO,2.5601747036138893,193.19982199643343,1.4967744861925345,1.8275308646297648,-5.938528832284582,392.7982682288417,1.478537017559435,0.2107336839663418
2013-10-16,0.07759319469832521,3.74,KERVILCO,0.0,252.94244664187667,1.4967744861925345,0.8968729852347889,-6.816804093642743,366.90141176503846,1.0692517946002162,0.0919180364366867
2013-10-17,0.06908698886241256,3.33,KERVILCO,0.0147485943436563,390.38550587962857,1.5115230805361906,5.040058560746034,-8.209924789638288,329.2054201196996,2.1961179496262075,0.3628022770280311
2013-10-18,0.0827799055738817,3.99,KERVILCO,0.0,322.7133898556537,1.5115230805361906,3.0870623108539914,-7.219322465786359,355.4615612301048,1.581277626381354,0.2159789196048805
2013-10-19,0.08215750026881492,3.96,KERVILCO,0.0,402.97582185642494,1.5115230805361906,7.213639474487127,-7.439813001116742,349.4095832941746,2.4827742784901,0.4197074324700849
2013-10-20,0.08506205835912656,4.1,KERVILCO,0.0,336.1755475591397,1.1904615457760257,6.764671441215569,-4.552908379513271,435.8074999480458,2.5429662575019925,0.4302660865155493
2013-10-21,0.08091268965868137,3.9,KERVILCO,0.0,371.224092787988,1.1887997045266578,6.9010761680192365,-6.22075073516951,383.84974668429896,1.9703419337411168,0.3376372758952288
2013-10-22,0.07904547374348103,3.81,KERVILCO,0.0,390.4274390396679,0.7773505056214998,10.577950224734076,-4.100762377665613,450.9270165716248,2.492631246966573,0.5236194730360358
2013-10-23,0.07925294217850329,3.82,KERVILCO,0.0,388.7888596730123,0.2460869873473573,12.149277212092104,-3.2860683442225227,479.3661389803594,2.481694780408885,0.6109854623510224
2013-10-24,0.07759319469832521,3.74,KERVILCO,0.0,326.4835810220038,0.1376426762304569,11.189814633702063,-1.2430484866263696,557.7046266748547,2.3962262714846534,0.6670270386160615
2013-10-25,0.07655585252321391,3.69,KERVILCO,2.936358855784679,197.8577329052899,0.1061884787018329,8.143998203561305,-1.4989238288857882,547.3054006939018,1.6833847690940065,0.5032082174106833
2013-10-26,0.083817247748993,4.04,KERVILCO,0.0,319.47723414974007,0.0889324829949781,9.561312723681835,-2.5589724016730666,506.05544854549686,1.6525134337507332,0.3666184133503277
2013-10-27,0.07406623130294678,3.57,KERVILCO,0.0,295.252633234581,0.0685218452935226,8.304748598253752,-2.7102495772617003,500.3884831546869,2.007473381988729,0.4065244337162963
2013-10-28,0.07406623130294678,3.57,KERVILCO,0.0,307.23916054438416,0.0456257699503921,9.485998512960656,-2.050883827830372,525.4724094710382,2.021188902821597,0.3838160005445977
2013-10-29,0.06908698886241256,3.33,KERVILCO,3.19139329995424,200.42697142843824,0.0363635153648424,5.166876985972734,-4.28173006346117,444.799993959244,1.7900479786614445,0.3132438545951843
2013-10-30,0.06991686260250159,3.37,KERVILCO,0.0,267.3034102163245,0.0363635153648424,1.3296542594802552,-7.887293632278577,338.08195799298585,1.084008498245942,0.1521890694243577
2013-10-31,0.06244799894170023,3.01,KERVILCO,0.0,284.4180984794112,0.0363635153648424,1.7537952200030016,-8.142646804767809,332.53800952524585,1.542566628143683,0.2104806521954122
2013-11-01,0.06618243077210091,3.19,KERVILCO,0.0,313.7213855068209,0.0363635153648424,4.574703341482044,-7.010250254925515,361.3106142582104,1.671820720243104,0.2378630671528809
2013-11-02,0.06224053050667798,3.0,KERVILCO,0.0,373.35930447475135,0.0363635153648424,9.647066999380655,-6.71921300780162,369.437862280851,2.451855777016155,0.6035192748845023
2013-11-03,0.07178407851770192,3.46,KERVILCO,0.0,305.80458151257614,0.0292732359379136,6.7827806469525465,-4.765137622108168,428.90865845140894,2.321798549643024,0.4692738710235294
2013-11-04,0.06784217825227899,3.27,KERVILCO,4.623163286149888,248.81791241754257,4.652393595977399,3.597206751484646,-7.538244955321764,346.9320772718199,1.8331723917717109,0.3848438029070908
2013-11-05,0.07800813156836972,3.76,KERVILCO,3.204734957708876,284.2803073322105,7.857750499868532,0.5299813664305043,-13.163471777035848,222.33587115414943,0.8879441270585952,0.1209348055709569
2013-11-06,0.05248951406063176,2.53,KERVILCO,0.0,406.0101357883656,7.857750499868532,1.5367628456340097,-14.090761054578085,205.74148478429777,2.076289585975834,0.3380017593725641
2013-11-07,0.09688775915539538,4.67,KERVILCO,0.0,389.0558144568542,7.857750499868532,6.721130439721108,-8.105140197408376,331.8295492105153,2.118432596635789,0.4594282247033129
2013-11-08,0.1132777655221539,5.46,KERVILCO,0.0,360.6389518088618,7.3307986499854545,8.526853019634006,-4.745732249660162,429.5484147865378,2.4881738406489777,0.5073598588069527
2013-11-09,0.09066370610472758,4.37,KERVILCO,0.0,375.7749280375789,6.66639080866693,10.251583336236724,-4.4185996960611424,440.25810044230167,2.373775950505894,0.5243235142707969
2013-11-10,0.0848545899241043,4.09,KERVILCO,0.0,363.13133041363056,5.948827328211789,9.776978477853016,-4.291412280754761,444.4982502016268,2.1069569885700994,0.5349784036638067
2013-11-11,0.06970939416747933,3.36,KERVILCO,0.0,331.2938735351076,5.224102027935655,8.040523433434595,-4.274003526279127,445.0630567348253,2.2178667717727985,0.5213047428272486
2013-11-12,0.0744811681729913,3.59,KERVILCO,0.0,343.9402147777814,4.847051349472779,7.915754545270883,-5.102756661728678,418.0283987029992,1.6927016510439337,0.4758646297748783
2013-11-13,0.07489610504303582,3.61,KERVILCO,0.0,334.75979977714644,4.7508888203611175,6.818615365665466,-5.797294931813831,396.5173989161054,1.689640178731514,0.4687044899228259
2013-11-14,0.0692944572974348,3.34,KERVILCO,0.0,315.83694979074323,4.483517010395771,6.455774194353028,-5.364623153068069,409.7934002013879,1.7616676035698855,0.3595084570796274
2013-11-15,0.06244799894170023,3.01,KERVILCO,6.273507367631991,221.33713351263623,10.757408401794809,3.966549874203819,-7.04960730079724,360.1432339487797,1.46769998354117,0.3234718618703434
2013-11-16,0.07012433103752384,3.38,KERVILCO,3.437298920352044,218.59170122410967,14.19513797145934,1.4381584631873718,-6.835982496157443,366.244160635944,1.2948211732372772,0.2147149897281002
2013-11-17,0.06265546737672249,3.02,KERVILCO,0.0,213.1705891575965,14.19513797145934,0.3777371804708392,-7.105129616767737,358.5993457525201,1.4142256249231389,0.2052941720638056
2013-11-18,0.1132777655221539,5.46,KERVILCO,0.0,340.1990297453395,14.19513797145934,4.190305137375636,-9.171087427879668,305.27163889746805,1.460980742795905,0.2831194366429048
2013-11-19,0.17095399045834217,8.24,KERVILCO,0.0,281.2080667399317,14.19513797145934,3.157235025634608,-7.03628532622548,360.5107357013342,1.489482114923635,0.3135873169621264
2013-11-20,0.10539396499130803,5.08,KERVILCO,5.11192740491494,197.65366617533883,13.803024186440936,4.483589562398733,-5.066827399858179,419.15233237001337,1.0078631073066884,0.1949878703159566
2013-11-21,0.07489610504303582,3.61,KERVILCO,6.910976663063753,207.55609552556635,20.608188758439567,0.8079078889684576,-9.039632017983523,310.9440186779724,0.6648093246865405,0.0940680975213258
2013-11-22,0.08755167957939368,4.22,KERVILCO,12.20943995913048,181.29247527687224,32.817659288685455,-1.1618315546396611,-9.225773542892329,305.1628534911672,0.6018067347297675,0.0762422357019456
2013-11-23,0.10062219098579606,4.85,KERVILCO,5.35508200635228,139.59937064255985,38.17213042940477,-2.4552790248442804,-8.364252724459808,325.7030802528686,0.5600798000843411,0.070377888059597
2013-11-24,0.09813256976552893,4.73,KERVILCO,11.16230638895704,127.8358308253187,49.3337737435664,-2.8079734418575533,-8.217361177145705,328.92706574441934,0.7038918445421407,0.106916882126729
2013-11-25,0.11369270239219843,5.48,KERVILCO,0.0,266.68054294627444,49.3337737435664,-1.866139242179676,-10.626481375469432,272.25765677413347,0.5961318099773654,0.0767345127754759
2013-11-26,0.10560143342633029,5.09,KERVILCO,0.0,339.16416496659457,49.3337737435664,0.072713386687667,-12.593087788750967,232.32434750602928,0.8636980449386552,0.1578694461890078
2013-11-27,0.09792510133050668,4.72,KERVILCO,0.0,348.4256169094246,49.3337737435664,0.4113749951918314,-13.17968489057367,221.5507935866124,1.1245014016324644,0.245690520911192
2013-11-28,0.09128611140979437,4.4,KERVILCO,0.0,325.1322477415023,49.3337737435664,0.5774759595307447,-11.587292272641314,252.06096464826527,1.0798130533940458,0.258415284870266
2013-11-29,0.07385876286792453,3.56,KERVILCO,0.0,317.7089708319425,49.3337737435664,-0.4782213577561517,-12.314882378313047,237.61447525544875,1.0438394351158835,0.2198148544858305
2013-11-30,0.07406623130294678,3.57,KERVILCO,0.0,318.3512470354149,49.3337737435664,-0.395021129294973,-12.455237457857038,234.93610560736536,1.034982289747408,0.2008637528196991
2013-12-01,0.08174256339877041,3.94,KERVILCO,0.0,293.51148126767265,49.3337737435664,-1.1009437324742837,-11.770056555812308,248.29630803984145,1.059737197668762,0.1816917092851671
2013-12-02,0.09834003820055119,4.74,KERVILCO,0.0,244.5041641570983,49.3337737435664,0.4574769554374417,-7.845641045359177,338.7884491963028,1.4392431757857982,0.2345063959566243
2013-12-03,0.09647282228535085,4.65,KERVILCO,4.302898769176191,146.0001952090179,53.635873294472496,-1.057600747682096,-7.508601005357189,347.70422999711514,1.0788866487014617,0.1963591284521575
2013-12-04,0.08941889549459402,4.31,KERVILCO,5.155016119581448,286.52497870472,58.79121260433395,-1.1552041531162518,-22.41357558450581,101.30978411935712,0.4306184006051285,0.0477533850783914
2013-12-05,0.09087117453974983,4.38,KERVILCO,0.0,347.86113121345244,58.79121260433395,-9.804677393610106,-24.093100165095827,87.05113329028477,0.5926253618442225,0.0935328498779973
2013-12-06,0.09211598514988341,4.44,KERVILCO,0.0,315.3985710467745,58.79121260433395,-10.589328849078823,-22.40881540034997,101.14899746572186,0.489342198546907,0.0732347504072324
2013-12-07,0.0952280116752173,4.59,KERVILCO,2.7754151390846915,200.35955787849863,61.56706405164383,-9.8082709426527,-19.111409968732573,134.84881887924317,0.6740476817923026,0.1138953847360569
2013-12-08,0.12199143979308882,5.88,KERVILCO,1.2282276741141571,295.5380641173961,62.794829994377615,-10.055404790344069,-21.968367128149094,105.19491342333389,0.238023689999437,0.020702451364301
2013-12-09,0.1697091798482086,8.18,KERVILCO,0.0,353.8584048617188,62.794829994377615,-12.978252613613092,-27.739223358171053,62.37253804711597,0.5096194025010446,0.0694520864915248
2013-12-10,0.2510368063769345,12.1,KERVILCO,0.0,372.2802981097094,62.794829994377615,-6.26399288957859,-24.07007886842104,87.2112975413619,1.0295756422958853,0.1615434803086241
2013-12-11,0.33817354908628366,16.3,KERVILCO,0.0,333.68721904858114,62.794829994377615,-3.866200108079243,-17.35986133550178,156.57904584260797,0.9449729510247936,0.1629776381783519
2013-12-12,0.39004065784184866,18.8,KERVILCO,0.0,336.0761922891079,62.794829994377615,-1.1141446149811909,-15.010190002771706,190.5797346349381,1.253622581830164,0.2730725876527564
2013-12-13,0.7427369973796903,35.8,KERVILCO,0.0,340.9019202806482,62.794829994377615,-1.1332747660509614,-15.602534677394356,181.5052163636068,1.1197504799959686,0.1962797956021826
2013-12-14,0.5809116180623277,28.0,KERVILCO,0.0,321.3478178212355,62.794829994377615,-2.8434914032880028,-15.75556255538096,179.14723078270202,0.8185242269722339,0.1343625260046614
2013-12-15,0.3526963395378418,17.0,KERVILCO,0.0,329.81096790404234,62.794829994377615,0.9387517878021172,-12.874301011850106,227.1266802718948,1.179092868985537,0.1900834315325201
2013-12-16,0.21369248807292773,10.3,KERVILCO,0.0,304.6217110213581,62.794829994377615,1.714068409631044,-10.437478271579074,276.24666684393696,1.3478816994009848,0.2378854189164895
2013-12-17,0.13734410398473607,6.62,KERVILCO,0.0,332.59022215537624,62.794829994377615,4.324882055097704,-10.384147626334734,277.3608910780628,1.2914636401438937,0.257858392239323
2013-12-18,0.12427359257833369,5.99,KERVILCO,0.0,300.79799968004426,62.794829994377615,2.8536684295705954,-9.319121140473092,301.7834393414739,1.4021467864701822,0.3019334007789558
2013-12-19,0.13755157241975832,6.63,KERVILCO,0.0,304.30581680830494,62.794829994377615,3.3041615795404504,-9.211417612833198,304.4085731604092,0.9894843291476272,0.2201155856723282
2013-12-20,0.12302878196820012,5.93,KERVILCO,0.0,248.11784433879805,62.794829994377615,-1.2153741965408609,-10.49362720652494,274.9800271524899,0.6609762829296811,0.1201795911960806
2013-12-21,0.11182548647699808,5.39,KERVILCO,0.0,259.1176084351061,62.794829994377615,-4.055316630815978,-13.82353000733536,210.1407118615111,0.601725184251209,0.0914068944936429
2013-12-22,0.10539396499130803,5.08,KERVILCO,0.0,285.2599417548193,62.794829994377615,-5.849120163036098,-17.03760475369921,160.8798292460314,0.5602983466036002,0.0776346554874745
2013-12-23,0.08029028435361459,3.87,KERVILCO,0.0,255.41972648826507,62.794829994377615,-3.808839647905834,-13.544137962677445,215.05547792365445,0.8118627632518348,0.1221801547528162
2013-12-24,0.07344382599788,3.54,KERVILCO,0.0,334.41153783075606,62.794829994377615,-0.3124471729658047,-15.62704866021561,181.05783786489965,0.877249748441988,0.1351390941140616
2013-12-25,0.09273839045495016,4.47,KERVILCO,0.0,321.0483114232336,62.794829994377615,-3.752873458662693,-17.919915907387175,149.30299233490564,0.9044022856526344,0.1526770918189335
2013-12-26,0.08340231087894846,4.02,KERVILCO,0.0,342.7758145086865,62.794829994377615,0.3032750981349714,-16.126340215295247,173.6868597320509,1.2707704071363732,0.2435301010221742
2013-12-27,0.1180495395276659,5.69,KERVILCO,0.0,316.7860830923369,62.794829994377615,1.916392125015009,-12.157544527691394,240.68041634265285,1.108823263955781,0.2339952192249277
2013-12-28,0.16472993740767436,7.94,KERVILCO,5.0593943963300445,225.9116852592657,67.85552863443812,1.4909347396371595,-11.68356926937611,250.0442999403456,1.0382416321272814,0.2096431572900778
2013-12-29,0.24896212202671192,12.0,KERVILCO,0.0,298.28439867506427,67.85552863443812,-4.090249919553379,-16.618757859969758,166.64852711663363,0.5517373634348266,0.0897622789237649
2013-12-30,0.141286004250159,6.81,KERVILCO,0.0,292.90404686057155,67.85552863443812,-3.0664956322414803,-15.164171916760726,188.1882046568807,1.029611041486682,0.1661394284091326
2013-12-31,0.19792488701123592,9.54,KERVILCO,0.0,293.73460693907765,67.85552863443812,-0.943378257684548,-13.137727192247858,222.32788603957425,0.8436544011811091,0.1322955125852642
2014-01-01,0.83817247748993,40.4,KERVILCO,0.0,238.38976398305664,107.82790745981464,-2.3917789770046847,-11.782138690032612,248.0527828348952,0.7790345080061241,0.1113016220892924
2014-01-02,0.5809116180623277,28.0,KERVILCO,0.0,331.52356287280384,107.82790745981464,0.5082692767152739,-14.057317537895033,206.1540467818682,1.422354479299552,0.2552087588983187
2014-01-03,0.15311170504642782,7.38,KERVILCO,0.0,297.3671587402977,107.82790745981464,0.8925919239780702,-11.289352439619382,258.0314673495205,1.6334879500295263,0.3181885726104534
2014-01-04,0.10165953316090737,4.9,KERVILCO,1.5497394456771694,316.1975571957766,109.37737101048094,-1.6649555714807711,-20.442550915727004,120.23363612090158,0.5343530788675038,0.068630523903425
2014-01-05,0.08319484244392622,4.01,KERVILCO,0.0,255.6493344325512,109.37737101048094,-11.671066542012271,-21.581926771774977,108.80479809461242,0.415257254605571,0.0503810675095313
2014-01-06,0.0692944572974348,3.34,KERVILCO,0.0,346.1309543013125,109.37737101048094,-5.59849657109048,-20.73304712693429,117.18997971723012,1.1121269832621046,0.1575343618188331
2014-01-07,0.052282045625609494,2.52,KERVILCO,0.0,325.2325856478964,109.37737101048094,-0.1814611826529232,-13.748214373227263,211.45656302336164,1.331069889748847,0.2646617847345247
2014-01-08,0.04066381326436294,1.96,KERVILCO,0.0,180.11670835264664,109.37737101048094,-3.0890273140978737,-9.74117800506402,291.9233867417659,0.91838955587446,0.1620934777994933
2014-01-09,0.28008238728005086,13.5,KERVILCO,5.406959506557816,148.00098202044566,114.78492458866889,-4.003015873218027,-11.313996208213512,257.5407762355144,0.7222567750453109,0.1111585608304532
2014-01-10,1.2966777188891245,62.5,KERVILCO,1.3376543216826555,236.82534146804767,116.12229793254464,-4.143566938239936,-13.846170174389655,210.26870711442973,0.7461868627274252,0.1007151396141884
2014-01-11,1.9958463449141404,96.2,KERVILCO,0.0,294.6927703667519,116.12229793254464,1.9635509676113885,-9.475068076859417,298.0544090031079,1.8742123940221795,0.3058076022251534
2014-01-12,2.199165411235955,106.0,KERVILCO,0.0,336.8539656940298,116.12229793254464,0.3966290630299892,-13.363730986381482,218.36988269488185,0.9484454973922714,0.1421810735415858
2014-01-13,2.7178364987916046,131.0,KERVILCO,0.0,327.95575663258853,116.12229793254464,-2.4783807448775783,-15.433300716738705,184.29703813006824,1.2692886468201945,0.1806746535383759
2014-01-14,2.9045580903116384,140.0,KERVILCO,0.0,353.2656478838676,116.12229793254464,1.5905397449632497,-13.07199754017109,223.44344926582573,1.204729770611243,0.1704058322112994
2014-01-15,2.551861750773797,123.0,KERVILCO,0.0,320.9302446501755,116.12229793254464,-0.0638853962851489,-12.578334152922649,232.5790558541731,1.5151436788730908,0.2417715782185155
2014-01-16,1.9730248170616915,95.1,KERVILCO,0.0,379.2537411447335,116.12229793254464,2.762479778074123,-13.743816557955904,211.51819373089523,1.4995700696483316,0.2482944258631678
2014-01-17,1.0995827056179774,53.0,KERVILCO,0.0,375.3756154657526,116.12229793254464,1.9794555868127728,-13.92986824265662,208.3195413114276,1.439033285801369,0.2448252779953072
2014-01-18,0.3858912891414034,18.6,KERVILCO,0.0,359.45868089007,116.12229793254464,2.6845968429913176,-11.842597619796418,246.81491636235825,1.601828846708201,0.3031962969760039
2014-01-19,0.12634827692855627,6.09,KERVILCO,0.0,346.8409933845698,116.12229793254464,1.9494715566496448,-11.568710231562038,252.3273568661304,1.5440038853503129,0.2962253244788924
2014-01-20,0.09647282228535085,4.65,KERVILCO,0.0,354.7716734791821,116.12229793254464,1.835724595310977,-12.02383411820409,243.2461092164642,1.5094658961760534,0.2668698118287852
2014-01-21,0.07614091565316938,3.67,KERVILCO,0.0,399.385885720959,116.12229793254464,3.806229086748309,-13.525078704855307,215.3556720674869,1.8293193829943823,0.3568174292321556
2014-01-22,0.057883693371210514,2.79,KERVILCO,0.0,387.9235040472295,116.12229793254464,1.2712818210331087,-14.613500020114532,196.92106770896305,1.5515941111625986,0.3260080616869493
2014-01-23,0.05041482971040916,2.43,KERVILCO,0.0,315.2363644056893,116.12229793254464,-4.740158386156843,-15.98755681117653,175.70132933436983,0.7299605797465394,0.1256659038310094
2014-01-24,0.045435587269874914,2.19,KERVILCO,0.0,394.6113807790185,116.12229793254464,0.0072789597984369,-15.978501812225058,175.82579674063376,1.575352010840065,0.2910421257232103
2014-01-25,0.045643055704897184,2.2,KERVILCO,0.0,380.3516690784602,116.12229793254464,4.1962427173349965,-10.628882892230742,272.01474948134234,1.936199500911356,0.380510080513639
2014-01-26,0.04813267692516429,2.32,KERVILCO,0.0,379.6449471638368,116.12229793254464,3.848423016495381,-10.723292382758125,269.9875330082578,1.6479433138221125,0.2804750610138112
2014-01-27,0.049999892840364636,2.41,KERVILCO,0.0,403.1036490834233,116.12229793254464,1.454763897893148,-14.522659141304676,198.41219481985203,1.0835472525429566,0.1602823143265044
2014-01-28,0.06037331459147764,2.91,KERVILCO,0.0,372.7414252815706,116.12229793254464,-4.656107284602959,-18.2725899441104,144.89060669869443,0.8260049321584737,0.1011906604856735
2014-01-29,0.06224053050667798,3.0,KERVILCO,8.36840137386992,321.4543752407204,124.49134046101324,2.90260990164783,-13.148117157017458,222.05488352296217,1.8906182787437484,0.3065644570637383
2014-01-30,0.06556002546703413,3.16,KERVILCO,24.15940030174665,180.2987231993088,134.89141284371016,1.715718284366826,-5.976681636457282,391.1220716519792,0.9965395454574808,0.1470541749068363
2014-01-31,0.07012433103752384,3.38,KERVILCO,14.25288604421388,214.31105735565296,149.14496245613827,-0.6966340541444151,-9.785498332447313,290.8567915896736,0.5068154870761636,0.0206601291244465
2014-02-01,0.08838155331948272,4.26,KERVILCO,0.0,353.0546531152979,149.14496245613827,-5.544838106123279,-16.974821902897066,161.83706319252394,0.5404687398735774,0.053432812886422
2014-02-02,0.08921142705957176,4.3,KERVILCO,0.0,414.7450165884582,149.14496245613827,-4.810641567662079,-19.37554922799201,131.82153706110907,1.0166479819471763,0.1620338216648614
2014-02-03,0.09087117453974983,4.38,KERVILCO,4.204919664376843,271.8896150591846,153.34991520224128,-4.170519807771821,-15.870221691208393,177.4252075244058,0.8708128202322903,0.1567053547534589
2014-02-04,0.09605788541530634,4.63,KERVILCO,2.640243922060276,275.11566495760513,155.98950768881704,-4.633069127582877,-16.346845667261693,170.4987138035587,0.6126645251378171,0.0694624197950016
2014-02-05,0.09605788541530634,4.63,KERVILCO,2.381132080409694,350.1629013077265,158.3707389525616,-5.121120443415839,-21.389507159905595,110.65012133004468,0.7839038187340965,0.1050584687803363
2014-02-06,0.09605788541530634,4.63,KERVILCO,1.1666530132103292,389.42104674697873,159.53695796308878,-3.2872353609871867,-18.23063462528944,145.4273324414048,0.9819757822154862,0.1458156995822644
2014-02-07,0.09854750663557346,4.75,KERVILCO,5.524696691504873,265.17470091493885,165.0614992364949,-1.788980731577022,-12.712166286808838,230.0956544284872,1.0977078259739006,0.170450101750069
2014-02-08,0.10311181220606318,4.97,KERVILCO,9.478603041432654,249.6107478096562,174.5405262088995,-0.4483637849223447,-10.47298127985815,275.8482318314683,1.3845800685131244,0.2144100814408173
2014-02-09,0.09875497507059572,4.76,KERVILCO,9.380091136800866,247.8672072311665,178.48315158110404,3.7556134682003774,-5.8322847968413125,395.5074882963042,1.5931749936249138,0.258425162198012
2014-02-10,0.09605788541530634,4.63,KERVILCO,7.245194510696993,294.1869124104421,185.7284948965868,1.7534195202400016,-10.372438186139522,277.60888648111694,0.8947479004633971,0.1097018931144458
2014-02-11,0.09605788541530634,4.63,KERVILCO,0.0,461.7933576559173,185.7284948965868,-0.2303949951808074,-15.416630083540904,184.27094779227696,1.0440826584747689,0.1392512849186297
2014-02-12,0.0946056063701505,4.56,KERVILCO,0.0,406.12714844014056,185.7284948965868,-0.372509402869567,-12.678882941109284,230.67976396963147,1.593740652700077,0.2380535220730733
2014-02-13,0.09087117453974983,4.38,KERVILCO,1.028413033565544,265.03776208086026,185.11657126320924,3.2965608481591104,-4.543347986044928,436.1017672158666,2.1633171104424047,0.329617309842442
2014-02-14,0.10663877560144158,5.14,KERVILCO,0.0,344.2249957999867,184.30464335837613,5.52136797063351,-4.066879647562999,452.268985936798,2.0513784948281844,0.320583402250183
2014-02-15,0.12178397135806657,5.87,KERVILCO,0.0,377.0047258883124,183.1818790527824,7.304118675478072,-3.327795079066145,477.8934310096096,2.494238364367648,0.4186925327419651
2014-02-16,0.11390017082722069,5.49,KERVILCO,0.0,441.3428465401542,183.1809616807353,6.238134514904276,-6.645217459497983,371.59282470329407,1.9099345004307453,0.3299492350095028
2014-02-17,0.10124459629086284,4.88,KERVILCO,0.0,525.6875544809503,183.1809616807353,5.350599664367778,-12.611684769426718,232.16322535249245,2.074484335809321,0.3340368629689979
2014-02-18,0.09751016446046216,4.7,KERVILCO,0.0,431.512438982514,183.1808738113144,5.650133772997735,-6.695656385323693,370.0946967253245,2.409790415108683,0.4153802827566396
2014-02-19,0.09398320106508375,4.53,KERVILCO,3.592111407665202,380.7964568195089,186.7732623420394,4.070752407674532,-12.341105791483976,237.95086195315704,1.8261322058804963,0.2942875816593481
2014-02-20,0.08236496870383718,3.97,KERVILCO,0.0,465.9872575599752,186.7732623420394,-3.127822379796804,-16.122656727348094,173.8174118626427,0.8010828251477858,0.0813487174582528
2014-02-21,0.07261395225779096,3.5,KERVILCO,0.0,460.1666669032844,186.7732623420394,-1.0396692340637017,-13.717357812231349,211.99007392998308,1.7241147759829398,0.2343775113824321
2014-02-22,0.07655585252321391,3.69,KERVILCO,0.0,486.4297182938013,186.7732623420394,2.944914637982582,-10.90073841203886,266.1851184905014,1.8345701769224911,0.2745668377046326
2014-02-23,0.07904547374348103,3.81,KERVILCO,0.0,550.7156218207937,186.7732623420394,5.624269738768084,-12.185978546947382,239.8332854487338,2.3194800037888816,0.3757650030579196
2014-02-24,0.07406623130294678,3.57,KERVILCO,0.0,471.5468246959094,186.7732623420394,5.201091813027993,-7.795299301821517,339.69241802485595,2.402593775059887,0.4029864254503504
2014-02-25,0.08070522122365911,3.89,KERVILCO,0.0,466.8832302905292,186.7732623420394,5.583670779498879,-6.986996442005166,361.61098248659255,2.3606883509536507,0.4038653648892145
2014-02-26,0.08692927427432691,4.19,KERVILCO,0.0,497.052398037797,186.7732623420394,6.427118557462884,-7.1781345020534255,356.3204401942967,2.2377921500891,0.359791777034055
2014-02-27,0.07925294217850329,3.82,KERVILCO,4.926177499250725,383.40566231295145,191.69944292537977,4.952090776977015,-9.322770593186268,302.4950202956366,1.7671865161645552,0.3018114111308729
2014-02-28,0.07178407851770192,3.46,KERVILCO,0.0,458.93428055240656,191.691822954424,5.339435961896191,-6.178443298788581,385.08973797279,1.913115519278657,0.2692356198557023
2014-03-01,0.06659736764214542,3.21,KERVILCO,6.786094631364406,294.91141368318466,195.32608892986573,3.2935250146127752,-6.0804891676590325,388.4194321181904,1.282775558176495,0.1513271001912164
2014-03-02,0.06493762016196736,3.13,KERVILCO,0.0,402.7847593193947,195.32608892986573,2.2651266046397724,-7.278459605311901,353.8181962946926,1.3265772222667318,0.1527555036979572
2014-03-03,0.06493762016196736,3.13,KERVILCO,0.0,468.68910672799456,195.32608892986573,2.338956098783019,-9.346800787984968,301.06826528243465,1.911194383485168,0.2807732537090788
2014-03-04,0.06514508859698961,3.14,KERVILCO,3.171070517686309,371.3006355230044,198.49693395525705,4.724760582766703,-7.842283452244625,338.69833318677263,2.0653691326836805,0.3547421138812842
2014-03-05,0.06846458355734576,3.3,KERVILCO,0.0,511.3120650694195,198.49693395525705,3.108978737945985,-9.799570738442158,290.4477922890786,1.78638054805208,0.244462113336935
2014-03-06,0.0657674939020564,3.17,KERVILCO,0.0,534.5022107782166,198.49693395525705,6.597334851203418,-7.223751977439618,354.8548235740128,2.554720045520496,0.4557928662622064
2014-03-07,0.06224053050667798,3.0,KERVILCO,16.69540545082835,341.4413344766696,215.1924451114786,3.37620679322846,-7.159900167373875,357.084553831322,1.6753507479388117,0.2589936860686456
2014-03-08,0.06224053050667798,3.0,KERVILCO,0.0,495.58511857052486,215.1924451114786,1.144186890376479,-10.411140748900804,276.7602740471814,1.476677195898352,0.1792082794364934
2014-03-09,0.06493762016196736,3.13,KERVILCO,0.0,661.5337377629904,215.1924451114786,8.482615217496578,-14.192149025799411,203.1842510031327,2.689962086092513,0.4842734223895572
2014-03-10,0.08236496870383718,3.97,KERVILCO,0.0,565.264695684857,214.8989260346238,9.34537617901844,-5.301737048019728,411.2014930483657,3.1585525249404283,0.6329074577332607
2014-03-11,0.0796678790485478,3.84,KERVILCO,0.0,537.546616826834,214.8989260346238,1.6784186823852218,-11.386409762441126,256.0622194217869,1.7088802246550614,0.2278114451310356
2014-03-12,0.07323635756285773,3.53,KERVILCO,0.0,639.3280067724387,214.8989260346238,3.3581152029082864,-15.359269933055389,185.13204373294985,1.7250838360172835,0.2742756683107804
2014-03-13,0.07468863660801357,3.6,KERVILCO,0.0,587.5265345848094,214.8989260346238,4.8741462987725415,-10.43094410949775,276.2998819913862,2.253175353885693,0.3837662015590869
2014-03-14,0.08443965305405979,4.07,KERVILCO,0.0,571.2506867699101,214.8989260346238,5.764997840939236,-8.690593967746848,316.89960264571727,2.102191343699743,0.3473385854321335
2014-03-15,0.08008281591859233,3.86,KERVILCO,0.0,529.9519925420406,214.8989260346238,-0.2110392327698188,-12.835052418988868,228.1244307762336,1.6281317458772082,0.2033866440081397
2014-03-16,0.10497902812126352,5.06,KERVILCO,0.0,633.5743874126549,214.8989260346238,5.561698793258167,-12.43643275970493,233.51052299429185,2.7932337409886445,0.4037802533688297
2014-03-17,0.08775914801441595,4.23,KERVILCO,0.0,609.9957743710693,214.8989260346238,6.927004422202436,-9.586294669184026,294.2690362287026,2.745124641383041,0.4133075253595978
2014-03-18,0.08049775278863684,3.88,KERVILCO,0.0,593.7964104231628,214.8989260346238,-0.584821143211663,-15.86653980236594,178.75089163962855,1.740197476148724,0.2079006886506833
2014-03-19,0.09543548011023954,4.6,KERVILCO,0.0,626.2577004590244,214.8989260346238,3.1787394825969737,-13.732377314090744,211.2622229877056,2.0279725598343235,0.2687476271515079
2014-03-20,0.19170083396056817,9.24,KERVILCO,0.0,602.8278814544735,214.8989260346238,6.333786548526789,-9.526380155134992,294.7121236823427,3.015025111729324,0.4805354587841596
2014-03-21,0.11887941326775495,5.73,KERVILCO,0.0,599.5808606163793,214.8989260346238,7.672245528272638,-7.828561795499259,336.4693731035253,2.652450013496306,0.4558862046080181
2014-03-22,0.08195003183379267,3.95,KERVILCO,0.0,535.206301618791,214.8989260346238,3.5840228318968266,-9.102952289365502,306.1649824012152,1.887307695630648,0.2937618590801362
2014-03-23,0.1257258716234895,6.06,KERVILCO,0.0,595.0155532632289,214.8989260346238,4.43719409471391,-10.46609395086093,266.8628069494995,2.1696751970668973,0.2850363218691309
2014-03-24,0.12219890822811108,5.89,KERVILCO,0.0,523.7681489888414,214.8989260346238,4.698127519745806,-7.605588488140695,337.6412822851219,3.110589660252156,0.4442488148588814
2014-03-25,0.13547688806953573,6.53,KERVILCO,0.0,630.8795658647391,214.8989260346238,9.66339252370435,-6.733831818800142,331.17915122295034,3.5057996553310136,0.6484754454878929
2014-03-26,0.11120308117193131,5.36,KERVILCO,4.362000947458598,372.8360731306339,214.333011829414,6.687326890720685,-4.651572321652214,432.43367977624087,2.584394907388849,0.4044359139422483
2014-03-27,0.10103712785584057,4.87,KERVILCO,3.5487670990945595,388.943868325255,217.5752329834448,3.823581920297352,-6.844956588897447,365.47117872334337,2.0759547468882142,0.2482823127835632
2014-03-28,0.09377573263006146,4.52,KERVILCO,0.0,486.2638661421176,217.5752329834448,1.158115211967593,-9.41381950596756,296.44740955451414,2.1470055554989025,0.2613900797481581
2014-03-29,0.10560143342633029,5.09,KERVILCO,0.0,648.9651488059492,217.5752329834448,7.339414676387496,-9.029093857696298,273.2080290964061,3.05245016486842,0.487130476903338
2014-03-30,0.10539396499130803,5.08,KERVILCO,0.0,566.812705814666,217.524474901152,6.411120770263266,-6.513798878135858,343.7173536301358,3.0973683310953,0.487879849432082
2014-03-31,0.11265536021708712,5.43,KERVILCO,0.0,585.1047001611747,217.5213267308044,4.934998178913654,-8.560817951696066,295.2069972552601,2.810734792285815,0.3530891190815525
2014-04-01,0.11286282865210939,5.44,KERVILCO,0.0,495.6593615875391,217.14858342603875,5.53347676123864,-5.234374555318527,394.4335556758915,2.752125419248128,0.4649655774321511
2014-04-02,0.11390017082722069,5.49,KERVILCO,4.540268517600484,406.41933791290194,221.25857504593668,3.1198449320993245,-6.573362942721927,370.6227546309296,2.300167798642918,0.3544499918197159
2014-04-03,0.12199143979308882,5.88,KERVILCO,15.002376312987543,389.640897791666,236.26108372318168,0.1924228832435702,-10.905442709565929,265.7524505571567,1.1676459730986508,0.0773983070762783
2014-04-04,0.11597485517744328,5.59,KERVILCO,0.0,601.3295522834976,236.26108372318168,1.5903420754091029,-11.874091379630825,236.8609724933068,1.893046598589792,0.2458798924826023
2014-04-05,0.13381714058935765,6.45,KERVILCO,6.070943697078593,389.1253026582917,242.3322778223026,2.728896204933767,-8.22140795169569,328.4522145127129,1.8887037693460489,0.2490700290937447
2014-04-06,0.10643130716641933,5.13,KERVILCO,0.0,497.8323753905064,242.3322778223026,2.087824034944205,-8.147209418728002,325.4176591231675,1.942739215271156,0.2089391094752229
2014-04-07,0.12780055597371212,6.16,KERVILCO,0.0,619.3451537253205,242.3322778223026,4.514535310294108,-9.226291307121391,285.08367947442633,2.3688236233882707,0.2987140537747281
2014-04-08,0.14439803077549287,6.96,KERVILCO,0.0,699.7889437951412,242.3322778223026,10.564481021933403,-6.546836400800827,311.64858962227186,3.812025153281101,0.5668955581036905
2014-04-09,0.2002070397964808,9.65,KERVILCO,0.0,649.904590729695,241.0631719406883,11.985653386283117,-2.9779717892458955,414.4907598113075,3.9618074350089527,0.6591385977347004
2014-04-10,0.2593355437778249,12.5,KERVILCO,0.0,564.5811392341191,238.89309813281213,11.332157637822185,-0.8338757425507969,506.4981537205437,4.234989184705848,0.7092246524026391
2014-04-11,0.30497859948272205,14.7,KERVILCO,0.0,659.7432861714026,236.9960916554772,13.66846960568594,-1.482758971265198,439.6489546221943,4.197166210045842,0.7678655932768464
2014-04-12,0.3008292307822769,14.5,KERVILCO,0.1160477158281554,685.2937465232449,236.2182268618284,12.158090909607717,-4.170459902820871,360.5983011985096,3.7122442000106894,0.6758783636844949
2014-04-13,0.28008238728005086,13.5,KERVILCO,7.131552989318414,515.4837265265992,243.34933888451644,4.472217572135641,-10.973040564215474,259.9202978461599,1.804842649194501,0.1863026954227448
2014-04-14,0.33817354908628366,16.3,KERVILCO,0.0,653.4604103484687,243.34933888451644,0.6934817529381616,-13.406961806407333,207.08237483349023,1.798164178470555,0.172056265786245
2014-04-15,0.27593301857960567,13.3,KERVILCO,0.0,715.5351143961029,243.34933888451644,6.90198762091316,-9.923565299803474,246.03374149200263,3.309187302513727,0.4812759940441602
2014-04-16,0.2468874376764893,11.9,KERVILCO,2.58067752718271,512.7418142494347,242.9868608040404,7.328068968841216,-5.138031042069232,398.7069303056793,3.342756683999166,0.4736878917983342
2014-04-17,0.2468874376764893,11.9,KERVILCO,0.0,717.164918783576,242.98470879534096,9.005798152082475,-7.641883779185368,286.7823133249973,2.784694363196508,0.3999342765194349
2014-04-18,0.2966798620818317,14.3,KERVILCO,0.0,673.655753700155,241.12872318667564,13.406790466158808,-1.5802479156150318,442.2244061286001,3.7622822864072063,0.7034614060604292
2014-04-19,0.3630697612889548,17.5,KERVILCO,1.837135190618784,429.8705217447072,238.44294819808525,10.922154998252491,0.3944001861607972,600.5641886748665,2.887159180749867,0.5442429332710385
2014-04-20,0.4107875013440746,19.8,KERVILCO,0.0,570.1579711412392,236.0469980700981,11.134518650152422,-0.2963315697763035,532.4564105502254,3.207781032946125,0.4687944781646956
2014-04-21,0.4522811883485266,21.8,KERVILCO,0.0,667.0949536565022,233.953349918745,13.400465557854575,-1.0142580951566469,463.0483430274247,3.4661495884160383,0.5460772537242187
2014-04-22,0.5248951406063176,25.3,KERVILCO,0.0,602.559078655641,231.31732083087329,12.487248658126315,0.2767105910194793,536.8518773456217,3.543013666113349,0.6332879683944909
2014-04-23,0.616181252016112,29.7,KERVILCO,0.0,644.7314764119748,230.65689129820043,8.75200291424281,-4.503330684137412,379.9569377017567,2.961607634440062,0.3833768606505249
2014-04-24,0.5892103554632181,28.4,KERVILCO,0.0,733.0991533834215,230.6568150199958,9.82375425680089,-7.000915442848798,292.6613804785242,3.671801409448928,0.5090402086710699
2014-04-25,0.5477166684587661,26.4,KERVILCO,0.0,677.8869975200688,228.8999907468298,12.912213216839186,-1.8187577757025035,432.8212657013352,4.475099838219135,0.8261827662329818
2014-04-26,0.5767622493618825,27.8,KERVILCO,3.3847216192662293,497.9493368536672,229.7748273740509,8.769618992146816,-5.430857874820253,396.47422436159474,3.4940844784917187,0.5067749396008681
2014-04-27,0.6016584615645538,29.0,KERVILCO,3.990289203878894,399.51680343184654,232.5067877589056,3.255612462448608,-6.736703279494351,369.71441377315625,2.0621110243327783,0.213793473693401
2014-04-28,0.5394179310578757,26.0,KERVILCO,0.0,625.495981883695,232.5067877589056,2.0058011478960744,-10.251778251862737,272.759243186526,1.9684114943153312,0.1978294103628609
2014-04-29,0.4668039788000848,22.5,KERVILCO,0.0,661.8713181041126,232.5067877589056,2.4928538217204173,-10.893110686810555,250.6499960219808,2.5116495969890456,0.3250028943544236
2014-04-30,0.419086238744965,20.2,KERVILCO,0.0,670.3121131738806,232.5067877589056,4.846979788335546,-8.926556864267486,276.8575266046947,2.694088957241573,0.3692124139649322
2014-05-01,0.3672191299894,17.7,KERVILCO,0.0,693.7250620803358,232.5067877589056,6.285536576069511,-8.399613284829858,256.01375419507787,3.1891857875666463,0.4058396802567859
2014-05-02,0.33609886473606104,16.2,KERVILCO,0.0,723.0210326790973,231.5822682271032,12.609825639676174,-3.799897866607533,299.7608557644591,4.623267781067633,0.7354791213984434
2014-05-03,0.35062165518761923,16.9,KERVILCO,0.0,709.687206764776,229.2292865718772,15.766320526887489,-0.3968496883300361,371.8328073075129,5.081929419347006,0.8832745908409547
2014-05-04,0.42323560744541017,20.4,KERVILCO,0.0,643.2424266828259,225.8453768440453,15.877223759529608,2.055760201128592,474.44478983912586,5.759239862851464,1.0444771490562443
2014-05-05,0.5560154058596565,26.8,KERVILCO,0.0,633.3495106171075,222.31600962811464,15.891959676964383,2.403538315440013,478.98674333609273,5.528059178170481,1.019102513133609
2014-05-06,0.6742724138223447,32.5,KERVILCO,0.0,595.5659677945279,219.3744534369392,13.308148490248469,1.0035629391408414,458.7057145522289,4.900151019667449,0.8723549898688415
2014-05-07,0.7614091565316939,36.7,KERVILCO,0.0,626.7466417441913,218.32770184012992,9.373116717481846,-3.507370480026985,332.29801390756654,3.994161564325328,0.5839102217849292
2014-05-08,0.740662313029468,35.7,KERVILCO,1.2779178707608607,563.2256599003049,218.49066947999728,5.342872116302285,-5.565082719808315,320.11919490386055,3.0252904885541403,0.3720210810324851
2014-05-09,0.7053926790756836,34.0,KERVILCO,0.0,586.0067706574441,217.66688465393747,7.528212352606834,-4.039316846369857,330.9056308565196,3.276466784899788,0.442071098701509
2014-05-10,0.6680483607716771,32.2,KERVILCO,0.0,610.1443672242376,215.8120897126863,10.62790687152984,-1.5821020916644322,344.9635328849038,3.699296277167021,0.5395152739185545
2014-05-11,0.6618243077210091,31.9,KERVILCO,4.988328847197747,435.855173169926,217.89217143442625,5.4498322815241504,-5.727793090200905,325.7231816852918,2.108784677240442,0.1800910589347456
2014-05-12,0.6203306207165571,29.9,KERVILCO,8.772584580053351,302.995534597207,226.4151091569117,-1.0240401265024743,-8.074186206526427,327.7691464366534,1.430185720137576,0.0734807592113921
2014-05-13,0.5726128806614375,27.6,KERVILCO,0.9111450582942032,590.0696677180368,227.3263205924665,1.5133885787163706,-10.207777741736754,212.3200879234875,2.167176569818416,0.1749792880852553
2014-05-14,0.5186710875556498,25.0,KERVILCO,0.0,718.6397235011353,227.3263205924665,4.731087456865379,-10.021016944375464,176.65243685598176,2.784136433771322,0.3256140986093566
2014-05-15,0.48547613795208816,23.4,KERVILCO,0.0,702.5329764209603,226.7873308724372,9.569992363082008,-4.717230702782587,240.19378987890184,3.437200957203677,0.466380381399905
2014-05-16,0.4564305570489718,22.0,KERVILCO,0.0,675.7228752929102,224.39629523806724,13.38454095113972,-0.3061462174379561,320.53073503173687,4.732601930486522,0.700843257018998
2014-05-17,0.49584955970320116,23.9,KERVILCO,0.0,706.3763928957491,221.58351187020355,15.365421057723298,0.696689959442289,317.4939093485533,4.789718217387351,0.7364858298058764
2014-05-18,0.6120318833156668,29.5,KERVILCO,0.0,700.262164362901,218.2308666291068,16.498228428490822,1.982503408179904,343.7286693655128,5.1964355857633056,0.95582061021809
2014-05-19,0.7261395225779096,35.0,KERVILCO,0.0,703.3513970362527,214.9199523689672,16.683855175388857,1.8848670559204583,337.6127910412813,5.736567650280525,1.069463307685112
2014-05-20,0.858919320992156,41.4,KERVILCO,0.0,676.7491773140936,211.426626053052,16.293754602231502,2.31648896915584,364.28778460599335,5.344917993141547,0.9949305439974396
2014-05-21,0.9585041698028409,46.2,KERVILCO,0.0,644.5013314848482,207.96675356483829,15.135558270752757,2.2362959740669743,372.7665630989371,5.138551772539278,0.91705218733918
2014-05-22,0.9999978568072928,48.2,KERVILCO,2.9742780549725123,455.6845683271464,204.5073974813496,14.233784543167188,2.2380622956963903,503.04817235707424,4.30827865036969,0.7191144239624417
2014-05-23,1.0912839682170872,52.6,KERVILCO,2.876944867010612,476.0825319379339,201.5631754917296,13.615667682261936,1.0095288038219323,460.3284134531112,3.4671305209712653,0.4966919389115306
2014-05-24,1.1784207109264362,56.8,KERVILCO,7.770764725493346,467.8337279383839,198.8027976963597,12.779567686009026,0.5726215442209498,464.9856019536888,3.5347118807221407,0.4904587510096159
2014-05-25,1.2178397135806658,58.7,KERVILCO,2.225939233732844,367.1319212681054,196.37658681860307,8.688867569929718,-0.2233862408224637,536.9788781465309,3.100203988611677,0.3390445786340079
2014-05-26,1.1493751300233197,55.4,KERVILCO,0.0,733.1800353745965,194.7384672474335,13.6887491377954,-2.0992679090088275,283.8733903645542,3.929926301924379,0.603528115716513
2014-05-27,1.1618232361246554,56.0,KERVILCO,0.0,714.1346042761646,191.2838147391156,17.60131449717015,2.224509990763526,372.0195292575378,5.216748496235827,0.8510589075839835
2014-05-28,1.2282131353317787,59.2,KERVILCO,0.0,688.15749751911,187.1257055025601,18.49868451060997,3.901620940556604,428.13988479817885,4.772068462563508,1.0584675125213183
2014-05-29,1.242735925783337,59.9,KERVILCO,4.537317562950601,490.5494051327749,182.6925480208427,16.85779045046335,4.554749270968458,590.9093455919858,4.323198824015153,0.8866235063098311
2014-05-30,1.3236486154420182,63.8,KERVILCO,5.864086406797639,332.3692019917257,178.39483441960928,12.475470677052384,4.232764945030689,745.715285136281,2.99399946810247,0.3907013534721069
2014-05-31,1.2800802440873438,61.7,KERVILCO,0.0,627.1618180814619,174.22072261002836,16.551484772791774,3.938353167441495,472.9154813018227,4.722918442444361,0.8101220605282223
2014-06-01,1.2385865570828918,59.7,KERVILCO,0.0,626.7725174941856,169.80145306247817,17.00713120079339,4.522181300171869,489.8965660679904,5.564408318952239,0.9099778251252688
2014-06-02,1.230287819682001,59.3,KERVILCO,0.0,732.9920077092089,165.98026729613065,19.71688136344845,3.0979877623903675,366.7762539786692,5.668895600651398,1.2314659363854317
2014-06-03,1.226138450981556,59.1,KERVILCO,0.0,668.2281444115805,161.18847757129836,19.47832113592674,5.409322800055063,460.8523737906872,6.33914470920142,1.1566637326768905
2014-06-04,1.1742713422259912,56.6,KERVILCO,0.0,704.0305916201411,156.52994864517984,20.72042156661363,5.089814667439748,419.74921955795264,6.058945122370008,1.2425008093666938
2014-06-05,1.0746864934153064,51.8,KERVILCO,0.0,675.4529888788669,152.1412991419683,19.07634356360576,4.450592017531581,428.5814353899967,5.720324493462916,1.1909958207247475
2014-06-06,1.0165953316090737,49.0,KERVILCO,0.0,673.9429600254114,147.74869931364995,18.982387278560857,4.458795407104723,363.60735323863,5.285026998140025,1.0373218596162097
2014-06-07,0.9771763289548443,47.1,KERVILCO,0.0,619.4647365754258,143.3897644886617,16.95849886188404,4.378557441500449,403.52352836116125,4.876806151255617,0.9168105067074164
2014-06-08,0.9377573263006149,45.2,KERVILCO,3.7848663939949216,461.8053635723567,140.6327992379259,13.196483278841011,0.565487005394274,424.1958549118437,3.67853277369286,0.4773537414337189
2014-06-09,0.8423218461903753,40.6,KERVILCO,0.0,734.6973815168512,138.9693992453912,15.521006262499556,-2.0401480787070376,227.3490630747066,5.252799086323044,0.7707143815808325
2014-06-10,0.7697078939325843,37.1,KERVILCO,0.0,696.9983137877847,135.56066870647348,18.183557406094128,2.115865345655918,311.4765393003038,5.851236607722091,1.0335270125716545
2014-06-11,0.7116167321263515,34.3,KERVILCO,0.0,651.3368045664332,131.59754050425784,17.997629926849783,3.435250406364274,368.59194837729314,5.130138695432418,0.9307707149725952
2014-06-12,0.6701230451218995,32.3,KERVILCO,0.0,659.8949053921971,127.83475387110288,17.95403815361471,2.9596466076464907,351.0662771349824,4.736305599581411,0.7433425744461868
2014-06-13,0.6493762016196736,31.3,KERVILCO,0.0,659.3524255510425,123.4634508992514,19.470856484341464,4.40628965686972,379.3459915588162,5.842919352590049,1.067475773838649
2014-06-14,0.626554673767225,30.2,KERVILCO,0.0,646.7161091362784,119.87381985004184,17.067601493279955,2.548159124890817,351.58054369400634,5.49438446387091,0.8608971415218677
2014-06-15,0.5892103554632181,28.4,KERVILCO,0.0,700.1883284520645,117.13181815595348,17.580107824857382,0.5275441749603245,277.9969279545127,5.711393562538534,1.0025708593091196
2014-06-16,0.5414926154080985,26.1,KERVILCO,0.0,603.1316358554799,112.87312761836236,17.36518822320547,4.159782368420151,419.7079620894479,6.360432907101446,1.1384790248531445
2014-06-17,0.49584955970320116,23.9,KERVILCO,0.0,585.6659431997019,108.18166240714469,17.95253741037849,5.302596590387332,463.3639050359589,6.413326592997725,1.1438698725535197
2014-06-18,0.4730280318507526,22.8,KERVILCO,0.0,596.4409132292892,104.42843481890674,16.237081264561734,3.1815187442338804,402.7417419175651,5.243334620142773,0.822749322365018
2014-06-19,0.4481318196480814,21.6,KERVILCO,0.0,672.6462746464963,101.33529271898897,17.872632799106995,1.6263122669428918,312.1480074150026,5.584407085483949,0.9595756617894662
2014-06-20,0.4149368700445198,20.0,KERVILCO,0.0,682.4259698758693,97.3146991806853,20.84500119734602,3.907375478073308,343.377571455552,5.918033891499949,1.274253840373243
2014-06-21,0.4045634482934068,19.5,KERVILCO,0.0,581.8027544245341,92.23004107811518,19.64075234876385,6.531999958743235,497.2173293417955,5.1233287284126,1.1802174925252746
2014-06-22,0.38381660479118085,18.5,KERVILCO,0.0,576.9533225919503,87.92805095047552,17.690755035503468,4.604529965535158,451.3420271090091,5.15408309053206,1.0279807930623257
2014-06-23,0.35684570823828704,17.2,KERVILCO,0.0,606.5318116712981,83.82863908571944,18.407345090371464,4.101328447588566,411.4219609155485,4.940819200908183,0.9800266297655906
2014-06-24,0.32780012733517067,15.8,KERVILCO,0.0,636.3974061092401,79.41273768512549,20.53797664044443,4.941571991144768,400.79958082998,5.070088928033263,1.136264707920282
2014-06-25,0.3236507586347255,15.6,KERVILCO,0.0,593.0178315800314,74.64556240626872,20.07829957955499,5.965072354755959,446.3689644870565,5.5450741078848775,1.178196206850037
2014-06-26,0.30705328383294467,14.8,KERVILCO,0.0,626.3679488582786,69.65597196715966,21.991830221821456,6.640373013419506,408.7588017250964,5.799550031735803,1.2771367052423277
2014-06-27,0.2966798620818317,14.3,KERVILCO,0.0,481.1084729710306,65.06097018664374,16.532442193749958,6.00302252013062,551.6394210530575,5.389448865718055,0.945492440480162
2014-06-28,0.2821570716302735,13.6,KERVILCO,0.0,595.0584532032038,61.01720806281424,18.924315965289484,4.636636358851193,395.2646815050646,6.106422779972724,1.012229950325822
2014-06-29,0.2593355437778249,12.5,KERVILCO,0.0,642.2381552678806,56.37304484710202,23.18105263354747,6.3306485499912375,386.2983045592919,6.752862191359728,1.4447494547345914
2014-06-30,0.2448127533262667,11.8,KERVILCO,0.0,603.152411203282,51.32808398090501,23.397231110336097,8.001691447871726,462.54124090628784,6.987737906918917,1.4996670963704608
2014-07-01,0.2323646472249311,11.2,KERVILCO,0.0,568.9672569368078,46.94741211049842,20.53738205057861,6.523774911804264,463.0980106036535,5.47084657428134,0.998924850247306
2014-07-02,0.2323646472249311,11.2,KERVILCO,4.074346616269666,525.0154702195882,42.76693072619049,20.61022599236684,6.237543824960585,481.206270642195,5.210536858043054,0.9406507440400534
2014-07-03,0.2614102281280475,12.6,KERVILCO,3.513351627238909,442.9198436967458,38.80718927408257,21.56752752638124,6.116424066445772,479.0369123781483,5.1955783828824735,1.165192874668958
2014-07-04,0.2302899628747085,11.1,KERVILCO,4.664692011765245,439.679334133438,35.05046611369571,21.992364678032683,6.398521183310704,513.5557715529028,4.906925986179761,1.0962608221910042
2014-07-05,0.2282152785244859,11.0,KERVILCO,0.0,559.9668917180395,31.447044643694184,21.11526067109914,6.692370985491354,404.1456982866271,4.765949319053272,1.0208678792996366
2014-07-06,0.1929456445707017,9.3,KERVILCO,0.0,581.5976386915519,27.70964801336088,23.59737952031383,8.067560501469302,421.9746743818793,5.59880943345308,1.314618520885691
2014-07-07,0.18443943873478907,8.89,KERVILCO,5.732464822507858,420.9018077369872,24.224805438636743,23.67473903645977,8.299631602926535,588.9292086732993,5.226503866118944,1.2744918035404094
2014-07-08,0.17717804350900995,8.54,KERVILCO,3.974289035730476,399.0346804373807,21.318512135335705,21.552637509032497,7.360850563597068,634.1763687136329,4.405272103082694,0.9451314344814246
2014-07-09,0.17946019629425483,8.65,KERVILCO,0.0,539.3839319054011,18.86905110543736,20.626970819655632,6.366225437214959,469.6017832256373,4.426484170410187,0.8194699229319312
2014-07-10,0.16991664828323086,8.19,KERVILCO,0.0,542.4808980281618,16.42490996181824,21.62942162441028,7.073441823006219,483.618619650915,4.693638987336667,1.0109938811567205
2014-07-11,0.22199122547381808,10.7,KERVILCO,0.583476420156607,434.10676034294767,13.800073572952329,20.2362403580204,8.908932491347048,690.5629272400005,4.260150392695531,0.9031894834584028
2014-07-12,0.2199165411235955,10.6,KERVILCO,14.395420811925334,381.79873665350766,11.648626064007418,21.138768103090104,7.455786166216966,691.4405636719663,3.9935371950737326,0.8309980799487688
2014-07-13,0.18817387056518975,9.07,KERVILCO,5.933712371034094,372.6563478977422,9.79565536986472,20.335816054648674,7.168708534027462,734.2732800528166,4.093658719982017,0.7252666987465098
2014-07-14,0.16576727958278567,7.99,KERVILCO,2.747905250412983,443.8914713781333,8.222895427398335,20.891097782415933,8.149335113794631,721.4672380297407,4.185432570067339,0.7641407685495486
2014-07-15,0.17261373793852025,8.32,KERVILCO,4.150222290189392,358.18427694830416,7.009789388559253,19.50145590305725,7.010463180781913,790.7306898219317,4.240791270214881,0.6448285880987233
2014-07-16,0.20062197666652534,9.67,KERVILCO,7.470066223440941,339.74328412207075,5.979259250715512,17.667423700898357,5.939525149292306,772.2482828914156,4.778096556373932,0.6930362080046868
2014-07-17,0.18651412308501167,8.99,KERVILCO,0.4939299897661083,449.5764110618883,5.140217638988433,17.533409580621566,5.199018994296738,652.9945089990084,4.288519000234328,0.647458151923508
2014-07-18,0.14688765199576,7.08,KERVILCO,0.0,523.8729097941948,4.226788801939205,20.8211680267231,6.246061372136535,612.31613860299,4.919835715566651,0.8532672929373453
2014-07-19,0.13464701432944667,6.49,KERVILCO,0.0,434.1442839236694,3.3006472073207545,19.24762343106812,7.875547561259608,782.2223549129079,4.440646564911687,0.9661716599598658
2014-07-20,0.1315349878041128,6.34,KERVILCO,0.0,518.5671991840354,2.562247834472679,21.992251469138413,7.563433837900147,661.1075732005917,5.101796588946579,1.154418732922731
2014-07-21,0.11825700796268815,5.7,KERVILCO,0.195593824743935,466.1878984528793,1.9458836655002525,21.482741653635603,8.531426940653427,768.7514724642591,4.517071948972252,1.0786183953725543
2014-07-22,0.10684624403646387,5.15,KERVILCO,0.0,545.2131995358867,1.4487467924293669,24.29216767163496,8.106948256298237,647.6132061416818,5.214559924562443,1.4575715228756048
2014-07-23,0.09792510133050668,4.72,KERVILCO,0.0,496.0168236337094,1.0087148507364714,23.6098311727866,9.83444042827186,788.9671808840499,5.623504341328975,1.255834592671598
2014-07-24,0.09377573263006146,4.52,KERVILCO,1.094304010763426,468.32641051147306,0.6583328318276156,22.92317086818601,9.049495802096711,787.5784994915383,5.400401752025474,1.1488711448529925
2014-07-25,0.09896244350561796,4.77,KERVILCO,0.0,486.1880362811119,0.4078786101088477,22.135777847068148,8.779224321126645,762.9046271200616,4.4228162490596805,0.9101594783538534
2014-07-26,0.10207447003095187,4.92,KERVILCO,4.704104685116154,374.2864538213505,0.2501464166806576,22.358730792761257,8.1045230014055,847.5488822322362,4.739864116175029,1.0125719247227372
2014-07-27,0.12240637666313335,5.9,KERVILCO,8.431845496511752,329.4296311088451,0.1086146862533603,19.81751352078324,7.96643671177496,913.9756704861502,4.148944991768896,0.8933592679329927
2014-07-28,0.12282131353317786,5.92,KERVILCO,9.005693651119177,266.1099278067699,0.0590426279762168,16.983951654129864,7.979261230928149,1035.015267800842,2.952297709887963,0.4817584461528907
2014-07-29,0.16701209019291927,8.05,KERVILCO,4.718890906197431,251.3002424041768,0.0188156799255982,15.437050971916312,7.03744864667705,985.060641560633,2.540901903899703,0.3285801938932147
2014-07-30,0.130912582499046,6.31,KERVILCO,10.07708996134286,285.2169600670153,0.0039303183995928,15.864267759960049,6.445390855400048,946.711964891618,3.132284401934904,0.4235119915134295
2014-07-31,0.12427359257833369,5.99,KERVILCO,10.519777688633871,274.00055006586456,0.0,15.410855902494442,6.538653285637233,969.0567462864402,2.879739615069163,0.349855120218394
2014-08-01,0.1815348806444774,8.75,KERVILCO,7.375908628810739,275.14750861340906,0.0,14.23570302318906,5.25206883453235,882.9140058762898,2.580639470060321,0.2359937750265953
2014-08-02,0.14190840955522577,6.84,KERVILCO,0.1408821667400216,483.6658393651936,0.0,16.97836383743924,4.403051155188139,731.0180901655016,3.905014322480878,0.4747027477130436
2014-08-03,0.11120308117193131,5.36,KERVILCO,0.0,475.57676060702494,0.0,18.939190370287346,6.762091447087532,858.3447555456182,4.1152871937955045,0.6949860990148612
2014-08-04,0.14087106738011446,6.79,KERVILCO,2.3648454233999563,315.1585548697667,0.0,16.63616989096137,7.022565278184698,975.3938967106347,3.054193555842636,0.5061953606940653
2014-08-05,0.12344371883824465,5.95,KERVILCO,0.0,450.8098023318041,0.0,17.762721968476246,6.512721375424806,872.8310037466746,3.5311771900791653,0.5773245200922891
2014-08-06,0.10062219098579606,4.85,KERVILCO,0.0,504.34980500800015,0.0,20.044548267699497,6.765931245780922,838.3643217175334,4.653870107758594,0.8698569806434282
2014-08-07,0.09336079576001696,4.5,KERVILCO,0.0,485.9681506516641,0.0,19.586031412912497,7.154614147777062,876.2760274046167,4.232729013999692,0.8909015802392023
2014-08-08,0.0910786429747721,4.39,KERVILCO,0.0,517.5916184094707,0.0,19.4599291088458,5.628437995767834,767.8537662588998,4.425354185875853,0.8813130817458238
2014-08-09,0.08443965305405979,4.07,KERVILCO,0.0,506.6860328977198,0.0,20.12396729314971,6.693260128321709,831.7359847410607,4.995326673134421,1.076197412048837
2014-08-10,0.08153509496374814,3.93,KERVILCO,5.121695795335618,357.4530563077764,0.0,17.95881670822713,5.551138715590737,874.6021059080751,3.80097777215674,0.7832007056734316
2014-08-11,0.11514498143735424,5.55,KERVILCO,0.0,524.2536792626282,0.0,18.805976627852925,4.68022128344098,699.4022145649109,3.7259782233185392,0.6491102122353269
2014-08-12,0.10020725411575153,4.83,KERVILCO,0.9670490129415036,474.6396557767078,0.0,20.26079631698282,6.36323616561872,819.5713486495158,4.076631859294476,0.8705594799256056
2014-08-13,0.0931533273249947,4.49,KERVILCO,0.0,488.4870774371071,0.0,19.78707596742469,7.124509964000047,855.1448233864248,4.15944708417503,0.7642508008520454
2014-08-14,0.11473004456730973,5.53,KERVILCO,0.0,366.13151265031655,0.0,16.31063292593073,7.558240625625134,987.6489001107788,3.100421476053131,0.4397278912961712
2014-08-15,0.12987524032393472,6.26,KERVILCO,0.2343379578881246,501.80777181558295,0.0,20.46031008404284,6.599676888880249,813.1348577047927,4.270763063378422,0.7521067355374187
2014-08-16,0.0946056063701505,4.56,KERVILCO,0.0,532.2261814329297,0.0,21.33124586719551,6.177920876436,764.4121628627657,4.339229238191575,0.9016757062884097
2014-08-17,0.08402471618401526,4.05,KERVILCO,0.0,524.014789021871,0.0,22.32902697540037,7.454195877243519,836.4636295442116,4.195444695164348,1.1001171348697991
2014-08-18,0.07821560000339199,3.77,KERVILCO,0.0,498.7966575636524,0.0,20.769207778625493,7.174344606032361,851.1929445183259,4.074590515588184,1.0667022821776369
2014-08-19,0.08838155331948272,4.26,KERVILCO,2.5054600628428894,347.3694064318767,0.0,18.68042799581613,7.628566101765158,1005.7588061883342,3.710132739194114,0.8080757471619461
2014-08-20,0.09647282228535085,4.65,KERVILCO,0.0,451.523822128521,0.0,18.30171008889305,6.789724788302087,887.8660061931986,3.913617293373177,0.6601091778620298
2014-08-21,0.08008281591859233,3.86,KERVILCO,0.0,480.7414648017887,0.0,17.728755430026258,5.329013350608839,780.6195084953077,4.119599401127706,0.7623663542135866
2014-08-22,0.09149357984481662,4.41,KERVILCO,4.595264063322274,215.20577853444232,0.0,12.015109285959674,5.457685268538943,900.8078564129784,2.233450905220953,0.3127878320008473
2014-08-23,0.10622383873139708,5.12,KERVILCO,0.0500479181183106,425.1557255609393,0.0,14.554919570937322,4.357565476665807,767.4528278732798,3.0427231937155965,0.3823268326995876
2014-08-24,0.09024876923468306,4.35,KERVILCO,0.3382962302183225,488.8796402266456,0.0,16.827807647678675,3.9747239806236254,693.6379354925726,3.714565977051049,0.6227129642520943
2014-08-25,0.07842306843841423,3.78,KERVILCO,3.1920412018756807,353.1170764390072,0.0,18.022076443187306,5.822543682867522,891.3917135547307,3.6628608725113874,0.7951179396304463
2014-08-26,0.08547699522917108,4.12,KERVILCO,5.048974743865578,311.6903752776368,0.0,16.31879477037423,6.2299817102783965,944.5501666576004,2.974762863987659,0.5587233033185317
2014-08-27,0.11078814430188678,5.34,KERVILCO,4.327983104576903,314.0432024154722,0.0,14.051642563508784,3.993173298103944,814.3800298789747,2.715192627055504,0.2662956939811164
2014-08-28,0.10414915438117447,5.02,KERVILCO,2.461919393707149,326.0918984113726,0.0,12.371790622491448,2.7365738247988856,719.799907475001,2.697932758845728,0.3965238133798497
2014-08-29,0.08734421114437142,4.21,KERVILCO,0.0,519.3022644493864,0.0,17.42039562917931,2.846724237857304,635.9403306533841,3.674532814877336,0.6141479779464389
2014-08-30,0.07738572626330295,3.73,KERVILCO,0.0,504.1005147846562,0.0,18.326422089328588,4.248866946109104,707.6443999404299,3.87120285412146,0.7437942799468721
2014-08-31,0.06763470981725674,3.26,KERVILCO,0.0,455.9985927914245,0.0,17.96320260045913,5.729760726205657,820.2873916750378,4.530749799415738,0.8413779243272987
2014-09-01,0.06307040424676702,3.04,KERVILCO,0.0,497.2664754138343,0.0,19.03059768505388,4.833086104953292,740.2156638625631,5.115186834203625,1.000156901770593
2014-09-02,0.058298630241255034,2.81,KERVILCO,0.0,513.1330923881633,0.0,20.80505607660581,5.4341612513230135,752.8698638238661,4.961951284455219,1.1039793138130984
2014-09-03,0.05663888276107695,2.73,KERVILCO,0.0,487.1204266427087,0.0,21.347959791989982,7.101470824577369,863.6826602214388,4.768999317530082,1.1659257479632088
2014-09-04,0.05456419841085435,2.63,KERVILCO,4.638332823850816,360.7404792254779,0.0,19.560738402037188,5.284301373562772,865.9142194353585,4.154641346948753,0.9615607513734332
2014-09-05,0.06514508859698961,3.14,KERVILCO,0.0638125190928924,390.1926381787517,0.0,15.17648895748967,4.965087377117827,839.7026412642457,2.83293792395452,0.5058935606141666
2014-09-06,0.06991686260250159,3.37,KERVILCO,2.056808756542724,375.07405605762375,0.0,17.07398727511309,5.043467800762646,831.6155047263566,3.3786145888018786,0.6661701642916741
2014-09-07,0.0641077464218783,3.09,KERVILCO,0.0385621115989262,450.7050356881908,0.0,17.297904597721594,4.742926351948946,788.8137371668356,3.591667975733902,0.7225443113207608
2014-09-08,0.06327787268178926,3.05,KERVILCO,4.686171508526424,238.33240415528635,0.0,13.815263058023683,5.898018377584362,929.1261279348056,2.774552155832639,0.6021453487782237
2014-09-09,0.0858919320992156,4.14,KERVILCO,8.804341588082686,226.02104899961893,0.0,12.244134621431195,4.776614745688046,860.2553247451339,1.8614107586056896,0.2399091123426354
2014-09-10,0.0879666164494382,4.24,KERVILCO,0.0,424.6395489453819,0.0,14.110408570523598,2.801525088460318,726.0316196271677,3.280691675146361,0.4780462021183236
2014-09-11,0.06597496233707865,3.18,KERVILCO,0.0,490.1885356265199,0.0,15.998076966437944,1.6390203293823875,643.8839221309614,4.0259933924144224,0.7296138210747429
2014-09-12,0.05746875650116599,2.77,KERVILCO,0.0,479.2265025748141,0.0,14.59173971293378,0.8218688254134078,617.8669725659091,3.457113181337582,0.6310010603916497
2014-09-13,0.05539407215094339,2.67,KERVILCO,0.0,495.7484953303587,0.0,16.808019390971303,1.501603278232008,633.6712107524306,4.38301616785931,0.9057148759414512
2014-09-14,0.05622394589103244,2.71,KERVILCO,0.0,470.9645915978888,0.0,18.085650086311663,3.900788003952232,758.0872229307346,4.143149218294754,1.0119436090728229
2014-09-15,0.05580900902098792,2.69,KERVILCO,0.0,449.4254680109407,0.0,18.368851943554123,5.136329883259864,836.5296025829173,3.5293770939937823,0.9265195686152082
2014-09-16,0.056016477456010176,2.7,KERVILCO,0.0,468.3521655468824,0.0,19.20653224945832,4.895130610744479,812.0162656589266,3.685256968988189,0.9523156981932962
2014-09-17,0.05726128806614373,2.76,KERVILCO,0.0,450.9793166273912,0.0,19.12665498776744,5.586935885364864,862.5576650858092,3.083572134559537,1.0044885587344765
2014-09-18,0.058298630241255034,2.81,KERVILCO,0.0,461.7835316629619,0.0,19.696939602750604,5.298645309876539,838.59556336219,4.00812822939937,1.023218783414811
2014-09-19,0.05373432467076531,2.59,KERVILCO,0.0,467.5985338504865,0.0,20.55737300771377,5.540616949165265,848.7404354796554,3.8842707537306778,1.1154862178022158
2014-09-20,0.05352685623574306,2.58,KERVILCO,6.908818350294927,329.69361558312306,0.0,19.95347870850872,6.079768387665429,939.6055645709912,3.64780857718442,1.0674055744687605
2014-09-21,0.05995837772143312,2.89,KERVILCO,6.609849212776664,171.20692933534391,0.0,13.007193408485726,6.958565462473002,1001.0235596332752,2.3226589623443585,0.3773281699469402
2014-09-22,0.10456409125121899,5.04,KERVILCO,7.975371881870696,181.07937829402684,0.0,12.31795153448552,5.697838688963032,915.6950563477312,2.253040835653572,0.3127830396151447
2014-09-23,0.0935682641950392,4.51,KERVILCO,0.0,379.4101647839746,0.0,15.20631062730189,4.178236685657314,821.329731531998,3.370085142562523,0.5717475295209641
2014-09-24,0.07219901538774644,3.48,KERVILCO,0.0,444.3305867624729,0.0,18.274656750192616,4.101775664973151,808.1416395959877,3.476207176471392,0.8147859262676711
2014-09-25,0.06452268329192283,3.11,KERVILCO,0.0,444.2628079049063,0.0,19.72355063399287,5.152847485131169,869.1931945368166,3.4461641101082496,0.9388948108490556
2014-09-26,0.06431521485690057,3.1,KERVILCO,0.0,432.87985726084514,0.0,19.57917843291512,5.423393545220259,889.9902376064045,3.2165251064291023,0.8995296294600085
2014-09-27,0.0641077464218783,3.09,KERVILCO,0.4567036036623762,412.5516850510627,0.0,18.764028497053417,4.922568330764454,865.8549013876932,2.9339644238578413,0.7929459733953655
2014-09-28,0.07012433103752384,3.38,KERVILCO,10.35582675475582,187.7740254952608,0.0,11.125989826700383,4.265438769400082,829.1105419492916,2.508859666217914,0.3860465712392355
2014-09-29,0.11286282865210939,5.44,KERVILCO,11.744161249893022,206.8863711673676,0.0,7.515034485083843,0.0986982101992242,616.7639510380776,1.6781329199944963,0.1691588784795581
2014-09-30,0.11203295491202035,5.4,KERVILCO,0.0,258.072138302386,0.0,5.851608604234387,-1.0603194590878608,565.4895331277487,2.193333704889461,0.2808070679376742
2014-10-01,0.09190851671486112,4.43,KERVILCO,2.8349758726138843,217.38852252866903,0.0,6.144180579439429,-1.798965084283413,535.4539642410149,1.927209113462249,0.2552650864308421
2014-10-02,0.09045623766970533,4.36,KERVILCO,0.0,412.1098527522743,0.0,7.702707385789544,-4.528437985964836,437.10031527945466,2.387574125270844,0.3279926490411398
2014-10-03,0.08049775278863684,3.88,KERVILCO,0.0,423.611303910793,0.0,11.217039719686616,-2.01931749791386,526.7193888401192,3.408742821905634,0.5795754408918481
2014-10-04,0.07738572626330295,3.73,KERVILCO,0.0,443.1405780613631,0.0,13.547410069160636,-1.1679611297134698,560.7148960820967,3.689170449249185,0.6986735120382469
2014-10-05,0.0744811681729913,3.59,KERVILCO,0.0,422.9570991419892,0.0,13.402750703658617,-0.3613077773600727,594.902743369719,3.476326901203962,0.6402137357370815
2014-10-06,0.07240648382276872,3.49,KERVILCO,0.0,435.16385196212167,0.0,14.59254702850212,-0.2780380023037864,598.2605444950129,3.71025244208494,0.7116077093331334
2014-10-07,0.0703317994725461,3.39,KERVILCO,0.0,409.25525993729786,0.0,14.40141523248927,0.9057405724179856,652.1335665891423,3.3951909318191955,0.7656895106935468
2014-10-08,0.0703317994725461,3.39,KERVILCO,0.2037047001649955,374.1523724345534,0.0,15.191385925797942,3.071174335163972,761.4349219587609,2.850561908563121,0.8565898319258002
2014-10-09,0.10705371247148612,5.16,KERVILCO,12.908952785368935,153.93673614149563,0.0,6.632083789631315,0.9395976814320736,656.1695022616013,1.3311630546370306,0.1695482950450708
2014-10-10,0.13112005093406826,6.32,KERVILCO,4.079484875517705,112.42946755085954,0.0,4.510769365301881,0.4053029840600911,630.7386243932598,0.8258138114269677,0.0231446450638045
2014-10-11,0.10124459629086284,4.88,KERVILCO,0.0,287.93666468805606,0.0,8.891593946196238,0.7196379468984331,643.5775918142122,1.9817264537867456,0.294179982494675
2014-10-12,0.10124459629086284,4.88,KERVILCO,3.540050924730747,216.02577964465613,0.0797577467437893,4.388199403150876,-3.570487176498072,470.53669471635385,1.5656645197800276,0.193350170025728
2014-10-13,0.09439813793512825,4.55,KERVILCO,0.0,370.1406150102689,0.0735722622067388,6.241480157219119,-5.161274451082238,416.13525168630974,2.083919226458805,0.2838453007256711
2014-10-14,0.08464712148908204,4.08,KERVILCO,0.0,447.16748277501,0.0511300792623005,13.844704638463345,-3.4879837671709413,472.1400611046996,3.045291006884429,0.6632265819197649
2014-10-15,0.08464712148908204,4.08,KERVILCO,0.0,393.1350177090712,0.0006242720660328,13.67917806527559,0.4204279385042979,629.6781655166524,2.58167332633554,0.7542500890855136
2014-10-16,0.07987534748357007,3.85,KERVILCO,0.0,384.2316401391725,0.0,14.263823522259468,1.3379681193567958,672.8161680278616,3.3786689537915744,0.7451039480054674
2014-10-17,0.07634838408819165,3.68,KERVILCO,0.0,373.6141905623233,0.0,13.031648550179233,0.7214585203146973,643.5776099291686,2.462935130071182,0.5860831602524729
2014-10-18,0.07634838408819165,3.68,KERVILCO,0.0,328.4025077082299,0.0,12.350026962757193,2.1047113171504748,710.7882080667132,1.887866396447164,0.524611344052164
2014-10-19,0.0796678790485478,3.84,KERVILCO,0.0,342.5110130979038,0.0,12.525263038079382,1.567854306697132,684.040450886813,1.758255337947641,0.4093653635958308
2014-10-20,0.07676332095823617,3.7,KERVILCO,0.0,352.5768904278337,0.0,12.049417641169937,0.7558563745445089,645.1597586389926,2.008865932054296,0.4280255878403249
2014-10-21,0.07634838408819165,3.68,KERVILCO,2.1968746462906346,259.6740089892025,0.0,10.272599900646703,0.7065115963006229,642.847792011637,1.6682396712174166,0.3451256415011192
2014-10-22,0.08506205835912656,4.1,KERVILCO,0.0,277.23172815609826,0.0,8.974708997906953,0.1909111179283727,619.2929546626204,1.6779879070368433,0.2537205114448445
2014-10-23,0.08049775278863684,3.88,KERVILCO,0.0,363.4914714362213,0.0,11.871824855070727,-0.7951702107964991,576.3281384902504,2.379908278505639,0.4874310752944119
2014-10-24,0.07489610504303582,3.61,KERVILCO,0.0,378.485016624692,0.0,14.849234309594271,0.8595118256504771,650.0161270436615,2.982642287045865,0.7430440449864608
2014-10-25,0.0703317994725461,3.39,KERVILCO,0.0,381.89007697331215,0.0,15.658298270031397,1.1517593470402343,663.8607571697613,2.472677980761397,0.8470465591840745
2014-10-26,0.07053926790756837,3.4,KERVILCO,0.0,318.26713840418233,0.0,12.816335543416429,2.3020208964057933,720.941346851872,2.963556822982788,0.6511756778318735
2014-10-27,0.07074673634259063,3.41,KERVILCO,0.0,319.1113278503004,0.0,7.291795274199061,-3.2729569718641867,479.83706284724514,1.6901636884825866,0.2491776168664748
2014-10-28,0.06452268329192283,3.11,KERVILCO,0.0,367.1947014588952,0.0,8.190670186622558,-5.259983022979943,413.0671092459877,2.507718288752883,0.5287899991566757
2014-10-29,0.06535255703201187,3.15,KERVILCO,0.0,369.6696786635816,0.0,10.136782488756772,-4.060796322519023,452.2028285374335,2.99666893564323,0.6587746437129623
2014-10-30,0.07074673634259063,3.41,KERVILCO,0.0,367.5937655761409,0.0,11.709346449556444,-2.888635648125591,492.3417875270814,2.6136489422490867,0.6228953228419776
2014-10-31,0.06701230451218995,3.23,KERVILCO,0.0,339.4805331018648,0.0,10.364640439529753,-2.4862863192926894,508.0823852451728,1.96485118294178,0.51612029649018
2014-11-01,0.07489610504303582,3.61,KERVILCO,4.494420821803734,206.2423089234223,0.0,9.40152207428808,-0.1819709826025642,602.6873395245174,2.1186989972819186,0.4797181524392122
2014-11-02,0.09668029072037312,4.66,KERVILCO,10.663324354222592,116.64528429733926,0.0,3.5069897818018343,-1.5777614677885774,544.3104798543321,1.2955311618546737,0.2016052717646006
2014-11-03,0.08734421114437142,4.21,KERVILCO,0.0,258.1138798209508,0.0,1.532808220142095,-7.015278368741042,361.2865211548002,1.1984163416169424,0.184232771450438
2014-11-04,0.0657674939020564,3.17,KERVILCO,0.0,336.7276333033323,0.0,4.049788688856953,-8.474427498635317,322.37812509911544,1.379694996286813,0.3349906134270602
2014-11-05,0.07344382599788,3.54,KERVILCO,0.0,370.7217591453173,0.0,9.025049738477602,-6.830427950564916,366.26151612002445,2.3571116694404086,0.6043959462655761
2014-11-06,0.07946041061352555,3.83,KERVILCO,0.0,346.0257151272605,0.0,11.004269750783662,-2.982043532300784,490.3452556709502,2.433603482811128,0.7239640254727785
2014-11-07,0.47925208490142046,23.1,KERVILCO,0.0,334.0005563052577,0.0,9.967498303998877,-3.3172906007208507,478.2231918943768,2.828620557058933,0.5809913157339734
2014-11-08,0.6556002546703413,31.6,KERVILCO,0.0,337.99478853783046,0.0,9.2068174104715,-4.723182588126439,430.2354620903416,2.0585841226012875,0.5017735613018799
2014-11-09,0.3526963395378418,17.0,KERVILCO,0.0,285.5289179100689,0.0,8.641297788033848,-2.4304129575787337,510.9134175393044,2.888997777179293,0.6282072740612137
2014-11-10,0.2614102281280475,12.6,KERVILCO,0.0,348.34830121069564,0.0,8.304838094634823,-7.441684480173757,349.41068579411103,2.2609615680846216,0.405908993426339
2014-11-11,0.07883800530845878,3.8,KERVILCO,0.0,309.9274632305176,0.0,3.171359687818474,-9.444886401165252,298.7684678437608,1.888701671423609,0.3279646950235605
2014-11-12,0.09232345358490567,4.45,KERVILCO,0.0,291.77296460295656,0.0,0.1374293688685569,-11.378371149024844,256.42941300225,1.244208191643975,0.21542856311186
2014-11-13,0.08215750026881492,3.96,KERVILCO,10.665325966790885,188.8252289903957,10.665325966790885,-1.5351648952299737,-9.850952676796744,289.39447576571,0.8736406146482338,0.1235366186231135
2014-11-14,0.0858919320992156,4.14,KERVILCO,9.64087650425315,149.0060737332878,20.049625646611435,0.1176895930836747,-6.263664439253622,382.5488550790967,0.8900853082394349,0.127718323838282
2014-11-15,0.09066370610472758,4.37,KERVILCO,9.146392471115703,230.5601528584472,29.196019046108503,-1.2965402128573762,-11.500813299017045,254.38055003099143,0.4448909098338552,0.0280971193433098
2014-11-16,0.09751016446046216,4.7,KERVILCO,0.0,293.38389999706,29.196019046108503,-7.514636104354676,-17.118230648205163,159.80563272285343,0.4034765231088092,0.0307048659476007
2014-11-17,0.10165953316090737,4.9,KERVILCO,0.0,341.51962665259407,29.196019046108503,-6.791249883325242,-19.027982705762312,135.8242422944674,1.064045812682119,0.153576618473709
2014-11-18,0.08215750026881492,3.96,KERVILCO,0.0,353.9238427353756,29.196019046108503,-3.2295407715161275,-16.448786747752724,169.04324097094022,1.3275585667269263,0.2119768083433729
2014-11-19,0.11058067586686454,5.33,KERVILCO,0.0,336.10870268001264,29.196019046108503,0.9208921498345772,-11.38272036241774,256.1115991034439,1.7128149972993854,0.2925210620588496
2014-11-20,0.13630676180962478,6.57,KERVILCO,0.0,332.88959761549086,29.196019046108503,3.098644312330699,-9.34069542997328,301.2467057162492,1.5303216479526045,0.3176767685815724
2014-11-21,0.12717815066864532,6.13,KERVILCO,0.0,319.3506779126933,29.196019046108503,2.007077295257404,-9.869279886171912,288.9251493824838,1.1115126220510594,0.2182791314423848
2014-11-22,0.09854750663557346,4.75,KERVILCO,3.939234298603106,238.31841995012297,33.13464150240424,2.0847931841526512,-9.219295832611856,304.1354298857714,1.3757301529315995,0.2545629765094963
2014-11-23,0.10020725411575153,4.83,KERVILCO,2.317258332724628,267.5183347113212,35.45232508361908,-3.179794359593455,-13.933342034691943,208.4573364775731,0.4186353410023398,0.0361225829023027
2014-11-24,0.193153113005724,9.31,KERVILCO,1.4671099216568069,228.3927575438548,36.91961236638098,-6.976434716344979,-15.844130001243926,177.8254491265199,0.708747338735539,0.089040707216653
2014-11-25,0.24896212202671192,12.0,KERVILCO,1.876441722177856,298.1968763128723,38.79611493477167,-2.7654989647835326,-15.551207608269962,182.2069744358785,1.1798493342428793,0.1725268589389042
2014-11-26,0.26970896552893786,13.0,KERVILCO,0.0,258.7999781561328,38.79611493477167,2.090907460916233,-7.181265506104604,356.50094686952923,1.714285393966533,0.255859293207496
2014-11-27,0.12800802440873438,6.17,KERVILCO,0.0,314.38984911258785,38.79611493477167,4.980112795251439,-7.001581323336837,361.5030601267639,1.888330801846894,0.3881638193512506
2014-11-28,0.12634827692855627,6.09,KERVILCO,0.0,316.39874738274546,38.22266402286933,7.605693974783247,-4.633983235538339,433.1924836319112,2.2272834201758926,0.5017080112370924
2014-11-29,0.1537341103514946,7.41,KERVILCO,0.0,288.39436642146427,37.4365715043231,6.501841524405699,-4.127476963440411,450.0905023685078,2.1464372129115974,0.4618848412341397
2014-11-30,0.2282152785244859,11.0,KERVILCO,0.0,290.80124838444,37.346981920762346,4.921984618084829,-5.79902633364429,396.4659945960927,2.05512551733993,0.4587524282295993
2014-12-01,0.12904536658384566,6.22,KERVILCO,0.0,283.1414182224448,37.346981920762346,2.4244048471187645,-7.941512440132475,336.0795026293436,1.2914489843274848,0.3022682252743373
2014-12-02,0.198754760751325,9.58,KERVILCO,0.0,292.9751206396393,37.346981920762346,3.820280851439064,-7.216145206372841,355.52670195266853,1.6833582595201475,0.3897680757184669
2014-12-03,0.13568435650455798,6.54,KERVILCO,0.0,225.7006009619056,36.528889876245685,3.9554740258617658,-4.0520511953800025,452.5680090418148,1.302816070041293,0.4010200893191474
2014-12-04,0.10684624403646387,5.15,KERVILCO,0.0,168.98209819328463,35.22496935866732,2.938117202485779,-2.895418115536632,493.4952958876161,0.9682383832965316,0.2294952166500569
2014-12-05,0.16618221645283018,8.01,KERVILCO,0.0,251.9843971090212,35.07265283086289,3.4071045945584792,-5.639262242879074,401.3117555827295,1.0215686545812814,0.1994445558948162
2014-12-06,0.16369259523256308,7.89,KERVILCO,0.0,183.04743520690937,34.793025200848795,1.0025609864195906,-5.333566940127107,410.7736170064439,0.9228984629654466,0.2037106527199718
2014-12-07,0.12800802440873438,6.17,KERVILCO,0.0,274.5448501148715,34.793025200848795,3.1852108060331568,-6.762374286623685,368.2181587454079,1.117020524522793,0.2326584380837923
2014-12-08,0.1707465220233199,8.23,KERVILCO,0.0,330.51315680315287,34.793025200848795,5.928495576681503,-7.447130206357122,349.2254871491413,1.6136274130101376,0.476892092353607
2014-12-09,0.12095409761797753,5.83,KERVILCO,0.0,334.4941261649224,34.793025200848795,7.1914638395551576,-6.856327256245254,365.5409019134838,1.7787199967919305,0.603144377560264
2014-12-10,0.12531093475344499,6.04,KERVILCO,0.0,335.72616052629155,34.793025200848795,7.216337549401211,-6.998544472497039,361.5680786662918,2.082219479679129,0.5998730186174277
2014-12-11,0.12178397135806657,5.87,KERVILCO,0.0,319.291920659927,34.793025200848795,5.731026916257009,-7.025022133412781,360.8334183379547,1.6532078793408185,0.5079082543322506
2014-12-12,0.12074662918295528,5.82,KERVILCO,0.0,308.2174404794605,34.76507866311592,6.00928119092824,-6.053957609133666,388.8008480858419,1.298809847039616,0.5081836421463296
2014-12-13,0.09045623766970533,4.36,KERVILCO,5.330872514268443,172.06664410197894,34.054239081105095,3.836234075718208,-4.308103559624198,443.9718664752668,1.379534091736361,0.3584865479525868
2014-12-14,0.08526952679414884,4.11,KERVILCO,6.9020325335515045,153.77993728664612,40.95550323150695,-2.336167187098636,-8.773492729662655,315.2177306604896,0.548096061220963,0.0675409239625744
2014-12-15,0.13962625676998092,6.73,KERVILCO,0.0,236.72369072262825,40.95550323150695,-4.33084356479667,-12.85165312225848,227.4780760727596,0.9328380819069306,0.135900889229064
2014-12-16,0.12116156605299978,5.84,KERVILCO,0.0,305.29068861946746,40.95550323150695,0.8451113102327301,-10.798351180037344,268.3555372929416,1.1253421070758116,0.2862452234926448
2014-12-17,0.07406623130294678,3.57,KERVILCO,2.2345486088785407,169.61081702005234,43.18986788189855,-2.1876506564469222,-8.848241327400078,313.10475658076416,0.6179293543422666,0.1364361002770031
2014-12-18,0.028630644033071865,1.38,KERVILCO,0.0,200.1119550753384,43.18986788189855,-3.423741972239469,-10.01526372559888,285.6311390671666,0.4654526120672003,0.0627411363435894
2014-12-19,0.059128503981344074,2.85,KERVILCO,0.0,242.3215181479489,43.18986788189855,-4.896979129333069,-13.109134114866412,222.76930646175023,0.6194485583395329,0.0950740890398987
2014-12-20,0.04813267692516429,2.32,KERVILCO,3.8646717317480968,268.1550793633326,47.05486493159687,-1.2426165453295646,-12.260191018615268,238.6525992833059,0.995954359501223,0.1884917272460297
2014-12-21,0.05684635119609922,2.74,KERVILCO,19.055873935621133,125.47070384703918,66.11120739048529,-1.7573228927520028,-7.030506842775294,360.6383437848854,1.0064514484275724,0.1603924204805167
2014-12-22,0.0848545899241043,4.09,KERVILCO,14.351675818983656,235.87497543086675,80.4631233043962,-2.597060004938528,-13.765338550522056,211.19884065588252,0.0416374769165191,0.007945652977421
2014-12-23,0.07987534748357007,3.85,KERVILCO,0.0,291.82303835412574,80.4631233043962,-8.2122631310536,-17.82477289567767,150.52366082589205,0.6022061069824269,0.0810409819436471
2014-12-24,0.07572597878312486,3.65,KERVILCO,0.0,365.5692674412728,80.4631233043962,-2.184668723655095,-17.684422738579627,152.31377491800723,1.2386947597669031,0.2093873818586489
2014-12-25,0.09211598514988341,4.44,KERVILCO,4.048036672680959,207.9239365760905,84.5117654793116,-3.309777054067564,-12.435100739293636,235.3197271831897,0.7743735692571764,0.1474175646212873
2014-12-26,0.11203295491202035,5.4,KERVILCO,6.510645572399206,190.5249728441183,91.0216176004871,-9.236016067568864,-17.13753657163128,159.66354942823196,0.2174957276887137,0.0008011779828388
2014-12-27,0.09896244350561796,4.77,KERVILCO,0.0,303.9757679289365,91.0216176004871,-10.800780678052462,-20.83863925975095,116.1210419081486,0.4390489552378919,0.0613295562041696
2014-12-28,0.09087117453974983,4.38,KERVILCO,4.246529924298702,236.7570094777275,95.2681654542025,-8.360449252376611,-18.691665837603765,139.7951803111875,0.8136364930695787,0.1306145084091305
2014-12-29,0.0858919320992156,4.14,KERVILCO,8.216294273846657,223.0590686273196,103.48399126133404,-10.445055750109692,-20.054662769398,124.31858181382992,0.0678409177575488,0.0236948047759981
2014-12-30,0.08319484244392622,4.01,KERVILCO,1.4615623457555325,236.16563042372232,104.94534330751088,-14.082719022995793,-22.51595288415324,100.20878965064205,0.2636994815648072,0.027883513128399
2014-12-31,0.08257243713885945,3.98,KERVILCO,2.882041866337179,282.2538092058077,107.82790745981464,-4.751222580436274,-19.75898964974469,127.53032319193724,0.7667443786582664,0.1342370369335898
2015-01-01,0.07800813156836972,3.76,KERVILCO,5.3832288453084765,230.9644006982564,86.99602674786568,-6.476980121888394,-17.70652125959234,152.03257170786955,0.3578764299239252,0.0370441696308036
2015-01-02,0.07572597878312486,3.65,KERVILCO,0.0,358.472842214175,86.99602674786568,-4.601011267787688,-19.209802603825555,133.71772116785826,0.5018432996198939,0.0865964796584397
2015-01-03,0.0713691416476574,3.44,KERVILCO,0.0,338.2569038995605,86.99602674786568,-4.192769614596015,-17.042414940524985,160.82140292126752,0.8422691507556231,0.1314811400395039
2015-01-04,0.0703317994725461,3.39,KERVILCO,0.0,314.67104975496727,86.99602674786568,-3.9393344741467264,-15.28030148166884,186.3516435262975,1.2617304338968076,0.1963572302839212
2015-01-05,0.07053926790756837,3.4,KERVILCO,0.0,299.03962116686387,86.99602674786568,0.3924089012372064,-10.213680360159428,281.16003795642945,1.7702465775897511,0.3105731793012021
2015-01-06,0.0703317994725461,3.39,KERVILCO,0.0,300.7903766675876,86.89897672740724,4.837227394281659,-5.798613366277472,396.4855995438452,1.6731916285803592,0.3384020353691704
2015-01-07,0.0703317994725461,3.39,KERVILCO,0.0,324.8957528122602,86.89897672740724,5.152318743873027,-6.764422155109675,368.13395725496633,1.5336592859850726,0.3818348751286772
2015-01-08,0.07012433103752384,3.38,KERVILCO,0.0,354.29929978919466,86.89897672740724,4.958156135735911,-8.957991364593218,310.4171056370106,1.7918093774502049,0.3867447910324788
2015-01-09,0.0682571151223235,3.29,KERVILCO,0.0,302.8816081209511,86.89897672740724,1.2561056165543498,-9.119424917341602,306.5193090508344,1.1225234288621244,0.256420008343554
2015-01-10,0.06452268329192283,3.11,KERVILCO,0.0,317.41220897933414,86.89897672740724,1.7316618419194174,-9.335628418155864,301.36658499845515,1.3473736065833817,0.2645045538228632
2015-01-11,0.06307040424676702,3.04,KERVILCO,0.0,235.4985534580634,86.89897672740724,-0.6267548518854789,-8.200198658436717,329.42116505476656,0.8552299012662107,0.15502278655341
2015-01-12,0.06224053050667798,3.0,KERVILCO,2.8009497094585174,146.3494371899924,89.69976756232447,-2.213084089760376,-7.934023497128525,336.2467441437611,0.6907471016752021,0.121068788281719
2015-01-13,0.0641077464218783,3.09,KERVILCO,6.2763655007903045,126.5618387982475,95.9759340210408,-2.429576709736919,-7.66365212328815,343.42952267095654,0.5342411769187764,0.0611600517195973
2015-01-14,0.06473015172694509,3.12,KERVILCO,0.0,283.2740805301805,95.9759340210408,-1.1187997110596972,-10.205690351922057,281.2910833605982,0.626676354463682,0.090773925763627
2015-01-15,0.06224053050667798,3.0,KERVILCO,0.0,384.88731659434177,95.9759340210408,2.0213057741397336,-13.117344184015597,222.6190012247328,1.349196850152695,0.2849531946978687
2015-01-16,0.06784217825227899,3.27,KERVILCO,0.0,364.1125775512685,95.9759340210408,2.580802302912569,-10.593280065183032,272.7970211961687,1.7909099597200364,0.3611044745461755
2015-01-17,0.06244799894170023,3.01,KERVILCO,0.0,324.2721793127872,95.9759340210408,0.4331483119189855,-10.372110731268256,277.66579256873024,1.5775872895747056,0.2598976263565246
2015-01-18,0.060788251461522155,2.93,KERVILCO,0.0,358.2177843615154,95.9759340210408,2.9102858536565,-9.595148609163028,295.26355988073857,1.9290163607959288,0.4128931296908682
2015-01-19,0.06037331459147764,2.91,KERVILCO,0.0,325.2076990153524,95.9759340210408,3.4235073726096528,-7.179990336469023,356.56932490279223,1.4977536876722646,0.2724549185703695
2015-01-20,0.061203188331566676,2.95,KERVILCO,0.0,294.510229447809,95.9759340210408,-0.8542108377830088,-9.999543107649616,285.94529947689205,0.8308357790636625,0.1163865535150196
2015-01-21,0.06099571989654441,2.94,KERVILCO,0.5532358328969479,320.5450639455935,96.52909135851806,-4.8636141836827695,-15.464563522968495,183.5320799321939,0.413828871421007,0.0287080723417464
2015-01-22,0.05809116180623278,2.8,KERVILCO,0.0,389.2595541040925,96.52909135851806,-6.167126240283932,-19.903424518564,125.9501771284877,0.7264048841181212,0.1174149009014543
2015-01-23,0.05539407215094339,2.67,KERVILCO,0.0,417.9593076261324,96.52909135851806,0.5072676434874073,-15.834714956709776,177.6455988061872,1.4559566672441506,0.2667472445758734
2015-01-24,0.05373432467076531,2.59,KERVILCO,0.0,371.7051618256857,96.52909135851806,-0.3212259148181001,-12.620910493820816,231.74932133652823,1.3313055860790366,0.2304439288054064
2015-01-25,0.051452171885520454,2.48,KERVILCO,0.0,372.3181574203493,96.52909135851806,3.927583103846211,-8.481788613102742,320.2675725944444,1.934611767620688,0.3298614635106065
2015-01-26,0.07406623130294678,3.57,KERVILCO,0.0,407.7706418629753,96.32169620688713,9.579062943402866,-5.505948894301816,394.5957507917694,2.105407774759797,0.5916804586891757
2015-01-27,0.05892103554632181,2.84,KERVILCO,0.0,392.5092767476362,96.1112962233866,7.989616962356825,-5.498518185474157,399.4072768229232,1.7478540671105385,0.5407641205564402
2015-01-28,0.06265546737672249,3.02,KERVILCO,0.0,289.7119627976028,96.00841324392292,2.681053877135672,-5.762814538783748,396.61834125455965,1.5708046427527105,0.2717229677844907
2015-01-29,0.06307040424676702,3.04,KERVILCO,4.473498729980195,175.0745295294549,100.08938307913046,0.2713746596644066,-6.290936405672763,381.7937576544273,1.112734522459642,0.2018526857469344
2015-01-30,0.06390027798685606,3.08,KERVILCO,9.947335847621872,92.80598288682658,99.72497808146626,-1.8927623024810023,-5.131801596211815,417.1484409771619,0.8347696069730774,0.1174780334220512
2015-01-31,0.06473015172694509,3.12,KERVILCO,3.765715636174368,202.3688404562708,103.49033548396297,-0.4401803546684967,-7.802960632732085,339.7522656927966,0.7373672096186846,0.0836143942035925
2015-02-01,0.06348534111681153,3.06,KERVILCO,0.0,303.40799323401205,103.49033548396297,-3.429932461276665,-11.830813270611502,247.0266098911555,1.0307477088915655,0.1308656611684765
2015-02-02,0.06182559363663345,2.98,KERVILCO,0.0,357.0171490865025,103.49033548396297,0.8063345585485873,-9.414714634658484,298.9376640359177,1.823369221895024,0.2948147113279735
2015-02-03,0.062033062071655716,2.99,KERVILCO,0.0,350.32421548203683,103.49033548396297,2.6853552434759185,-7.0317393836354345,360.08807445860094,1.8861879637338863,0.3282891897023695
2015-02-04,0.06286293581174475,3.03,KERVILCO,0.0,284.4462934325632,102.97734252669716,2.769752745402582,-4.777979093725989,427.8396645319657,1.864740769484925,0.3176353222371528
2015-02-05,0.06224053050667798,3.0,KERVILCO,0.0,395.7671839891228,102.93395236480148,5.440314123489381,-5.96221058669612,387.669812338312,2.3268102914464843,0.4445351544656173
2015-02-06,0.06265546737672249,3.02,KERVILCO,0.0,429.7650297452503,102.49290693126372,8.303901688151543,-4.950122465853611,410.5412727653763,2.6462452446719,0.6074937078408215
2015-02-07,0.06659736764214542,3.21,KERVILCO,0.0,396.2748902660968,101.56897730708486,7.397573110271916,-3.799373413305672,453.617000065343,2.773894295891266,0.542378127696903
2015-02-08,0.07219901538774644,3.48,KERVILCO,0.0,412.6557798722965,100.81529762288632,7.7420368692663954,-4.204872059094554,435.3961189744524,2.415577655552445,0.4860434723082472
2015-02-09,0.07821560000339199,3.77,KERVILCO,0.0,445.4147437170127,100.64373659718665,8.048354113924297,-5.591424263042125,387.88430518541657,2.1749035167295814,0.5000038290534742
2015-02-10,0.08070522122365911,3.89,KERVILCO,9.1952967283226,306.3160049638029,101.05283228734032,6.1218924427114985,-5.725866689241204,398.5032728937224,1.7512750824867704,0.3530780771683823
2015-02-11,0.07427369973796906,3.58,KERVILCO,0.0,364.0245044900314,101.05283228734032,1.938440983458049,-7.669437626055493,343.0027821934888,1.222596628571274,0.2342853430581844
2015-02-12,0.08298737400890396,4.0,KERVILCO,0.0,418.737096770695,101.05283228734032,3.101916076163041,-8.727522219743934,314.8748643490555,1.8604025236957544,0.3468984670383926
2015-02-13,0.07780066313334746,3.75,KERVILCO,0.0,455.4285611057476,101.05010029867458,7.696326927330914,-6.362434506055334,369.7680339672965,2.3073946733228152,0.5050371126223593
2015-02-14,0.08236496870383718,3.97,KERVILCO,0.0,472.08390088655926,100.74661906990276,9.801718062043197,-5.275977834624293,389.4744031988069,2.718793990199393,0.6183025172736888
2015-02-15,0.0796678790485478,3.84,KERVILCO,0.0,485.7560328096128,100.74661906990276,6.093424509315101,-9.636932525788364,271.1488764881156,2.111362132513284,0.3747801577982215
2015-02-16,0.07053926790756837,3.4,KERVILCO,0.5321643192007802,416.33895427902775,101.27872107938256,-4.664654755885104,-16.2040547290335,172.58220462469654,0.8618285399911995,0.097441453241601
2015-02-17,0.09647282228535085,4.65,KERVILCO,0.0,439.1140016470292,101.27872107938256,-4.847464652716955,-17.087256660295132,159.33218552366418,1.235097190210424,0.1667530751203837
2015-02-18,0.09273839045495016,4.47,KERVILCO,0.0,481.0515191983687,101.27872107938256,3.256535572304587,-11.28711757442209,243.66427392443265,2.618050650294214,0.411494075655957
2015-02-19,0.083817247748993,4.04,KERVILCO,0.0,467.4525193300135,101.27872107938256,6.1977684842398135,-7.536475980227484,319.83741787317695,2.668905535766456,0.4813291958903978
2015-02-20,0.07655585252321391,3.69,KERVILCO,0.0,422.4840063934363,101.27872107938256,3.625288015105975,-7.68226447315971,332.6061110388464,2.0393261119199195,0.3350825538926146
2015-02-21,0.09066370610472758,4.37,KERVILCO,0.0,357.18470878965394,101.27872107938256,-2.5561611941352966,-11.173986146304935,260.70758269799586,1.2468486317326464,0.1864613395444979
2015-02-22,0.0771782578282807,3.72,KERVILCO,13.241050183985267,228.1812958797477,114.51927858200143,-9.41785597914662,-16.32526364579883,172.26371568048472,0.5999353639998417,0.0463666372381869
2015-02-23,0.06867205199236803,3.31,KERVILCO,7.230197995685905,372.26752709785455,121.75008045836444,-1.986775139997353,-15.69625835784291,180.04535798409876,1.3795495119306205,0.1998603717620739
2015-02-24,0.07012433103752384,3.38,KERVILCO,0.0,467.9915607385495,121.75008045836444,0.2036494636665015,-11.612981594111462,251.1961468593805,1.3609309642113636,0.2145486405761875
2015-02-25,0.07219901538774644,3.48,KERVILCO,4.963121361750096,334.9183341820289,126.712923567147,-1.009069254614178,-11.88343077860142,246.04632630255696,1.5668074685021178,0.213070554451686
2015-02-26,0.06784217825227899,3.27,KERVILCO,4.185669037003411,359.0682070257581,130.89790354825143,-5.113080793298038,-16.885162877178068,163.61775908486504,0.9596412661214356,0.1007856214130477
2015-02-27,0.06493762016196736,3.13,KERVILCO,5.835885004990746,308.40775855047497,136.7340490059314,-6.200851870421732,-15.75255063656646,179.2114095226754,0.862426788077958,0.0980272066997397
2015-02-28,0.06473015172694509,3.12,KERVILCO,3.973185600732544,332.2535067348806,140.70641050833495,-3.610455545473526,-13.911184930447543,208.62627530949257,1.1138528562782963,0.1428715504066491
2015-03-01,0.06141065676658893,2.96,KERVILCO,7.642878760649184,256.23169638866125,148.35039296898688,-1.1950933435508897,-8.856446661975655,312.91664136076906,1.2329741337744355,0.1589019633151503
2015-03-02,0.06348534111681153,3.06,KERVILCO,7.271099483521345,343.33536457971815,155.6211939811675,2.6761645205904165,-8.047799076630486,333.4116666725974,1.4373528839470693,0.1791521263887773
2015-03-03,0.06514508859698961,3.14,KERVILCO,3.0824188957444125,321.8386917858131,158.70307537478843,-2.101323402779146,-10.515496363802791,274.6646822004968,1.0364386200972284,0.1136607089397919
2015-03-04,0.08298737400890396,4.0,KERVILCO,0.0,499.5109830418822,158.70307537478843,-6.388587079505621,-18.02337598754644,147.99838251910643,0.8102045966433965,0.0702913455477427
2015-03-05,0.10539396499130803,5.08,KERVILCO,0.0,593.1329020328529,158.70307537478843,-1.4724930869588022,-18.332426373793805,144.06192689743116,1.6638123965303837,0.2156939376466053
2015-03-06,0.10269687533601865,4.95,KERVILCO,0.0,587.9050467293978,158.70307537478843,4.379128145047352,-12.439012675954798,231.4660652553907,2.19950562238114,0.3518368978575104
2015-03-07,0.08547699522917108,4.12,KERVILCO,0.0,570.2142065113655,158.70307537478843,6.403229856010302,-9.146138856995782,300.00591205339106,2.2457285360474235,0.4410562361670367
2015-03-08,0.07074673634259063,3.41,KERVILCO,0.0,540.9063992813374,158.70307537478843,5.481746029922846,-8.270778676951089,323.9133305686242,2.104393823837616,0.3953863922769998
2015-03-09,0.07095420477761288,3.42,KERVILCO,0.0,535.7543540625306,158.70307537478843,5.728914183105102,-7.731071150071617,336.6814883559846,1.9913015531694664,0.3571620630591585
2015-03-10,0.08112015809370363,3.91,KERVILCO,0.0,580.2272367637045,158.70307537478843,7.604316014346379,-8.196106619439956,316.75591387422963,2.318254470071484,0.4228339274758045
2015-03-11,0.08526952679414884,4.11,KERVILCO,0.0,550.4275870851097,158.5940224306464,8.304936250034997,-5.741266180491441,384.90207212314266,2.122109383046141,0.5126687896201696
2015-03-12,0.08070522122365911,3.89,KERVILCO,0.0,462.59210555840895,157.3937721446661,7.594424147855176,-3.143259789058204,477.9427677213061,2.315036307015612,0.4802069903185655
2015-03-13,0.08153509496374814,3.93,KERVILCO,0.5931746015643594,358.12651336406924,156.48515536334415,4.103230153793627,-3.8357512303181913,458.6686378934215,1.9088067558259127,0.2951649011836615
2015-03-14,0.12323625040322239,5.94,KERVILCO,0.0,590.2364410515146,156.48515536334415,8.9269618588491,-6.748910505542908,330.01449840975107,2.2919242354677967,0.4070580193954461
2015-03-15,0.1904560233504346,9.18,KERVILCO,0.0,613.1844022815026,155.52060824728048,13.705543588328124,-3.704408832304229,382.4095360874389,3.2098247052619486,0.7776199338705958
2015-03-16,0.2448127533262667,11.8,KERVILCO,0.0,589.5092907771304,153.995501048283,13.43084589979866,-2.368275256181675,428.7645493515923,3.265787324882864,0.7991408553699785
2015-03-17,0.2593355437778249,12.5,KERVILCO,0.0,521.7145505716455,152.0328237147606,11.00037139278693,-1.3261831481759592,499.05748437495134,3.033228226221484,0.5658506458590923
2015-03-18,0.2095431193724825,10.1,KERVILCO,4.533753290909794,347.3598361697467,149.85384515487692,9.684071731275418,-0.8109393995921549,573.372999827702,2.494065718834724,0.4519039406295957
2015-03-19,0.18734399682510067,9.03,KERVILCO,6.452640537318964,246.7915384427732,148.60822621314074,3.745733920999859,-3.035282686511901,489.18313075230617,1.4744185605329518,0.1833704952904914
2015-03-20,0.17116145889336443,8.25,KERVILCO,0.0,547.8833604474771,148.17613075248477,7.744351951593028,-4.971353369653135,394.0921972309754,2.2440537141803927,0.3982566875398451
2015-03-21,0.21369248807292773,10.3,KERVILCO,0.0,601.4724145506999,147.7485710650029,10.09386870857166,-4.981952672805855,368.3169882297914,2.904757652460116,0.5724137844634667
2015-03-22,0.2074684350222599,10.0,KERVILCO,0.0,570.1167501047375,146.52376046653103,10.576643034541576,-3.0847389460014627,424.6548152280123,3.538189046581488,0.66987107527688
2015-03-23,0.2002070397964808,9.65,KERVILCO,0.0,491.2541954373368,144.79313791584818,8.895933582970699,-1.8777964057979808,475.16529083480447,3.2032855333200865,0.5625352015876439
2015-03-24,0.19688754483612467,9.49,KERVILCO,0.0,532.1758509831383,144.50993638776313,6.067724886882611,-5.805590486229766,350.7649033020819,3.057120268072988,0.4400815939695789
2015-03-25,0.1697091798482086,8.18,KERVILCO,0.0,486.8440042806545,144.50993638776313,1.6680869168008232,-8.713961640085337,296.3356741110913,1.9298824624116209,0.258862271372885
2015-03-26,0.1914933655255459,9.23,KERVILCO,0.0,651.0030679574869,144.50993638776313,7.669170087861335,-9.684500003621872,217.86974022620208,2.975880137323234,0.4531959576952425
2015-03-27,0.19190830239559042,9.25,KERVILCO,0.0,593.8209626601898,143.35892381922298,11.279424982282595,-3.25955874641177,354.5910081503209,3.884769873779186,0.6376589842494972
2015-03-28,0.22199122547381808,10.7,KERVILCO,0.0,586.1818880640541,141.45506811292708,12.7775754930969,-1.4689031963455343,398.6753466047824,3.881879942821212,0.7006200936637085
2015-03-29,0.2510368063769345,12.1,KERVILCO,0.0,567.0044997509362,139.42215935495514,12.281185625365149,-1.15962430259074,417.5635865795319,4.01432562605886,0.7483869245959092
2015-03-30,0.2676342811787153,12.9,KERVILCO,0.0,580.7202808163946,137.71992361393634,12.103376251009472,-1.9476160536288087,388.66721187019175,3.883262306897082,0.7493591341638021
2015-03-31,0.28423175598049605,13.7,KERVILCO,0.0,579.137955768569,135.78405386405652,12.64631390193152,-1.3902425921374657,402.12179782955417,3.7350762452282993,0.795334371920334
2015-04-01,0.2966798620818317,14.3,KERVILCO,0.0,492.38371643308113,133.73671731475685,9.866123923675886,-1.1257894887653972,462.1195127138033,3.5235326035931727,0.618070629216372
2015-04-02,0.27593301857960567,13.3,KERVILCO,0.0,580.5146928586477,133.64299458239722,7.3630268666348435,-6.362060166750847,287.8457584823492,3.0486943837208025,0.453891058684522
2015-04-03,0.26970896552893786,13.0,KERVILCO,0.0,595.517160660455,133.64299458239722,5.156312956360581,-9.233778217549627,234.8173404026022,2.8925301813808746,0.4006350242737736
2015-04-04,0.2614102281280475,12.6,KERVILCO,0.0,658.0118303746102,133.64299458239722,9.335054758547038,-8.169777698776441,223.4008899907186,3.165579527222788,0.6007681385167116
2015-04-05,0.2551861750773797,12.3,KERVILCO,0.0,578.5094034274222,132.23874878811165,10.916848065908578,-2.656558852315382,357.68568872877864,3.873121763798193,0.6843194358142807
2015-04-06,0.24896212202671192,12.0,KERVILCO,0.0,531.4536771395692,130.27808798904582,10.64679344148431,-1.3307636973901598,415.8239864514264,4.091107878818763,0.7309299983687421
2015-04-07,0.2302899628747085,11.1,KERVILCO,0.0,573.1744334334593,129.11724409095976,9.894445754577983,-3.237916878069393,347.9619412359503,3.994064352349002,0.6999172307160416
2015-04-08,0.2282152785244859,11.0,KERVILCO,0.0,625.8774959643805,128.97082294236768,8.323028504592617,-6.728809350620099,259.94945600231074,3.6239451453164593,0.556108566600865
2015-04-09,0.2261405941742633,10.9,KERVILCO,0.0,626.9416681196818,128.97082294236768,7.01106119078331,-7.967397371483606,240.13421111874703,3.2810612457143127,0.4624841441085012
2015-04-10,0.2240659098240407,10.8,KERVILCO,0.0,575.2119394851835,128.17159757474187,8.950245591067763,-4.097241045563818,327.96768369240226,3.040121228479673,0.5843758925670101
2015-04-11,0.21369248807292773,10.3,KERVILCO,0.0,560.3571043260474,127.18486206289786,9.045703649949305,-3.650242914419944,344.18820952480564,3.246494322909099,0.6116211042886632
2015-04-12,0.21161780372270508,10.2,KERVILCO,0.0,546.6354579904593,125.9103326135172,9.46570098677402,-2.965377514042842,364.4956528633584,3.776708761668516,0.6029693920139643
2015-04-13,0.21576717242315033,10.4,KERVILCO,0.0,626.5059809639532,125.06276133500708,11.170260886575402,-3.9814631807471295,294.8036117871063,3.5742118957455187,0.722866578802825
2015-04-14,0.2302899628747085,11.1,KERVILCO,0.0,622.908242923472,123.86923031030868,11.501981297680508,-3.1596070052914875,296.38733242182553,3.717851682366367,0.727694971573888
2015-04-15,0.2448127533262667,11.8,KERVILCO,0.0,541.8701534570185,123.71713796385018,5.171357367688434,-6.256732569189583,287.47338318194045,2.886597989993993,0.3791323966281568
2015-04-16,0.2448127533262667,11.8,KERVILCO,22.82179308262907,266.7379839328683,133.38145313895745,1.2339209988570092,-5.689028318255744,398.02597914579576,2.142528821365167,0.2504352823161138
2015-04-17,0.2199165411235955,10.6,KERVILCO,15.436324497597504,365.24438517488215,148.81802646367476,-0.540059231030149,-10.087302592609063,284.4307439935524,1.420257533002402,0.0905125553618264
2015-04-18,0.29460517773160905,14.2,KERVILCO,1.202645169705235,540.8389430889445,150.02045675945868,0.7936254940030262,-10.8536468221639,249.31637109349813,1.7504318825460976,0.1569548660460905
2015-04-19,0.2593355437778249,12.5,KERVILCO,0.0,538.3679348369085,149.8773247413297,4.405465380993684,-6.450101810256792,341.8292335199757,2.19513891614466,0.2540742571824149
2015-04-20,0.2448127533262667,11.8,KERVILCO,0.0,524.4090555343435,149.31384018714613,5.924142960077801,-4.661265171941579,384.2036734430538,2.689502376331267,0.334709301088115
2015-04-21,0.2282152785244859,11.0,KERVILCO,0.0,648.5562078199159,148.6911884000793,9.914017493100197,-4.517356809738777,335.3702508876186,3.348821233066321,0.4980926682126251
2015-04-22,0.2095431193724825,10.1,KERVILCO,0.0,589.3002683808296,147.29500817797168,9.758324217040236,-2.675761211557493,404.1524790739452,3.088140873800938,0.5215231426158631
2015-04-23,0.18983361804536783,9.15,KERVILCO,0.0,582.8951267789423,146.0297558814221,9.166616083163358,-2.9881311782897724,399.40689953056375,3.114536021411179,0.4814321766625284
2015-04-24,0.18049753846936611,8.7,KERVILCO,0.0,514.2637355911455,144.99059617182587,6.634329644412924,-3.526233410086316,418.3511782888604,2.994580051640395,0.4296424254655545
2015-04-25,0.17095399045834217,8.24,KERVILCO,0.0,608.5136702237545,144.12109562478838,8.692435513438928,-3.929636958339543,366.1069685278518,2.9779509433807143,0.4268967076867778
2015-04-26,0.18651412308501167,8.99,KERVILCO,14.932484475075796,310.0194452806288,142.93187974778303,4.54821702239153,-3.168733824589048,484.1600061481175,2.221805934532958,0.2480251568835896
2015-04-27,0.2095431193724825,10.1,KERVILCO,0.0,493.8141297652065,142.07368155021777,5.391774654518343,-3.956369837716212,428.3680843751739,1.7788877177645468,0.1831523602271963
2015-04-28,0.19066349178545683,9.19,KERVILCO,0.0,659.18517567986,141.75805060522575,8.707061688351214,-5.419961713053878,330.2695613237931,2.871888095561148,0.3698261900236276
2015-04-29,0.1946053920508798,9.38,KERVILCO,0.0,688.3585812829942,140.0534329038147,13.931561352405248,-1.942729344074748,391.3784061378696,4.10344069971427,0.673252239558055
2015-04-30,0.2365140159253763,11.4,KERVILCO,0.0,649.3496545374817,137.22198281344163,14.958074300429027,0.742829190559512,476.36838794236166,4.3044230565148585,0.8100398586857979
2015-05-01,0.29045580903116386,14.0,KERVILCO,0.0,565.553779732292,133.80089462626572,13.592423544529534,2.146157177524961,552.8274065436415,3.94795100966062,0.6552562995500991
2015-05-02,0.32987481168539323,15.9,KERVILCO,0.0,603.0438611741226,130.93007920826184,13.273735001465557,0.8334178572438735,477.7757349899378,4.077479847353955,0.6943676275844556
2015-05-03,0.3547710238880645,17.1,KERVILCO,5.87925894713982,420.09034154774616,128.23582988664248,11.6825643112876,0.4148787062803337,568.1294328978302,3.679113955756542,0.6150255302310462
2015-05-04,0.37966723609073566,18.3,KERVILCO,10.373997545262938,384.5593973176103,125.45580437044458,10.23278558704485,0.6188429648533958,616.8755503075598,3.137783574794582,0.4243712348641028
2015-05-05,0.553940721509434,26.7,KERVILCO,19.51392270826008,123.24153007625893,122.4318850719331,3.8376593093549656,1.1997284593423152,667.0391557192131,1.8651960930139275,0.1359092479015776
2015-05-06,0.6721977294721221,32.4,KERVILCO,9.434456742506832,292.7543806373281,119.73643977423636,7.314015173760515,0.4181438218538166,630.2568345868505,2.306528439248391,0.2196259604197529
2015-05-07,0.5954344085138858,28.7,KERVILCO,7.704398495413686,418.14370826654425,117.58817547204106,9.475892603756376,-0.8841136701331045,570.6083445161048,3.274885130525212,0.4242218714655548
2015-05-08,0.543567299758321,26.2,KERVILCO,8.827154479674666,427.280921775836,115.23460712980612,10.144313991099548,-0.3968413691952355,593.4280269135731,3.517319673674861,0.4900007239227377
2015-05-09,0.5414926154080985,26.1,KERVILCO,19.78562650416822,354.4349573782838,114.61534373885816,4.377428394499616,-3.5408908104302306,471.5158408815773,2.576095492045403,0.2630157029078149
2015-05-10,0.543567299758321,26.2,KERVILCO,4.011528064487425,358.1878995506631,114.12850714667634,3.1907873396931827,-4.351538056609422,442.3612685156425,2.303138546422256,0.2212421825785795
2015-05-11,0.502073612753869,24.2,KERVILCO,0.0,685.3142417554059,113.6840756051906,8.834051111407664,-4.981501459381172,392.4770415592565,3.549940629749781,0.4500055536436865
2015-05-12,0.48547613795208816,23.4,KERVILCO,0.0,647.319044761763,111.33377043383956,12.113129695565968,-0.4041938715373296,535.8522642367352,4.045822627413258,0.608914306315839
2015-05-13,0.49792424405342384,24.0,KERVILCO,0.0,568.0652801187689,108.67063658533633,10.327460005019082,0.3412938015365331,599.719313761251,3.2171481536718503,0.435611589019943
2015-05-14,0.5311191936569853,25.6,KERVILCO,0.2765601800525888,532.2166697890035,106.04654819230458,9.70816845768665,0.2485028771439176,599.4409007048047,3.7151632647415807,0.5039249847597427
2015-05-15,0.5580900902098791,26.9,KERVILCO,3.042937005332995,355.1214829321405,104.12239668139296,6.186680288752131,-1.4187294855905497,552.451295721468,2.82068524307183,0.3132029624191529
2015-05-16,0.5518660371592113,26.6,KERVILCO,2.4918458604966545,473.4530464135043,102.72268696459024,6.421999249365963,-2.6683345009398285,496.4417626844669,2.770291620798583,0.2858764029517913
2015-05-17,0.5165964032054271,24.9,KERVILCO,0.0,643.8616709341514,101.14304522913288,9.889028968590791,-2.2374656424399912,480.16666405270223,3.8440909584740166,0.4776357756417181
2015-05-18,0.5269698249565401,25.4,KERVILCO,33.74553547868364,369.359018006994,98.66447947256252,8.171457183090908,-0.0989950421837088,606.5370969388662,3.232017733103377,0.370138433591597
2015-05-19,0.8257243713885944,39.8,KERVILCO,11.868789027230775,372.28892779552586,96.94341063157904,6.211509100962654,-1.9032208562504207,532.0791890013378,2.140821036116374,0.1557254167601219
2015-05-20,0.7510357347805809,36.2,KERVILCO,4.492520719065468,464.8926163971364,95.6037826615282,8.565714619607245,-2.8021387047848725,497.4081671774033,3.3055464672227504,0.4098428915925147
2015-05-21,0.8402471618401526,40.5,KERVILCO,9.666717890808338,431.2846659915205,93.22618733210552,9.67117032671224,-0.2689923782063125,600.3956385493134,3.343047421084304,0.4196374553338266
2015-05-22,1.056014334263303,50.9,KERVILCO,2.306814757072884,474.67750060188206,90.7806373250048,9.146561155310964,-0.0932997241171213,607.5790682999547,3.443736740493255,0.3543377718625261
2015-05-23,1.1929435013779943,57.5,KERVILCO,2.8079651251600404,446.91666193939216,88.78507424244245,8.699314163288996,-1.1056217736181866,564.1704106122215,3.280695661761108,0.3944599559414524
2015-05-24,1.1804953952766588,56.9,KERVILCO,3.358364771370135,410.7272687212989,87.3193108685443,6.729753745494361,-2.34539515332894,515.9321657261838,3.0167345445305496,0.3818859081347293
2015-05-25,1.1555991830739878,55.7,KERVILCO,4.9557924846941,425.58165005598886,85.20362948095585,9.118805682114496,-0.642215564787489,583.50816614177,2.9570042098136984,0.3832934064753604
2015-05-26,1.1203295491202034,54.0,KERVILCO,3.919773703140968,480.3295207889833,82.87653635602669,12.121870511494752,-0.1291298125706426,605.1323697366659,3.9728233357411393,0.5188782034416229
2015-05-27,1.1555991830739878,55.7,KERVILCO,3.951649208401433,452.9775060386032,80.20836067368302,11.966128530623234,0.7109617005500237,643.0607279616027,3.8500740936221294,0.5354759500642048
2015-05-28,1.2012422387788848,57.9,KERVILCO,3.362169959946507,485.3145581293946,77.68747273962698,13.044643745522016,0.4263997884164582,630.4806647018754,4.035987902939575,0.558592248735902
2015-05-29,1.1514498143735423,55.5,KERVILCO,0.0,669.9538890555166,75.57845228505226,12.85405476499265,-0.5954048118512619,558.250692324838,4.124636916502404,0.5408691761864668
2015-05-30,1.2074662918295527,58.2,KERVILCO,0.0,695.521299750304,73.09581051715058,15.58191177918072,0.5200086503889728,585.9458559649443,4.5447912992112025,0.6896944583743617
2015-05-31,1.3443954589442442,64.8,KERVILCO,0.0,658.9333782106553,69.47912968067054,16.987300160030273,3.460816948676696,719.5876152894409,4.883397982071404,0.7742494405067675
2015-06-01,1.651448742777189,79.6,KERVILCO,0.8986313260338247,635.0568099061106,65.57933911179016,17.55847222781778,4.19011913722083,753.0233664822214,4.519711384887979,0.8146689923994672
2015-06-02,1.738585485486538,83.8,KERVILCO,0.0,666.9336541555302,61.80172172854107,18.67375038151797,4.083740005231031,728.3042182476801,5.365895863924283,0.9589980617425896
2015-06-03,1.9688754483612467,94.9,KERVILCO,0.0,653.8675499819252,58.02117675232818,18.46508799420868,4.271359703655128,744.6371055598712,5.422528672657062,1.0547296885725923
2015-06-04,2.219912254738181,107.0,KERVILCO,0.0,643.9584089798809,54.16962881552544,18.989623638457868,4.770524115503888,773.4667490051257,5.44457853184354,1.105885604890403
2015-06-05,2.282152785244859,110.0,KERVILCO,4.946359852801019,398.785067883987,50.80217813535489,14.017979789099943,3.91601511064391,809.754296423294,4.388725567211512,0.7070648261268724
2015-06-06,2.199165411235955,106.0,KERVILCO,7.236928214416272,335.510780605872,47.79497368942025,11.214562890692356,2.9939206663865874,757.8022195438327,3.1461340401486897,0.3455694729348777
2015-06-07,2.116178037227051,102.0,KERVILCO,5.381329748579828,416.1815155172488,45.18498112849142,13.200062248783064,1.905897630244412,700.7333771581639,3.724084850159078,0.4911561242903591
2015-06-08,2.0414894006190374,98.4,KERVILCO,0.0,645.4799089391461,42.472046292939694,17.78120661265822,2.501709424558009,683.5904518227218,4.866257484001011,0.8517717994876738
2015-06-09,1.9958463449141404,96.2,KERVILCO,0.0765838072917286,609.3413027229933,39.04007729022559,19.277313608769543,5.313733987366159,842.6358949409213,5.144512641434267,1.0239114431842051
2015-06-10,2.136924880729277,103.0,KERVILCO,9.612491430060002,285.1350378758981,35.58973317321479,13.417919921468796,6.346015759012014,958.8523790521282,3.5099957872082084,0.4984055890106274
2015-06-11,2.219912254738181,107.0,KERVILCO,4.44049684262578,436.2218177421951,33.18249018042502,16.132154364152854,3.640135430580788,793.8224780527725,4.05527165196215,0.5506638804849368
2015-06-12,2.0746843502225993,100.0,KERVILCO,6.7886615923877445,368.3838980061207,30.889925003635884,13.30023194781112,3.42641710988702,781.6547978279863,3.614977773797005,0.4613948757487967
2015-06-13,1.8174234907949967,87.6,KERVILCO,3.2821546594520044,472.1151291928885,28.64473989095661,15.721907069594138,3.9181252000875446,808.1724634568176,4.221013940688533,0.6470553687662416
2015-06-14,1.7448095385372058,84.1,KERVILCO,4.052583924145442,432.04264600764657,26.53769434506173,16.119613367366114,3.618080931992576,787.6908370983357,3.8542306163355367,0.6018509989457022
2015-06-15,1.665971533228747,80.3,KERVILCO,0.0,569.0687608957835,24.37201989020752,17.658873623196783,4.490835238271044,833.9888100933979,4.635603401832369,0.7691640144957271
2015-06-16,1.5871335279202883,76.5,KERVILCO,1.4156680239452462,492.6087846614124,22.27891133327367,16.650738080437815,5.269139134297968,887.0448421683792,4.482975174474589,0.6410346766761176
2015-06-17,1.5975069496714014,77.0,KERVILCO,0.0,602.1102199584274,20.396486151409224,20.81464941203069,5.2981980446590855,863.7538416259741,5.16112657620115,0.9241391152797026
2015-06-18,1.4937727321602714,72.0,KERVILCO,0.0,580.5584573607679,18.195732168647755,22.066804749720283,7.058752452516741,971.4427224572717,5.822548041506015,1.2291360176552522
2015-06-19,1.1804953952766588,56.9,KERVILCO,0.0,575.981394895686,16.099929673101045,22.34158627682489,7.218955119934847,981.3728257218264,5.609843569426111,1.2223144652982243
2015-06-20,1.056014334263303,50.9,KERVILCO,0.0,578.0513961958031,13.96784190735537,23.685735616702686,8.032084792391252,1032.2049543404798,6.466731542105096,1.3904957852662378
2015-06-21,1.0103712785584058,48.7,KERVILCO,0.0,569.5028610907357,11.825868898650178,24.50523250222242,8.815268711902382,1088.8509022373553,6.804847970881092,1.5419140450589723
2015-06-22,0.9626535385032859,46.4,KERVILCO,0.0,567.9110264970614,9.836027007655003,24.93638644790154,9.041118408819546,1105.4741520083992,7.229626057941441,1.6328112020265968
2015-06-23,0.9294585888997244,44.8,KERVILCO,0.0,570.6312869501241,8.121303124672318,23.526064314678305,7.522509394777045,1003.5758859759376,5.684414262252103,1.459875686732526
2015-06-24,0.8817408488446047,42.5,KERVILCO,0.0,539.9851372346781,6.614462442451386,21.71724140477861,7.089014009010664,989.9838329811654,5.554341141917591,1.140248443551883
2015-06-25,0.8506205835912656,41.0,KERVILCO,0.1902422550367137,566.0952532529823,5.412021276574058,22.65519522078275,6.264366886634877,924.2639271478236,5.443999020907571,1.1475196028802208
2015-06-26,0.7759319469832521,37.4,KERVILCO,0.0,521.5273785866113,4.2697387964359255,22.38554324515389,7.971825587103275,1052.8394379924412,6.09863945458091,1.2763756217625226
2015-06-27,0.730288891278355,35.2,KERVILCO,0.0,508.3660651607439,3.4353139950463008,21.80241186025119,7.897590090504845,1054.500384502596,5.04503450764661,0.9518336610172696
2015-06-28,0.6908698886241255,33.3,KERVILCO,2.835708957084035,400.1389076781551,2.838721505915528,21.361515446362336,7.048966079443564,999.4537529140728,5.100660419095986,0.973095177342652
2015-06-29,0.6742724138223447,32.5,KERVILCO,2.380676512069454,428.9927383061833,2.394623831763909,21.51051574578313,6.688851636997861,972.7847093595676,5.26134983335159,1.0417121210703932
2015-06-30,0.6058078302649988,29.2,KERVILCO,2.9164117674895653,401.9276418067394,2.003037813749057,23.76115134300986,7.947450680691632,1067.6995818412415,5.721329761366256,1.2297805011349785
2015-07-01,0.6141065676658893,29.6,KERVILCO,3.952268472872521,375.2637724598244,1.61439919532831,22.999170651987576,8.90348209112497,1140.8727143754709,4.944069562753757,0.9974999794832764
2015-07-02,0.5663888276107695,27.3,KERVILCO,2.502975608004472,362.47570496732703,1.2947169718869391,20.12296928394211,7.51320424530059,1036.8325587082204,4.238550752447964,0.6531918148884006
2015-07-03,0.5456419841085436,26.3,KERVILCO,2.0996183123565872,408.5412273967429,1.0594955269125934,19.93981169806969,6.905625090710609,992.1625154819006,4.146005843095163,0.6115215506279061
2015-07-04,0.48547613795208816,23.4,KERVILCO,0.4736837363950005,496.3708967287757,0.9206971289778244,21.711778014548216,7.118324853716141,1007.6891066558924,4.782462718724721,0.8387633376655309
2015-07-05,0.460579925749417,22.2,KERVILCO,7.19767131247198,329.66792522556216,0.7801161355367101,18.76911016183504,7.319103188540256,1024.2805247599267,4.575918661409963,0.7900814521110797
2015-07-06,0.45435587269874916,21.9,KERVILCO,9.15710955668018,320.28126325972573,0.6517400580679716,17.86191817968444,6.937266621937639,998.7517941301548,4.059746704063164,0.5580670074858659
2015-07-07,0.47510271620097516,22.9,KERVILCO,17.21921996083983,210.9162196584329,0.5450810431117072,12.470436545307876,5.907454987642695,930.968476634562,2.928984258151968,0.2249366535743276
2015-07-08,0.439833082247191,21.2,KERVILCO,6.858953765829346,264.93565435880186,0.4562723375525889,13.346219769167128,4.886541874387859,865.9207667765581,3.0984575556763043,0.3105933403233747
2015-07-09,0.4107875013440746,19.8,KERVILCO,6.644013527367841,326.9448207679921,0.3924644809210187,14.921176000504772,3.974843764962828,812.193577554713,3.806144440306203,0.4956077523689447
2015-07-10,0.36929381433962266,17.8,KERVILCO,0.0,489.2372792851274,0.331115097758544,16.62135273761819,3.728018376145805,798.3187823091695,4.374610810719221,0.6431501895959852
2015-07-11,0.33194949603561585,16.0,KERVILCO,0.4762849843044662,483.6120938327776,0.2605746904945482,18.157675321342293,4.504675740112876,842.7487841267179,4.7373900305930885,0.7768588124771516
2015-07-12,0.3153520212338351,15.2,KERVILCO,1.071969650762894,429.64003480764825,0.1673534972779322,19.996120215469887,7.475058729369084,1035.2545517672042,5.041323787015407,0.9059798689571812
2015-07-13,0.3091279681831673,14.9,KERVILCO,1.14551461820757,398.54533989402273,0.0975518279462633,18.510757734793707,7.825627448003362,1060.5315135777969,4.680200458314747,0.8107702501053969
2015-07-14,0.3651444456391775,17.6,KERVILCO,7.841116464220145,299.8508681542647,0.0487710885436541,16.340034290612163,6.673668783415788,979.715435901302,4.030694522427972,0.5966086921777262
2015-07-15,0.33194949603561585,16.0,KERVILCO,0.0,474.3007282943704,0.0173062459747587,18.160041853003538,5.6049276249868365,909.518567519689,4.221282085195476,0.629263070279368
2015-07-16,0.2966798620818317,14.3,KERVILCO,0.0,515.541726775663,0.00360021298112,19.068910143894342,4.642919398858374,850.388436297292,4.812268923849938,0.8341398471715046
2015-07-17,0.2925304933813864,14.1,KERVILCO,2.89871352968714,405.5271293328115,0.0,18.601878203297176,4.848713147017823,862.8401397982319,4.695690073247703,0.91818036310431
2015-07-18,0.28838112468094124,13.9,KERVILCO,4.162530716411809,334.5597734421146,0.0,18.19633096987101,6.684850431806391,980.5816086347056,4.513427025299693,0.8332615438616302
2015-07-19,0.2863064403307187,13.8,KERVILCO,1.1878103929995494,392.2557480702809,0.0,16.834754150563008,6.527570115377861,970.5464318527968,4.150340684538996,0.6150083146023158
2015-07-20,0.36929381433962266,17.8,KERVILCO,13.465564517093254,294.7107050592524,0.0,16.18592428706466,6.68290539904286,981.4441325072904,4.047162308613118,0.595011745222055
2015-07-21,0.429459660496078,20.7,KERVILCO,8.892490772894586,337.3143138643676,0.0,16.650268576806937,6.37479551315054,959.654634309987,4.004203890941731,0.5097420664461341
2015-07-22,0.3547710238880645,17.1,KERVILCO,0.0,521.2794633329474,0.0,19.78453320848545,5.640137427809441,911.8154847676104,5.000918113968348,0.8380817488356044
2015-07-23,0.31742670558405767,15.3,KERVILCO,4.109737110694892,414.98773572150657,0.0,21.49386313754085,7.609068602572456,1044.104755420018,5.138093875738268,1.0761679948528635
2015-07-24,0.31742670558405767,15.3,KERVILCO,0.0,497.3704798146457,0.0,20.07299621578604,7.000348088237585,1001.6492056155904,4.200194428190886,0.8926057839789515
2015-07-25,0.28423175598049605,13.7,KERVILCO,0.0,541.5561754429093,0.0,21.83048149689768,6.542301429908354,970.6764695208576,5.193740959385818,0.9992476378057308
2015-07-26,0.26555959682849267,12.8,KERVILCO,0.4906315912419218,488.8561303978225,0.0,20.244799178514047,7.031205302438999,1003.8391218428836,4.372597310099641,0.9173458608996752
2015-07-27,0.26348491247827005,12.7,KERVILCO,0.0,513.0190906537988,0.0,20.812550326717982,7.020301139841446,1003.1324151225632,5.004271119046555,1.0073962090221769
2015-07-28,0.24896212202671192,12.0,KERVILCO,0.0,551.9812211086856,0.0,22.37281524819672,6.295211793388539,954.0148787365029,5.589181966414442,1.1149405865303343
2015-07-29,0.2282152785244859,11.0,KERVILCO,0.0,519.0637130795698,0.0,20.7543069769914,6.647234706028794,977.974260298021,4.248853087865559,0.9917273637375804
2015-07-30,0.2199165411235955,10.6,KERVILCO,0.0,525.5367055032731,0.0,21.29281710750081,6.86625738132179,994.4327547831776,4.456880898361558,0.8419203919057845
2015-07-31,0.2199165411235955,10.6,KERVILCO,4.327565130618269,356.44058872702874,0.0,20.02078825520389,7.795283695579684,1057.7957371556895,4.512451147692783,0.8361933327213883
2015-08-01,0.2240659098240407,10.8,KERVILCO,7.736359527244264,354.0731567634664,0.0,19.505069133219934,7.911635211547765,1067.6981527237033,4.331033016852994,0.8153361394688522
2015-08-02,0.2468874376764893,11.9,KERVILCO,4.501928388582505,330.36932403309544,0.0,18.67912473624957,7.889133789603522,1066.1751389195174,3.703239088800123,0.749930788945376
2015-08-03,0.2468874376764893,11.9,KERVILCO,0.208248644032846,459.5855479898447,0.0,18.22328442204817,6.764651769235215,986.9269755392884,3.606483689798762,0.4578609817781994
2015-08-04,0.19253070770065717,9.28,KERVILCO,0.0,542.9634130990177,0.0,19.99776411423061,4.745410799555706,855.9881586658314,4.939543663779058,0.8220100049440814
2015-08-05,0.17136892732838668,8.26,KERVILCO,0.5848028350402416,546.9151111607989,0.0,22.80164533154761,6.6236032006157535,971.42018069201,5.302889204617133,1.2077323635292274
2015-08-06,0.15601626313673944,7.52,KERVILCO,0.0,496.59605898975656,0.0,22.71716381756067,8.924860422275877,1140.6861714398676,6.076440169677881,1.2824792785278154
2015-08-07,0.1450204360805597,6.99,KERVILCO,3.00785531985304,380.1346981767957,0.0,20.778102526303435,6.811016935758084,988.1378231489706,4.916489068904313,1.209019887991219
2015-08-08,0.14875486791096035,7.17,KERVILCO,0.6510688504666237,431.0236856803882,0.0,18.4328121552352,6.310234287321372,954.5923399052988,4.150530111650466,0.696840740567987
2015-08-09,0.13838144615984735,6.67,KERVILCO,0.0,505.0157851302039,0.0,20.21129541405664,5.955350901242648,927.7414086949811,4.831208429060134,0.9140182781436078
2015-08-10,0.1313275193690905,6.33,KERVILCO,6.093591891169401,372.62657415397575,0.0,20.80256063147697,7.104526640892761,1009.0013409373664,4.786612302609353,1.013449580047552
2015-08-11,0.1423233464252703,6.86,KERVILCO,10.179390691075724,322.8934084588345,0.0,19.08530070375417,7.910065838272793,1068.0064509677627,3.702510475830717,0.6857208649378909
2015-08-12,0.18506184403985584,8.92,KERVILCO,0.0,481.8112180657222,0.0,21.26132543079628,7.875565541516105,1063.6844103041597,4.330246398486312,0.8442906100620412
2015-08-13,0.13983372520500317,6.74,KERVILCO,0.0,520.3351338856756,0.0,22.931025535119154,7.271401279091873,1019.1430362857428,4.888884779054321,0.9607410941567144
2015-08-14,0.13568435650455798,6.54,KERVILCO,3.5699194766952207,365.0333797514117,0.0,22.54456291517352,8.334021497084569,1097.347513072991,4.734798659699471,1.0258000328026613
2015-08-15,0.1692942429781641,8.16,KERVILCO,3.3867165781226576,419.10825938962034,0.0,23.2182912275298,9.137542156105113,1157.544267648643,4.579563620356191,1.1490893800331392
2015-08-16,0.15290423661140556,7.37,KERVILCO,3.930939729945767,359.8769044213786,0.0,21.877218710682392,8.01739277848705,1074.4246260076943,4.165363607476118,0.9749909930608264
2015-08-17,0.15643120000678398,7.54,KERVILCO,7.466210763143672,350.8903924272342,0.0,20.043790221369004,6.78139231417692,986.7304974386155,3.823977262088136,0.7160254402952598
2015-08-18,0.1541490472215391,7.43,KERVILCO,0.0,500.4921702319926,0.0,19.264003456874583,4.55756546494124,840.4701536298614,5.191304818464673,0.934928631019697
2015-08-19,0.1267632137986008,6.11,KERVILCO,0.0,498.9470357068196,0.0,17.95761139003859,3.298821696806366,770.7563659885293,4.778297257754243,0.8591318229328456
2015-08-20,0.11825700796268815,5.7,KERVILCO,0.0,522.5661618869751,0.0,19.68309176965052,3.298860587382221,760.379837901869,5.1602480885098,0.9964623747956975
2015-08-21,0.11078814430188678,5.34,KERVILCO,0.0,510.9323298413124,0.0,21.186409567371232,5.12868055791602,863.021921597623,5.38066641362724,1.187466118417918
2015-08-22,0.10684624403646387,5.15,KERVILCO,0.0,504.8118661359594,0.0,21.294155964847093,5.455461392525308,883.0210981338236,5.482786761738927,1.1514724258404478
2015-08-23,0.10373421751112995,5.0,KERVILCO,0.0,463.91434560636577,0.0,19.99682208733338,6.079128166287716,930.023122719372,4.422973018276335,0.991855090870238
2015-08-24,0.10207447003095187,4.92,KERVILCO,0.0,484.2585020951039,0.0,21.94741795577209,6.911073183323919,975.812619476659,4.6096200798915365,1.2229218177381111
2015-08-25,0.10414915438117447,5.02,KERVILCO,0.2125296995114663,445.2474756770508,0.0,20.40987321729173,7.133374282926663,1002.3846014225362,4.239830816832603,1.1210981087436145
2015-08-26,0.1257258716234895,6.06,KERVILCO,5.596662337282313,298.6766109481152,0.0,17.739600300681776,6.573335998590122,973.2209408556236,3.869662930154511,0.8145439418448114
2015-08-27,0.14564284138562644,7.02,KERVILCO,0.1787065322663097,338.68500416256074,0.0,16.13763537160498,6.688529823755515,980.459036524302,3.4879377711248063,0.4957765154668221
2015-08-28,0.1153524498723765,5.56,KERVILCO,0.0,473.9558209783602,0.0,18.55916774918333,4.419130812976242,829.2137855127892,4.178060771288331,0.7330969743774494
2015-08-29,0.10497902812126352,5.06,KERVILCO,0.0,459.1775817068828,0.0,20.0896914614992,6.311562369030126,944.3003691596198,4.240041976268429,0.9104682053687716
2015-08-30,0.09916991194064023,4.78,KERVILCO,0.0,470.7238492424613,0.0,21.54402511172444,7.110014300454116,997.7285721390336,4.688443442699434,1.0651314574876154
2015-08-31,0.09916991194064023,4.78,KERVILCO,0.926888954531932,353.7837844619631,0.0,17.508560168096928,7.030889824382366,1003.2064610665612,3.694618204652259,0.6945100071973596
2015-09-01,0.09916991194064023,4.78,KERVILCO,1.1988536137470789,451.609558366459,0.0,19.31379987053345,5.3648158156698456,888.8743002618208,4.093547380108202,0.88086305964049
2015-09-02,0.09709522759041762,4.68,KERVILCO,0.0,425.2520769958405,0.0,18.941399963448475,6.438681915085558,962.358278501824,4.09242916082583,0.9048002412730076
2015-09-03,0.09958484881068476,4.8,KERVILCO,0.0,345.84353221938863,0.0,15.498032272050455,6.030615620055987,936.9524568365616,3.2844852089013155,0.6215817147489595
2015-09-04,0.11286282865210939,5.44,KERVILCO,7.120605635169357,270.31508529209657,0.0,15.063526977981333,5.124238810568283,879.5995837634292,3.1252953877826206,0.5635377754011051
2015-09-05,0.1427382832953148,6.88,KERVILCO,3.26775348812073,247.8857729482968,0.0,14.007895562490967,5.219034986810786,886.7276499356207,3.1108865793134286,0.4787710515862755
2015-09-06,0.13568435650455798,6.54,KERVILCO,0.4504039765261148,408.5963079216343,0.0,16.132585212984505,4.28618912457079,828.9049221121459,3.6842027350847135,0.6305875902867972
2015-09-07,0.12697068223362307,6.12,KERVILCO,0.0,430.0885845350746,0.0,17.844453386235234,5.282923679431781,886.6314728178246,3.90385537109281,0.7963603593649309
2015-09-08,0.11141054960695357,5.37,KERVILCO,0.0,442.8599142921469,0.0,17.606173197999613,4.43945359818761,834.3550606953208,4.147768932564487,0.8452727428918941
2015-09-09,0.10290434377104091,4.96,KERVILCO,0.0,500.83519438971183,0.0,19.00447840298843,2.593384917097907,717.9418180600956,4.46333513453155,1.044325827263004
2015-09-10,0.09585041698028408,4.62,KERVILCO,0.0,492.20572926618826,0.0,20.47214200818707,4.195707309290095,801.3889288315659,4.685753380271275,1.1656172102804587
2015-09-11,0.09211598514988341,4.44,KERVILCO,0.0,470.2768945411209,0.0,19.320802603611792,4.284841780289491,810.7103145660678,4.2867447291788014,1.037503532516648
2015-09-12,0.08983383236463854,4.33,KERVILCO,0.0,484.5235877217147,0.0,20.314523525053342,4.187749527745594,793.9323709406735,4.751814043052598,1.1281542701989506
2015-09-13,0.08755167957939368,4.22,KERVILCO,0.0,448.9236109790929,0.0,19.90834176273403,5.699656228742119,896.3078930308224,5.033500306876281,1.1830907111568405
2015-09-14,0.08609940053423787,4.15,KERVILCO,0.0,382.7105830610424,0.0,16.3097757875358,5.048998355722671,872.3077185532642,3.711884634859184,0.912049284287092
2015-09-15,0.09066370610472758,4.37,KERVILCO,0.0,383.86625105281627,0.0,16.60225023310466,5.323749964123999,889.8773427539719,3.847535129069634,0.7405716405784084
2015-09-16,0.08900395862454949,4.29,KERVILCO,0.0,419.8866841215718,0.0,16.870841858276002,4.101446547590275,812.9093550810628,4.081459187504489,0.7553561401582983
2015-09-17,0.08713674270934915,4.2,KERVILCO,0.0,446.8568934022692,0.0,17.893056012688323,3.777582114629273,790.8510815081975,4.319338078253051,0.8635864622350706
2015-09-18,0.0858919320992156,4.14,KERVILCO,0.0,457.82519190134747,0.0,17.480706760147154,2.668347812953248,729.4354757211408,3.96375852802828,0.7779010306070787
2015-09-19,0.08443965305405979,4.07,KERVILCO,0.0,475.4649886493418,0.0,16.81703201731384,0.8400239620977206,636.6003053760433,3.584557267537446,0.7965000939386655
2015-09-20,0.08112015809370363,3.91,KERVILCO,0.0,498.9381304853853,0.0,19.08299592462325,0.8686719245610908,628.853087239486,4.430042891497462,0.9996268891628912
2015-09-21,0.07946041061352555,3.83,KERVILCO,0.0,465.74769268586186,0.0,20.036189852004902,3.982830514876421,795.0465923201556,4.305737425581136,1.2476324545480677
2015-09-22,0.0786305368734365,3.79,KERVILCO,1.5853269466294344,323.5541755600359,0.0,16.939517480609602,5.613567279319843,909.9876225472038,3.317976939150992,0.9056772905230532
2015-09-23,0.08402471618401526,4.05,KERVILCO,0.2315603458783396,402.4753757347455,0.0,17.162629889559657,4.305044417262122,828.4965778249405,3.4031450485279504,0.6884886278340052
2015-09-24,0.07987534748357007,3.85,KERVILCO,0.0,445.2412643491011,0.0,18.764760542485543,3.690519459747181,787.7333346380815,3.863709240395123,0.9576960509876448
2015-09-25,0.07531104191308034,3.63,KERVILCO,0.0,452.03512768020113,0.0,20.13420250549805,4.199726152815147,813.8789951390094,3.879609997754628,1.095542891686588
2015-09-26,0.07531104191308034,3.63,KERVILCO,0.0,451.9686084458016,0.0,21.119891813862825,4.668236988982616,840.2637681692263,4.288948492989406,1.2353146787784783
2015-09-27,0.0719915469527242,3.47,KERVILCO,0.0,459.1438705841917,0.0,20.87787739069289,3.6716039288417273,780.8628921166053,4.605618699712208,1.2233910902296778
2015-09-28,0.06950192573245706,3.35,KERVILCO,0.0,431.84285589111954,0.0,19.66901996535497,4.198554793711982,817.8339648261207,3.947326623779785,1.0457924746688738
2015-09-29,0.07282142069281322,3.51,KERVILCO,0.0,393.593997349688,0.0,18.497170706976792,5.114519310705254,877.9562923104784,3.2493387925113524,0.8541771849893002
2015-09-30,0.07427369973796906,3.58,KERVILCO,0.0,370.3684586859482,0.0,17.23424079557738,4.757391429638483,856.0753774471258,3.154193921825589,0.8427176605341683
2015-10-01,0.08029028435361459,3.87,KERVILCO,0.0,411.9995159443546,0.0,19.39913579848066,4.644093369030167,844.4409121355675,3.1949275619658155,0.9286549698373868
2015-10-02,0.07904547374348103,3.81,KERVILCO,0.0,385.2913809097776,0.0,16.50353130334738,3.273041153941066,771.8754090702059,3.6454584416381257,0.7117983925176345
2015-10-03,0.07551851034810261,3.64,KERVILCO,0.052039532458174,382.2925434496545,0.0,14.80346607858062,1.6822531704779522,689.6781260411177,3.308894345710444,0.6878253986230847
2015-10-04,0.08443965305405979,4.07,KERVILCO,0.5839063595969375,329.8617037701761,0.0,12.658920136486916,1.832837510886857,697.5106574032479,2.814448609708656,0.5360273890084967
2015-10-05,0.09232345358490567,4.45,KERVILCO,0.672936338957231,266.37112731821884,0.0,11.35245583132061,2.7451978374378827,744.4934913117594,2.242883715640368,0.3824788538229526
2015-10-06,0.0952280116752173,4.59,KERVILCO,0.0,332.0452923379457,0.0,13.08556852689468,1.9960613724608296,705.0756869917008,2.280441999760712,0.4565427210776366
2015-10-07,0.08941889549459402,4.31,KERVILCO,0.0,324.9633184494359,0.0,13.14586301968739,2.100773678322266,706.1882262291964,2.416583628484856,0.5946604642484126
2015-10-08,0.08464712148908204,4.08,KERVILCO,0.0,380.1039003530424,0.0,15.215677334153073,1.428173771234111,650.2734490018496,2.5317768826785687,0.7019836920766974
2015-10-09,0.07634838408819165,3.68,KERVILCO,0.0,372.6661825206395,0.0,15.696543485550022,2.2049063268007245,689.3895001381768,2.900319681822617,0.6186348771970407
2015-10-10,0.07468863660801357,3.6,KERVILCO,0.0,400.2301930417427,0.0,17.74628162107937,2.460647569298209,681.0962326325524,3.759737673847018,0.8442897249040088
2015-10-11,0.0719915469527242,3.47,KERVILCO,0.0,384.6210934473731,0.0,16.84097731231251,2.363277761318382,687.5048809662736,3.911950970095909,0.7772416422412401
2015-10-12,0.07178407851770192,3.46,KERVILCO,0.0,404.7214763172059,0.0,17.842382953867595,1.872193271893796,647.9164459745421,4.341004561078373,0.984339926017588
2015-10-13,0.0703317994725461,3.39,KERVILCO,0.0,419.5091219621468,0.0,17.799671176110547,0.4173754611635862,560.5579030225847,4.0961514058944095,1.0269894068905414
2015-10-14,0.07116167321263515,3.43,KERVILCO,0.0,408.7014556698924,0.0,17.4616961614855,0.4921829551022,572.0122023029598,3.934582127552414,1.0418903134233413
2015-10-15,0.0719915469527242,3.47,KERVILCO,0.0,399.79101350458114,0.0,16.695084027167255,0.1302512396747558,566.3956547357855,3.321499590151585,0.914278009476065
2015-10-16,0.07614091565316938,3.67,KERVILCO,0.0,369.7395134366954,0.0,14.47817852986537,-0.1407460640436696,573.4226616834715,2.899601839754269,0.6525480532811996
2015-10-17,0.08091268965868137,3.9,KERVILCO,0.0,332.1021364672897,0.0,13.17460614820673,0.5530884167183373,615.7447760092838,2.350516656727121,0.5889068159925052
2015-10-18,0.08547699522917108,4.12,KERVILCO,1.2201776992445208,195.7524917354752,0.0,10.528227321479028,2.881062532708132,751.548316391188,2.105712876129951,0.4544555633850596
2015-10-19,0.10705371247148612,5.16,KERVILCO,2.753852113019741,177.43295248937403,0.0,10.288530169554884,2.1618425353371302,711.3708382679782,2.0288196808843346,0.3826886587848298
2015-10-20,0.10788358621157516,5.2,KERVILCO,7.224714644732503,217.1394425877985,0.0,10.506615115879724,0.2589012004127877,622.7184361495941,2.021149206036939,0.4074150696295177
2015-10-21,0.16037310027220691,7.73,KERVILCO,14.263590908301248,77.16617763570447,0.0,3.1409726784330294,-0.0507653664252343,608.8232144169202,0.962808827848737,0.0824550127283512
2015-10-22,0.1742734854186983,8.4,KERVILCO,12.065247759438684,92.8106927637181,0.0,3.087078632652306,-0.8534730927920946,574.3395343049468,0.8142561252464423,0.0339593678391123
2015-10-23,0.141286004250159,6.81,KERVILCO,0.0,214.5885747545416,0.0,5.2444394761222615,-1.7512285788243067,538.0744484965564,1.2439794097044783,0.1632527100658469
2015-10-24,0.1236511872732669,5.96,KERVILCO,0.0,296.31586839076056,0.0,7.606068670291488,-2.6458344213506604,502.5749342339135,1.5269597600626703,0.2875531734435364
2015-10-25,0.1076761177765529,5.19,KERVILCO,0.0,328.885004595581,0.0,9.391811891862156,-2.27867823668016,516.0146026352369,1.627155330695946,0.4451164431655028
2015-10-26,0.10829852308161966,5.22,KERVILCO,0.0,264.65634298716515,0.0,6.066196134120493,-2.6830791053563794,501.5559517509199,1.4101575421658632,0.2450260780430634
2015-10-27,0.10186700159592961,4.91,KERVILCO,0.0,373.2976033536772,0.0,6.898720839436862,-7.349412016716106,351.24082006247767,1.841342579036746,0.2871892055297175
2015-10-28,0.08900395862454949,4.29,KERVILCO,0.0,354.9007300494029,0.0,5.586031105033509,-7.487277964975056,347.92590893312604,2.283403283946507,0.3875194662575525
2015-10-29,0.09170104827983887,4.42,KERVILCO,6.7845625825652025,188.2800231351697,0.0,6.20149079752319,-2.120048580199509,522.7940822166041,2.0591625972482945,0.4548217067880831
2015-10-30,0.09128611140979437,4.4,KERVILCO,0.6502249442631742,247.621674575138,0.6502249442631742,2.3743362932287058,-5.845907593887347,395.62185999296014,0.9243563502181024,0.1219463424714292
2015-10-31,0.07883800530845878,3.8,KERVILCO,0.0,344.26082292488013,0.595522609852994,7.480444911097432,-5.137935172999378,414.3462052224842,2.1466744179249786,0.3623559858241751
2015-11-01,0.0786305368734365,3.79,KERVILCO,0.0,356.5877101934119,0.4539615977429689,10.65054880171218,-3.078818330931062,476.3488209834136,2.702354924214121,0.5517473419874284
2015-11-02,0.07593344721814713,3.66,KERVILCO,0.0,341.2633522746846,0.253533659066691,11.16740408648564,-1.7185288348779797,530.0212251578728,2.556185546022402,0.6661310535370422
2015-11-03,0.07614091565316938,3.67,KERVILCO,0.0,310.2646243045352,0.0689467900313298,9.239472240335532,-1.7951096458715283,535.2194203935342,2.497726023476841,0.5539343923440392
2015-11-04,0.08319484244392622,4.01,KERVILCO,4.361578985528539,248.76184007237748,4.230728423780683,2.7608702051899296,-7.217756487256829,356.81729806886887,1.194674211894608,0.1772892705865349
2015-11-05,0.08008281591859233,3.86,KERVILCO,0.0,254.9367821854541,4.230728423780683,-1.2200888430934065,-8.930175385178915,311.8979527446569,1.2075136385024765,0.1891146605281912
2015-11-06,0.1035267490761077,4.99,KERVILCO,0.0,345.8619473857739,4.230728423780683,-0.1614435486305703,-11.872897071396627,246.8811481368312,1.1478935431324933,0.1732911602922622
2015-11-07,0.15352664191647233,7.4,KERVILCO,0.0,392.43288947546495,4.230728423780683,3.8444101675885705,-11.658607332517072,249.79603578691217,1.322471264586751,0.2965944565091053
2015-11-08,0.19916969762136952,9.6,KERVILCO,0.0,385.6122654089771,4.230728423780683,5.66072342785808,-9.676144899843871,291.69847741282035,1.7301070877353006,0.4205875531444416
2015-11-09,0.2593355437778249,12.5,KERVILCO,0.0,364.983425075768,4.230728423780683,5.325064408113104,-8.51274731631192,319.12364873168576,1.7753066603607686,0.3863742368708658
2015-11-10,0.2095431193724825,10.1,KERVILCO,0.0,351.6879851869418,4.230728423780683,4.757666636015517,-8.141471158525544,328.7987555585437,1.6196335439082858,0.3369503507641587
2015-11-11,0.10580890186135254,5.1,KERVILCO,0.0,266.7222508692011,4.230728423780683,-2.6474679649656685,-11.404120058240776,255.7819143826346,1.265129348070688,0.1710349261809803
2015-11-12,0.157261073746873,7.58,KERVILCO,0.0,366.7529622757361,4.230728423780683,2.4753405863549287,-11.58095142762081,249.4470571085267,1.7141977207247567,0.3074380813460236
2015-11-13,0.18464690716981133,8.9,KERVILCO,0.0,381.6027104071596,4.230728423780683,5.183759955212479,-10.606371194827355,262.48684168015853,1.943890377743773,0.4584854508399534
2015-11-14,0.21161780372270508,10.2,KERVILCO,0.0,375.3749431731844,4.230728423780683,7.021720395493297,-8.449229968613245,304.71539510558284,1.958754348249501,0.5317514843254225
2015-11-15,0.2261405941742633,10.9,KERVILCO,3.937594750896158,280.93181536354825,8.168925822616192,4.027677951519639,-7.437838349880736,345.628054061026,1.384869476458915,0.4184988652115507
2015-11-16,0.16846436923807503,8.12,KERVILCO,14.504337889228395,172.21879647606477,21.36546369419452,-0.4215686712141303,-7.344617487162365,352.85051671517147,0.8502718042777522,0.1216106877241161
2015-11-17,0.13464701432944667,6.49,KERVILCO,0.0,243.3741094160111,21.36546369419452,-2.990960363247768,-10.257790415716473,282.9967645497446,0.9910358757664252,0.1287617564492922
2015-11-18,0.2095431193724825,10.1,KERVILCO,0.0,272.36135758693865,21.36546369419452,-0.8037073712530439,-9.730310811047891,292.06770376955865,1.5263763503291912,0.216998585716422
2015-11-19,0.1340246090243799,6.46,KERVILCO,0.0,329.04583743585613,21.36546369419452,2.2255083126513093,-9.329724456287217,300.5419219699557,1.5047992333521376,0.2430155340782089
2015-11-20,0.1387963830298919,6.69,KERVILCO,0.0,346.62767862403285,21.36546369419452,1.9083947230772955,-11.08957106985152,261.4456035086829,1.0166460019308998,0.1496480786400917
2015-11-21,0.18402450186474453,8.87,KERVILCO,0.0,354.36558420956175,21.36546369419452,-0.5509344104447856,-14.645238705194874,196.18689905728783,1.2953142329685017,0.2046828246380239
2015-11-22,0.30497859948272205,14.7,KERVILCO,0.0,360.0052798487201,21.36546369419452,4.627611059219206,-10.645515966382082,268.1869786745428,2.031806444587028,0.4047653334640051
2015-11-23,0.18526931247487807,8.93,KERVILCO,0.0,324.5160010452934,21.36546369419452,5.683669076291645,-7.160265210662517,354.687408399536,1.6228449982750428,0.4137842903876717
2015-11-24,0.16908677454314183,8.15,KERVILCO,0.0,304.92271567138346,21.36546369419452,4.563856462815476,-7.295275696517742,352.25395188063925,1.5650544043908416,0.3549239366829112
2015-11-25,0.19107842865550137,9.21,KERVILCO,0.0,289.2683362625375,21.215159518608207,5.411392655734718,-5.621470156614364,400.3550397318131,1.5041492019991742,0.3720329654347278
2015-11-26,0.09045623766970533,4.36,KERVILCO,0.0,305.04933027833806,21.215159518608207,1.7310681879657528,-9.97294895784863,286.43877262494897,0.6718961423631316,0.0917799822288943
2015-11-27,0.09211598514988341,4.44,KERVILCO,3.604827136550069,192.74783185052704,24.819159065561205,-3.2550221327271407,-12.469408357231872,235.2219625049485,0.3117938211871949,0.0212366990228285
2015-11-28,0.08029028435361459,3.87,KERVILCO,0.0,231.09107926762127,24.819159065561205,-2.443852441043058,-10.633861439655927,271.92380971452536,0.5345484152436752,0.0606244930804166
2015-11-29,0.1665971533228747,8.03,KERVILCO,0.0,240.62273204714992,24.819159065561205,-3.550705481325703,-12.011221258561989,243.5200586335789,0.5542435385233503,0.0750424084983301
2015-11-30,0.24896212202671192,12.0,KERVILCO,0.0,214.99830119018216,24.819159065561205,-8.665251110021432,-16.228700850316248,172.1966783710734,0.4889641037342659,0.0607514109248411
2015-12-01,0.21161780372270508,10.2,KERVILCO,0.0,305.12966057220547,24.819159065561205,-5.080343388548343,-16.843107401926,163.547482075475,1.1140231140909218,0.1680369922463392
2015-12-02,0.3008292307822769,14.5,KERVILCO,0.0,348.385899983009,24.819159065561205,0.1609357405731109,-15.1671012228989,187.8796630130227,1.3686966634400457,0.2568098614402969
2015-12-03,0.3029039151324994,14.6,KERVILCO,0.0,320.2743790248147,24.819159065561205,2.198858264608938,-11.076131618017763,261.91465367233445,1.43832158034766,0.3014924053528802
2015-12-04,0.2821570716302735,13.6,KERVILCO,0.0,311.8746920233974,24.819159065561205,3.617811722690535,-9.15508172881056,303.9375922331371,1.3569961647468336,0.3697694558935995
2015-12-05,0.28838112468094124,13.9,KERVILCO,0.7211354006459791,275.48470012579367,25.54091815102585,-1.151828894979687,-12.670361347521553,230.78811827744,0.8117667665132797,0.1396766933277043
2015-12-06,0.32572544298494804,15.7,KERVILCO,0.0,350.9909318048884,25.54091815102585,3.8503637316698938,-13.210511808867286,215.568721105436,1.6153210153326152,0.3893152261442013
2015-12-07,0.42116092309518766,20.3,KERVILCO,0.0,307.4904226642224,25.54091815102585,4.227298587412887,-8.754662427603595,311.31568424640835,2.062745030920168,0.4550495326116373
2015-12-08,0.3672191299894,17.7,KERVILCO,0.0,254.4256667316481,25.160920153203364,4.800558723130724,-5.094572236250652,416.6620509720878,2.103238794046815,0.4027165087797588
2015-12-09,0.29460517773160905,14.2,KERVILCO,0.0,282.6850284727348,25.095528634319432,5.478283243303723,-5.884911987540418,389.8565474510796,1.887951675236814,0.4028983699462604
2015-12-10,0.21576717242315033,10.4,KERVILCO,0.0,255.48463470102544,24.50979444152809,5.215732584154025,-4.605848738280102,432.59914348407216,1.669526976018312,0.3945469891875046
2015-12-11,0.1672195586279415,8.06,KERVILCO,0.0,187.90608768286063,23.60536248304556,2.9159295777723777,-3.846966496585297,460.0327534662428,1.4190880628097216,0.2997858684724082
2015-12-12,0.13381714058935765,6.45,KERVILCO,16.450096543214237,140.12681018156184,40.0551030344108,-2.1549276291155945,-8.725653383530405,316.3259059757103,0.4696185306928976,0.0582700958737347
2015-12-13,0.13049764562900149,6.29,KERVILCO,0.0,296.173716599404,40.0551030344108,-1.7970024313730462,-13.24455495785288,220.3322072254592,0.944578337134238,0.1594652614188168
2015-12-14,0.1180495395276659,5.69,KERVILCO,4.051132434553198,208.8647816854049,44.1064505718785,-2.606520236870556,-13.011130041109933,224.54781946577864,0.8058917240423553,0.1453087501787437
2015-12-15,0.10892092838668646,5.25,KERVILCO,0.7437300033241832,212.041790289211,44.84969307641564,-8.701126417857129,-16.244569989227546,172.29344031975074,0.4626303422794553,0.058385865246389
2015-12-16,0.08817408488446045,4.25,KERVILCO,0.0,259.3617734540613,44.84969307641564,-8.845842739067272,-18.048878865449712,147.76288361847844,0.6709686042738771,0.0972284771077312
2015-12-17,0.03672191299894,1.77,KERVILCO,0.0,234.9917511400664,44.84969307641564,-9.254042429938451,-17.69877672945972,152.13215696006,0.8442354826759622,0.1251447896968445
2015-12-18,0.0,0.0,KERVILCO,0.0,327.26572750112246,44.84969307641564,-1.396745200271558,-15.075871013269296,189.54012162528863,1.5410117703917614,0.2685645761577061
2015-12-19,0.0,0.0,KERVILCO,0.0,305.791890587657,44.84969307641564,1.453239818423722,-10.65582310080366,271.4287149214093,1.1572019905640334,0.3032244792400408
2015-12-20,0.0,0.0,KERVILCO,3.3379142169591254,174.8422881652543,48.18797773164638,-1.896363167651289,-10.231580358349564,280.7707966342473,0.8915491081415481,0.1628474870433918
2015-12-21,0.0,0.0,KERVILCO,4.689777060295437,154.57676072863433,52.87743719765552,-3.5144540852545103,-9.667501234293407,293.7926140825491,0.9714028894720786,0.1718162685461137
2015-12-22,0.0,0.0,KERVILCO,15.572022211333094,143.19233423886595,68.44992961460197,-2.1810881530402466,-8.360459211927767,325.7742066361941,0.7229759798923123,0.1370117883808339
2015-12-23,0.0,0.0,KERVILCO,3.200118127319366,260.5632891364751,71.65004502461123,-6.245028816845599,-17.164246098633665,159.23430503786062,0.3760722325108485,0.0412786605941364
2015-12-24,0.0,0.0,KERVILCO,3.879565093899,255.9134294092824,75.52947957070393,-8.057532190225324,-21.30623636724612,111.5118999891855,0.6098779251022406,0.095754124523067
2015-12-25,0.0,0.0,KERVILCO,6.083910679453039,227.3915670803076,81.61297693716217,-5.6662344221449805,-16.46650130352614,168.80809906382623,0.3995676507047678,0.0498048083287761
2015-12-26,0.0,0.0,KERVILCO,0.0,284.9539790742984,81.61297693716217,-10.980006008409058,-20.51783969053147,119.40630302595494,0.4624485629074413,0.0693537149381103
2015-12-27,0.0,0.0,KERVILCO,0.0,355.05259116346286,81.61297693716217,-4.939094532143434,-19.407822789362346,131.4587488044007,0.8732946097348987,0.1825782746852113
2015-12-28,0.0,0.0,KERVILCO,0.0,341.8543084087374,81.61297693716217,-5.150169356706865,-18.436555118173,142.87190427447248,0.8983963576990699,0.1816990942239944
2015-12-29,0.0,0.0,KERVILCO,0.0,309.39283361413044,81.61297693716217,-5.98673787305353,-17.043468467281055,160.79562399408073,0.6223760631067704,0.1257795588526823
2015-12-30,0.0,0.0,KERVILCO,0.0,257.0760177993636,81.61297693716217,-9.142311711044922,-17.842809254411236,150.28873840547328,0.4580871154286453,0.0670661022746862
2015-12-31,0.0,0.0,KERVILCO,0.0,335.5063295362159,81.61297693716217,-7.428084279966373,-20.093290711578994,123.9058542750782,0.6247091518595335,0.1307248375864339
2016-01-01,0.0,0.0,KERVILCO,0.0,339.4520467853574,48.98728098956118,-5.450190324441538,-20.127869283810643,123.52519687478554,0.765079368674566,0.1227569788813884
2016-01-02,0.0,0.0,KERVILCO,0.0,335.358407191336,48.98728098956118,-2.34558716082842,-16.66698585550368,165.98054449200686,1.1321520397601317,0.1672579996953023
2016-01-03,0.0,0.0,KERVILCO,0.0,347.3680634076044,48.98728098956118,1.8176030751881416,-13.77261823092652,210.92155885298132,1.2199860346074916,0.2427153856619389
2016-01-04,0.0,0.0,KERVILCO,0.0,300.09956025145857,48.98728098956118,-0.2401161388355884,-11.965664055862268,244.3932614700477,0.9929852567216187,0.152009585084925
2016-01-05,0.0,0.0,KERVILCO,0.0,223.3245801483588,48.98728098956118,-1.5205181232080187,-9.529767736389427,296.7723418315087,0.8210641811153531,0.1401660507173908
2016-01-06,0.0,0.0,KERVILCO,2.7099830670141123,153.48230609511066,51.69680367901039,-2.4738551163302445,-9.7770829735324,291.0255437429953,0.6839173443364781,0.1241003622051039
2016-01-07,0.0,0.0,KERVILCO,0.0,235.49480481316127,51.69680367901039,-3.9934614628830096,-12.34953882271294,236.9622974454781,0.5748926918650069,0.1215220795957535
2016-01-08,0.0,0.0,KERVILCO,4.307349209912245,146.60130238413225,56.00411306660939,-6.803607884002706,-13.604817125897313,213.9098896890952,0.465315632162854,0.096850021483785
2016-01-09,0.0,0.0,KERVILCO,0.0,272.1312212542105,56.00411306660939,-6.367282932266644,-16.15861409696889,173.21398192317446,0.6748926863746201,0.1243822164849661
2016-01-10,0.0,0.0,KERVILCO,0.0,309.84440775632595,56.00411306660939,-7.417401773450158,-18.98125290544587,136.36967637651497,0.7358157830204071,0.1178193715040285
2016-01-11,0.0,0.0,KERVILCO,0.0,360.7440327842408,56.00411306660939,-5.5033835720363,-20.66046920877412,117.94349517268807,1.1278027658204526,0.1647599098233231
2016-01-12,0.0,0.0,KERVILCO,0.0,367.1760167017828,56.00411306660939,-2.009794345779041,-17.835233039115888,150.38723696947045,1.493956944644243,0.2084832434122513
2016-01-13,0.0,0.0,KERVILCO,0.0,366.0970507049231,56.00411306660939,0.4650387675641642,-15.13985558929652,188.5198859113579,1.4799773732436357,0.2955781887199101
2016-01-14,0.0,0.0,KERVILCO,0.0,285.10116662757304,56.00411306660939,-4.065699632816565,-14.193076797469615,203.8963957759236,1.0758111422769858,0.1392812201824725
2016-01-15,0.0,0.0,KERVILCO,1.290985324887293,232.27947320792453,57.29506380215036,-5.281499116044922,-14.272478762142969,202.56353805870515,0.8338491175857896,0.1369006035195596
2016-01-16,0.0,0.0,KERVILCO,4.9832937380648,186.304652095202,62.278705693652704,-6.149447263693407,-14.616581167826771,196.9009617396763,1.007001439131325,0.0843186578522295
2016-01-17,0.0,0.0,KERVILCO,0.0,257.48230519053084,62.278705693652704,-3.4151086560028245,-12.171326415343858,240.3692752340146,1.1045622522531624,0.1613377271371513
2016-01-18,0.0,0.0,KERVILCO,0.0790938732052899,328.88766065462164,62.3577260366514,-0.1308668569438321,-12.254718290526185,238.7092445776953,1.3972047581569054,0.2169282214179863
2016-01-19,0.0,0.0,KERVILCO,0.0,317.10550940659186,62.3577260366514,-0.4924122331151556,-11.66497552156456,250.39583592444853,1.0287611160848449,0.2153961584628994
2016-01-20,0.0,0.0,KERVILCO,3.4935546290167974,214.17837314911,65.85131362892697,-3.702324713802674,-13.515575174951966,215.51191374423416,0.9287611067777052,0.1683078749441715
2016-01-21,0.0,0.0,KERVILCO,0.0,340.159168663963,65.85131362892697,-3.505920599353543,-15.587734858766224,181.6658581849251,1.223546634862548,0.1011680145179732
2016-01-22,0.0,0.0,KERVILCO,0.0,399.9010021230916,65.85131362892697,3.027906906362388,-13.805400446970204,209.67817604004264,1.5608199539368957,0.3541652558746483
2016-01-23,0.0,0.0,KERVILCO,0.0,366.4593225817868,65.85131362892697,2.814420485075236,-10.737147849759127,269.53291407272843,1.6989517721739948,0.3953449148028343
2016-01-24,0.0,0.0,KERVILCO,2.136083003141841,256.0341207671771,67.987355953548,-1.2810166054665757,-11.342362289273844,256.96822563253386,1.1311670473453306,0.2260114464826152
2016-01-25,0.0,0.0,KERVILCO,0.0,325.91379719073115,67.987355953548,-5.161500759804842,-15.897592361443596,177.22737743541066,0.841858833963782,0.1300425936330127
2016-01-26,0.0,0.0,KERVILCO,0.0,385.0902340146915,67.987355953548,-4.387471621748428,-18.41214972464901,143.18384098137906,0.9748926795618672,0.0959615332907295
2016-01-27,0.0,0.0,KERVILCO,0.0,412.6647923434539,67.987355953548,3.271882803157413,-13.299650241989792,218.07848292525907,1.7156999723149091,0.3202252836319609
2016-01-28,0.0,0.0,KERVILCO,0.0,393.4309267181988,67.987355953548,4.106995778592994,-10.428331211495411,274.6858929678555,1.801757009496451,0.3293108388675929
2016-01-29,0.0,0.0,KERVILCO,0.0,339.8343711787782,67.987355953548,2.4677804438018884,-8.8345329759363,312.20674614203216,1.8504142790307845,0.2319263914263882
2016-01-30,0.0,0.0,KERVILCO,7.0258214402875545,229.73932445285325,69.50760881717756,3.920331107352658,-5.85017602683534,394.8765831241189,1.5490765760021958,0.2913104435578666
2016-01-31,0.0,0.0,KERVILCO,13.671210936780245,156.2972316279245,83.17888130839702,-2.510268195706528,-8.428938810886677,323.952316013542,0.7579714511996728,0.1457878248104398
2016-02-01,0.0,0.0,KERVILCO,15.869202687107126,228.75380028999524,99.04800369441936,-4.163419184052113,-12.83304748850604,228.04953664798904,1.742085105674421,0.1701643894472113
2016-02-02,0.0,0.0,KERVILCO,0.0101487473050574,303.95416288555793,99.0581754032163,-9.960670854663626,-18.15743577321244,146.63374622506566,1.9815646429267533,0.1251359337578895
2016-02-03,0.0,0.0,KERVILCO,0.0,379.1541484690465,99.0581754032163,-12.560609893637617,-23.586186834406853,91.07873170506176,2.345000140298279,0.0344936932824483
2016-02-04,0.0,0.0,KERVILCO,0.0,440.4906027875985,99.0581754032163,-8.326463665638046,-22.981281765240933,96.1324211814464,2.309853230326874,0.1082732685405912
2016-02-05,0.0,0.0,KERVILCO,0.0,420.9132678182442,99.0581754032163,-5.928725191727363,-19.33590727679753,132.2972345132883,2.482063867657766,0.1017287285703239
2016-02-06,0.0,0.0,KERVILCO,0.0,460.1895538519981,99.0581754032163,-1.056692619293344,-17.72606337242232,151.78374343419654,1.9083291445511208,0.2241585964278046
2016-02-07,0.0,0.0,KERVILCO,0.0,404.8713002014009,99.0581754032163,1.2984459791759544,-11.438304525473557,254.97082025223867,2.312482108308497,0.2688229978694474
2016-02-08,0.0,0.0,KERVILCO,0.0,441.7097945780584,99.0581754032163,4.535864391730259,-10.605756560441744,272.4118179778784,2.35202821916536,0.4073724617026165
2016-02-09,0.0,0.0,KERVILCO,0.0,437.53410658484586,99.0581754032163,5.28540279853285,-9.48453491859351,297.68631166067985,2.7574456471626645,0.4752514040768433
2016-02-10,0.0,0.0,KERVILCO,0.0,449.2966712559922,99.0581754032163,6.9703676805714885,-8.530996345084485,320.1467010253305,3.211726746302565,0.55661141932207
2016-02-11,0.0,0.0,KERVILCO,0.0,442.5426811225117,99.0581754032163,6.700362377890944,-7.987911238947556,333.8146735815226,2.613623464291181,0.4375448391386438
2016-02-12,0.0,0.0,KERVILCO,0.0,438.9837344893402,99.03521116254868,8.146486326952447,-6.128909515424527,384.74355406924775,1.484972210431202,0.5466031122376632
2016-02-13,0.0,0.0,KERVILCO,0.0,432.49211065106965,99.03521116254868,6.465849714633659,-7.244874375119811,353.9251552024644,1.3120062398313908,0.5104981560212579
2016-02-14,0.0,0.0,KERVILCO,0.0,328.733918027423,99.03521116254868,2.0977345235499,-7.083715680950569,359.171049605685,1.5436358239812498,0.246747863470312
2016-02-15,0.0,0.0,KERVILCO,0.0,344.0464431962246,99.0351475903541,3.08482212669388,-6.627487259241813,371.9752710045431,2.115600110556194,0.2891790636836112
2016-02-16,0.0,0.0,KERVILCO,0.0,404.0435638707005,99.01986799849112,5.808462283213896,-6.209816316745708,382.95970129689846,2.806884955631541,0.4554320976476789
2016-02-17,0.0,0.0,KERVILCO,0.0,442.9819244062844,98.74724199812265,8.505045459780701,-5.352269135601752,406.2843154978822,2.173015852628392,0.5248633907510176
2016-02-18,0.0,0.0,KERVILCO,0.0,409.412510447937,98.237654097318,7.32328608753971,-4.785669340047537,425.6309571061959,2.136760797553291,0.4595630692386822
2016-02-19,0.0,0.0,KERVILCO,0.0,440.8620352663655,98.237654097318,6.583991190537546,-6.950480206556751,359.1105712045708,1.8771155564694808,0.3957698597598126
2016-02-20,0.0,0.0,KERVILCO,0.0,406.015132088966,97.78653455517632,6.84685935852258,-4.925778189553092,421.4022764246744,1.7997337818336163,0.4370190619198575
2016-02-21,0.0,0.0,KERVILCO,0.0,464.76062095702775,97.78653455517632,6.250530435600152,-7.970761376503703,329.6148783386195,2.263944635874879,0.39824032482619
2016-02-22,0.0,0.0,KERVILCO,9.478208066286502,286.89699979111043,107.26446578444818,0.4941323085310798,-9.815576853432724,290.30890328137326,2.328751091036613,0.2381145352209663
2016-02-23,0.0,0.0,KERVILCO,0.0,402.3151836691671,107.26446578444818,-4.094469726879043,-14.762242175978097,194.7285815971369,0.8160027913898721,0.1365132627389577
2016-02-24,0.0,0.0,KERVILCO,0.0,513.6837615321938,107.26446578444818,-0.4528651286448009,-16.74822431630784,164.16258849061825,0.8342284689425298,0.1681421577795576
2016-02-25,0.0,0.0,KERVILCO,0.0,522.9691246245721,107.26446578444818,4.379388038594253,-12.66077900183569,225.7912360480104,0.442727369832293,0.2858873249366713
2016-02-26,0.0,0.0,KERVILCO,0.0,521.6953910255643,107.26446578444818,7.465810134801123,-9.3264190867032,285.0257373053374,0.7198396105821202,0.4313703306121701
2016-02-27,0.0,0.0,KERVILCO,0.0,485.6358114301391,107.26446578444818,7.168439992719521,-7.09762837207598,342.45330032450704,1.2009483822443054,0.4640298154569419
2016-02-28,0.0,0.0,KERVILCO,0.0,448.73490161634896,107.09464254370072,6.866340894754001,-5.595896645800764,390.913224907184,0.9247812069214896,0.4306941459376951
2016-02-29,0.0,0.0,KERVILCO,0.0,409.1231899017116,107.08044129138996,4.761271526508373,-6.104571569247961,381.8249868005967,0.8532927440462853,0.3247865315725443
2016-03-01,0.0,0.0,KERVILCO,0.0,430.9748920010218,107.07939637864452,5.421904785395628,-6.255243745366969,374.810332255722,2.449602348206028,0.3639383062842778
2016-03-02,0.0,0.0,KERVILCO,0.0,363.1203240669452,106.3877151180538,5.038725165516552,-4.3535083803788295,438.5679168929668,2.5548168239107656,0.4097064983499242
2016-03-03,0.0,0.0,KERVILCO,0.0,486.1571226132373,106.3019305530005,8.152648805980892,-5.808274602117264,367.3695947419173,3.1383780749291392,0.4840008651167734
2016-03-04,0.0,0.0,KERVILCO,0.0,474.147255402104,105.61668485895552,9.12197464764612,-4.368940125614199,407.2924767661414,2.466536868777293,0.4700688704665317
2016-03-05,0.0,0.0,KERVILCO,0.0,468.628960356221,105.05972276634114,8.262028933467933,-4.673263782344323,403.4562011233329,2.439719134386889,0.4309151103951079
2016-03-06,0.0,0.0,KERVILCO,0.0,335.77443185350364,103.80037729373048,5.2650567473661045,-3.0011603630964405,488.09464727224463,1.980399973475553,0.3779042323235011
2016-03-07,0.0,0.0,KERVILCO,0.0,400.31907244602326,103.80037729373048,1.5787474664684282,-8.190892805676624,328.6986018056414,1.62349339103283,0.2085201825421823
2016-03-08,0.0,0.0,KERVILCO,0.0,524.9788513569496,103.80037729373048,3.772398239304542,-10.729319179535294,253.9543813663745,1.7877142123424534,0.2635875659020133
2016-03-09,0.06244799894170023,3.01,KERVILCO,0.0,501.3543417576027,103.80037729373048,3.165794476069376,-10.23348241218739,266.4035081564141,1.8370902684122776,0.2258547111869171
2016-03-10,0.13941878833495866,6.72,KERVILCO,0.0,578.4171682695895,103.80037729373048,9.307007068667549,-8.47725398477582,271.528911957562,2.648401047313819,0.4600266185270079
2016-03-11,0.1195018185728217,5.76,KERVILCO,0.0,549.9606038488639,102.80728989914334,12.11311369223752,-3.636190474130544,376.9135483004902,2.6090246657437257,0.6668733134213702
2016-03-12,0.09543548011023954,4.6,KERVILCO,0.0,477.2098351655946,101.56084373159054,9.047957788286965,-3.032162325342009,421.7506532473896,2.7100861670907377,0.4534790829929322
2016-03-13,0.09149357984481662,4.41,KERVILCO,0.0,466.5678474817505,101.1268447787626,6.591144714905759,-4.966305590775531,377.7443927080555,2.619473542188403,0.407020733143731
2016-03-14,0.09813256976552893,4.73,KERVILCO,2.936838039839821,337.8951900086504,101.87640344833586,5.263129701515528,-5.582369670888232,401.3092577954798,2.2188612646217347,0.4310076178778372
2016-03-15,0.09481307480517279,4.57,KERVILCO,0.0010621942564126,387.0013989614872,101.87746564203692,-1.5085191936266398,-10.186178505248124,281.5578322597029,2.0625935785980904,0.1882220206011838
2016-03-16,0.08402471618401526,4.05,KERVILCO,0.0,478.5973909904921,101.87746564203692,0.751122421300243,-10.71192403522126,251.4185066970825,2.226608107452651,0.1980157070176017
2016-03-17,0.13215739310917957,6.37,KERVILCO,0.0,542.7961667009347,101.87746564203692,4.911641891675205,-8.970535399421815,240.2292482007272,2.4923929581368123,0.3492785630742904
2016-03-18,0.09792510133050668,4.72,KERVILCO,0.0,467.8690722404807,101.87746564203692,3.154710336873042,-7.799835291715207,281.3011181711305,2.3378989189175945,0.3358340801883192
2016-03-19,0.09253092201992792,4.46,KERVILCO,0.0,551.7226966466174,101.87746564203692,2.965134599865387,-10.97097732326496,201.70416609665185,2.3179960697051327,0.3099011750036752
2016-03-20,0.10165953316090737,4.9,KERVILCO,0.0,616.9476438557059,101.87746564203692,7.30165353219151,-10.488738819357282,180.00024552174065,2.731386639037223,0.3947452672475714
2016-03-21,0.09564294854526183,4.61,KERVILCO,0.0,567.7923009155921,101.04987189654786,10.789942427421902,-4.031184661281688,291.71888201586864,3.449016648161444,0.6519809755238555
2016-03-22,0.09170104827983887,4.42,KERVILCO,0.3297347860135419,517.371895543486,101.18121645163473,7.000784013335678,-6.047752474235867,276.16253077115505,2.78738809037314,0.4382320064662684
2016-03-23,0.0910786429747721,4.39,KERVILCO,0.0,344.8272744226661,101.18121645163473,-1.9547079965813248,-9.398542135726798,275.1548236167664,1.6092409525594842,0.1631719393916667
2016-03-24,0.11555991830739877,5.57,KERVILCO,0.0,535.3405333451036,101.18121645163473,2.7085371611783096,-10.015834062731228,196.2202065164352,2.238351500021242,0.2787085257956306
2016-03-25,0.083817247748993,4.04,KERVILCO,0.0,499.3925205548193,101.18121645163473,1.9295996761364225,-9.250891465291197,212.3145546324301,1.952201215940237,0.2470017639929227
2016-03-26,0.1004147225507738,4.84,KERVILCO,6.817923194338396,306.6036636430227,107.999836095847,-4.591666486500541,-13.199335077924342,213.1957462546012,1.1828391860318517,0.1009004701091693
2016-03-27,0.14647271512571547,7.06,KERVILCO,3.58619014810855,476.50806581793535,111.58585649325144,2.1600422653428826,-14.852935719008473,150.7932210630722,1.988808982721609,0.1992738994752613
2016-03-28,0.12012422387788849,5.79,KERVILCO,0.0,574.3691263426394,111.57400548441836,7.219715515098127,-6.099554738087295,240.8181105071005,2.8947056724340414,0.4193730623701211
2016-03-29,0.08443965305405979,4.07,KERVILCO,0.0,622.0091965972299,111.57400548441836,5.516844361662482,-10.04218464325178,174.26890370405545,2.0865195801934764,0.3895354568997953
2016-03-30,0.08340231087894846,4.02,KERVILCO,0.6300585636866162,458.89274200148,112.20402116659046,-1.3107853409494574,-11.232870839771977,215.6950267898252,1.6813283980870577,0.1443169953151613
2016-03-31,0.10020725411575153,4.83,KERVILCO,5.492878758630826,370.85863189885146,117.6969584763052,-1.244444450280708,-11.777094596832836,230.0290745879913,1.488675921122995,0.1797647354176948
2016-04-01,0.18423197029976682,8.88,KERVILCO,0.0,641.1131187637754,117.6969584763052,2.2496652273337694,-13.800067523264348,142.66276572126785,1.8315496787957943,0.2218215673435968
2016-04-02,0.12489599788340046,6.02,KERVILCO,0.0,665.0524256712807,117.6969584763052,7.738888225548757,-9.976679929135576,165.4262260702827,2.6552726776880515,0.3866736567755086
2016-04-03,0.11286282865210939,5.44,KERVILCO,0.0,621.9699144998428,117.32091213319109,10.169128120705192,-5.1049425954457925,239.92807797270763,3.3667997541072503,0.5342404505170439
2016-04-04,0.12987524032393472,6.26,KERVILCO,0.0,605.449813722434,116.22587969089636,11.078434996008143,-3.3928045576723367,273.60135186107686,3.1671790920761023,0.6452943281874929
2016-04-05,0.1437756254704261,6.93,KERVILCO,0.0,600.025669543336,116.13847967346302,8.279427592518179,-5.970476528637533,238.3345210872028,3.2173471580523274,0.4613769863680126
2016-04-06,0.1479249941708713,7.13,KERVILCO,0.0,654.2357193414105,116.13847967346302,10.268621687809606,-6.9644863403266735,191.2880704324458,3.758600384283573,0.5235356461691987
2016-04-07,0.16825690080305278,8.11,KERVILCO,0.0,626.7277596408861,114.83086220821656,12.802255866349132,-2.8870659864491106,255.5914073973416,3.6760340686614175,0.6651266111335375
2016-04-08,0.20518628223701507,9.89,KERVILCO,0.0,529.4480970880996,113.018900880131,10.1069209402617,-1.6848610742552852,321.9019953056937,3.231233593945591,0.4943622504826621
2016-04-09,0.2261405941742633,10.9,KERVILCO,0.0,435.0325209605016,110.9719058672746,8.135349541613953,-1.128141156703056,400.7448099237969,2.9272436956086567,0.473651454034635
2016-04-10,0.2261405941742633,10.9,KERVILCO,0.0,517.0645048670758,108.94835651340964,9.883562294259722,-1.1808602005230413,338.97338784015903,3.284210169130084,0.5118435327592047
2016-04-11,0.2282152785244859,11.0,KERVILCO,1.3293068419438676,490.73314468695054,107.52935395518944,8.846009787717902,-2.621555717680635,326.71263626056486,2.7364480701414298,0.4647951766742946
2016-04-12,0.2282152785244859,11.0,KERVILCO,3.0154394297658347,412.2048261831027,105.86977676610448,8.878415359783832,-2.0501390946398947,387.025850499951,2.7527669867931013,0.4345549149547519
2016-04-13,0.2240659098240407,10.8,KERVILCO,0.0,611.1186050994398,104.57460716160983,11.269984340236132,-2.915920291398076,262.97400610114744,3.22216566792463,0.5516112550985499
2016-04-14,0.2448127533262667,11.8,KERVILCO,0.0,540.0638257674356,102.36891745816476,10.995282370295769,-0.7483148648831607,344.39939355394824,3.435256729633424,0.6066350476471487
2016-04-15,0.2572608594276023,12.4,KERVILCO,10.95880041388695,371.50153506332526,101.1389526627924,7.295991158168857,-3.0718678262962764,395.7696189427192,2.6829323514654844,0.3699920153246756
2016-04-16,0.20414894006190373,9.84,KERVILCO,14.328725814248102,244.15972295949425,114.9719752607193,-1.8046124839853943,-7.940147749148156,337.3233971852343,1.153778601337767,0.0883607869565364
2016-04-17,0.2717836498791605,13.1,KERVILCO,8.055010098831207,356.12216360279973,123.027730107962,0.7176979121412945,-8.568944142712187,313.8749768673286,1.6537786013377669,0.123070445651917
2016-04-18,0.24066338462582149,11.6,KERVILCO,19.45206078406892,350.1787422573439,141.57425418044008,0.6667102558433503,-8.12582076134164,331.8712410307507,1.707743498724529,0.1636341575792612
2016-04-19,0.2261405941742633,10.9,KERVILCO,6.646853027087966,349.741163956211,146.21805225783731,2.2375684620497736,-6.413890374099145,378.4379373414399,2.0494326266436045,0.1879301856816349
2016-04-20,0.2240659098240407,10.8,KERVILCO,0.0,512.9816414827136,145.82574985264617,4.73539249224269,-5.063847773840952,371.7073900811086,2.283764263384871,0.3380047260156934
2016-04-21,0.2510368063769345,12.1,KERVILCO,0.0,701.0444073078696,145.2986005134604,11.477768849915565,-4.745458395309503,299.2534722080049,3.3552726880670467,0.5456743488257898
2016-04-22,0.2987545464320543,14.4,KERVILCO,0.0,678.3307081087154,143.27157212522346,14.25915910044802,-1.1744131687726718,382.6091890195766,3.923443471011671,0.7156121247060917
2016-04-23,0.34647228648717404,16.7,KERVILCO,1.7222085769357136,584.099647322168,141.58212818857763,11.80484515961893,-1.9762304073137589,407.4483203769251,3.8288842183746814,0.6593424601614929
2016-04-24,0.37551786739029047,18.1,KERVILCO,0.0,607.9686976963385,140.4792478871835,9.151169034225695,-3.3744244862624653,369.6060023988679,3.68761103383547,0.5228993956824357
2016-04-25,0.39419002654229385,19.0,KERVILCO,0.0,683.5396443112138,140.2634177079578,10.026704967146904,-5.581853160564287,289.7320848665344,3.527200458299769,0.5646524162854751
2016-04-26,0.4045634482934068,19.5,KERVILCO,4.120984649861309,429.6865634472017,143.44016564865447,2.882864132065732,-7.432237510748433,345.0611018103127,2.4411500338242464,0.2502089748653984
2016-04-27,0.38174192044095817,18.4,KERVILCO,2.593768925846271,451.3168608899132,143.51674321596602,7.098778442592141,-5.100793990345946,392.5039525752592,3.086795756029117,0.3385371505497125
2016-04-28,0.39211534219207117,18.9,KERVILCO,9.59568301680354,351.15443993319275,142.39329685897806,5.159354426524337,-3.325184522200806,478.98332231162425,2.4115902470858464,0.2691111814769064
2016-04-29,0.38796597349162604,18.7,KERVILCO,18.346727620337106,212.3147792185901,144.0254647832937,0.1693424466762594,-4.633468779005081,434.1792305721064,1.660047937477255,0.1310548724288104
2016-04-30,0.37966723609073566,18.3,KERVILCO,5.161929723827785,409.0435224179361,147.96938285828912,3.372576293176309,-6.657114929147049,371.995162576444,1.9524408189005824,0.2477501550488081
2016-05-01,0.36099507693873223,17.4,KERVILCO,5.710978023272255,315.2859158869618,152.58635556624466,-0.1223413524966067,-7.248125164676462,356.5952556354068,1.7693387872625097,0.1180905795533016
2016-05-02,0.36929381433962266,17.8,KERVILCO,0.2139196724769641,660.1627939940255,152.241011051857,8.054911331425753,-5.179037969912362,322.75588895930963,3.081122078271498,0.495645403272915
2016-05-03,0.39004065784184866,18.8,KERVILCO,0.0,709.6143237790516,151.52207340292398,10.849730157054037,-4.288586418075946,316.8753828269774,3.788389752968025,0.6081238522521193
2016-05-04,0.42323560744541017,20.4,KERVILCO,0.0,724.1200832587693,149.4740276610228,15.083845196403072,-1.1217413761227708,372.060791185218,3.9398356178216174,0.80617084068124
2016-05-05,0.5145217188552046,24.8,KERVILCO,0.0,703.8752470003468,146.448067304747,16.478409442372904,1.2040993615155338,440.0715937284872,4.601763670378877,0.8305101316842592
2016-05-06,0.7261395225779096,35.0,KERVILCO,0.0,640.4358609691326,142.82356540968982,15.109549780914795,2.631205615697893,526.4523984539597,4.850640489124372,0.91385011849342
2016-05-07,0.9564294854526182,46.1,KERVILCO,0.0,621.3448741245518,141.5846259391414,8.517428356979712,-3.0500768615435394,384.6106701401806,3.321985975509356,0.4892472826832763
2016-05-08,0.9751016446046216,47.0,KERVILCO,2.973362622048897,469.5083436222388,140.91550068910666,7.300638943074578,-4.126205460735101,414.6917439865983,3.260976338679293,0.2707450669419369
2016-05-09,0.9481307480517279,45.7,KERVILCO,1.5176812788757137,505.9463530853344,139.17995872064694,8.603513369444883,-1.8649758756952133,467.3138729305038,3.377801067416338,0.3819749756017615
2016-05-10,0.921159851498834,44.4,KERVILCO,5.411136416919869,437.2805621495704,137.33984764263886,9.036394128386563,-1.6201154668653197,509.3851881803781,3.0342650839716843,0.4639885468449809
2016-05-11,0.9232345358490566,44.5,KERVILCO,0.0,579.1600555351885,136.50172238805155,6.510595962886688,-4.005211800355681,391.4421136086882,3.16106950565129,0.4281201889156236
2016-05-12,0.9066370610472758,43.7,KERVILCO,0.0,750.5678893041663,136.0305702480745,12.818534469775862,-4.881391973988332,294.06438559961583,4.199177992085659,0.701595955744174
2016-05-13,0.9605788541530633,46.3,KERVILCO,0.0,724.2425068322167,133.74859538552275,15.854260049696627,-0.5656111262864406,397.265046005856,5.00596657109052,0.830366713846548
2016-05-14,1.132777655221539,54.6,KERVILCO,3.1618854674891206,494.3777868303817,130.56515673804665,15.40018065898995,1.577572791444526,583.9868116881154,4.556580497264023,0.7833429912271875
2016-05-15,1.4730258886580454,71.0,KERVILCO,2.583886049570592,463.6988261435052,127.47983703398752,12.899052919387378,1.348333163108376,607.182536950774,3.705427421912121,0.6866639936800579
2016-05-16,1.4253081486029258,68.7,KERVILCO,5.441964690417347,381.5415165850947,125.26634794422274,8.515298994982812,-0.729445272690184,573.8434915343622,3.16036069009559,0.4541126737183713
2016-05-17,1.489623363459826,71.8,KERVILCO,7.531931041818317,251.7265307962873,123.25923282945976,4.536853369952419,-1.2224634721279408,559.5753570370803,2.900212937133499,0.2493141683204127
2016-05-18,1.3630676180962475,65.7,KERVILCO,3.444734616016359,359.480024775143,121.06447421690814,7.810626587599263,-0.7739349732556728,578.2044712313044,3.320588341743387,0.4266463644954552
2016-05-19,1.188794132677549,57.3,KERVILCO,0.6017892926129077,590.3891419834088,118.73503729874298,11.577292961112862,-0.4543096741197115,509.1542395201107,3.8752586880934894,0.5940607629793502
2016-05-20,1.1555991830739878,55.7,KERVILCO,0.0,648.7214960011503,116.01199728165813,14.106483990688067,0.4823802862701778,507.2255520961046,4.377311939653837,0.7898329420972912
2016-05-21,1.2717815066864533,61.3,KERVILCO,0.0,624.724277811786,112.24042736430768,15.742388602370356,2.980679506113246,607.6171007964034,5.181990574284571,1.0194462789068577
2016-05-22,1.5871335279202883,76.5,KERVILCO,0.0,624.6918799706352,109.18370395572543,13.89778010259908,1.2987414768644945,547.9422784184367,4.709031245977501,0.8360507165047615
2016-05-23,1.7738551194403223,85.5,KERVILCO,0.0,661.3660419376905,107.00789485416144,13.139398347081489,-0.7759558776365828,446.9917905683792,4.445253116486058,0.7554660400357812
2016-05-24,2.0062197666652533,96.7,KERVILCO,0.0,671.5763950511024,104.55211984205202,14.344436081097388,-0.0992406243836795,458.8326232337399,4.872137335801752,0.8735729286243926
2016-05-25,1.88381339000212,90.8,KERVILCO,0.0,637.7372778735461,102.03130163385892,12.969922498920264,0.0922065797159591,485.90124622918864,4.7148247248622415,0.7524431790354598
2016-05-26,1.7199133263345348,82.9,KERVILCO,5.366536558275396,409.9716517798242,99.76428718482956,9.819496864923597,-0.4673777900785947,579.8655250835949,3.467458693930634,0.4748773764446886
2016-05-27,1.697091798482086,81.8,KERVILCO,3.4221313763750145,403.804340191052,97.86114453723168,8.970235943472932,-1.346083990726482,542.8292500547734,3.604612118082912,0.5297234724234086
2016-05-28,1.582984159219843,76.3,KERVILCO,0.0,660.4901073306404,96.03928352623298,12.65749187762398,-1.4919713082470147,438.3798727506664,4.260976292972679,0.6955365861681219
2016-05-29,1.3858891459486962,66.8,KERVILCO,0.0,591.3125628752897,92.98583469198554,13.666289937638595,1.5887677561506484,572.7015926826575,4.227380060371293,0.8215766516601675
2016-05-30,1.346470143294467,64.9,KERVILCO,0.27114538674402,638.9977827041364,90.0308587312865,15.28028151864502,1.3418015984821496,532.444955504963,4.590815625846543,0.7270566779069034
2016-05-31,1.387963830298919,66.9,KERVILCO,0.0,650.7473940094484,87.20276934895625,15.763966256975316,1.0258813289920683,513.3083407428159,4.535196792979807,0.7282885820420311
2016-06-01,1.5518638939665041,74.8,KERVILCO,0.0,586.8765969901139,83.83284028863564,14.895044797605568,2.408950117351505,601.2446583179204,4.3027087969572255,0.7371558314877014
2016-06-02,1.5933575809709561,76.8,KERVILCO,0.0683301711577527,647.3439484419456,80.3852946692182,17.44201496853289,2.64045755095436,567.6174221119428,5.17591424318547,0.9587910579054658
2016-06-03,1.7966766472927707,86.6,KERVILCO,0.0,647.7451105622068,76.60048726348333,18.423289759076347,3.5054607218400613,597.2305679567557,5.588319876281989,0.8172656562831263
2016-06-04,1.9356804987576848,93.3,KERVILCO,0.0,653.927881486158,72.45706558922541,19.773795887704413,4.3933376467314025,624.3044330335047,4.663725001447582,0.9700858464380188
2016-06-05,1.9896222918634727,95.9,KERVILCO,2.6939669243924684,485.6678292725528,68.12078450452921,19.712087813576016,4.916505597846918,759.0992725899499,5.108013073373232,0.9698312860916332
2016-06-06,2.240659098240407,108.0,KERVILCO,6.0810841310956905,454.8156795902208,63.96363788481573,18.36220591218455,4.484743940854429,769.8644227887949,4.451336055947426,0.9119616534812196
2016-06-07,2.136924880729277,103.0,KERVILCO,1.2322551532853387,594.7303393912559,59.88744657920138,19.43344877325618,4.41745995477148,682.3804848326859,5.138168447097245,1.0729563121513843
2016-06-08,2.0331906632181473,98.0,KERVILCO,0.0,603.09661806537,55.564044279699694,19.61519413766185,5.45146217582936,727.4200641035078,5.137226715607079,0.9344261426968664
2016-06-09,1.9439792361585755,93.7,KERVILCO,0.8879145443179653,649.224439195149,51.901275246572816,21.612387625652488,4.288156475601433,635.3751304504348,5.775591477027279,1.2132634537945393
2016-06-10,1.9253070770065719,92.8,KERVILCO,0.0,600.209071245143,47.259153251746966,22.06692285649746,7.2615224228560304,813.553349131915,5.345798845406338,1.3073035800743815
2016-06-11,1.8360956499470003,88.5,KERVILCO,0.0,607.05818260609,43.213636899588685,20.69381813775925,5.775995789921062,737.7343807295989,5.384210206011138,1.0269039234485586
2016-06-12,1.8008260159932161,86.8,KERVILCO,3.114087387399267,432.5634670957646,39.3660016219464,19.456893953776103,5.546292631817574,856.1156776948427,4.7756646388517465,1.0367605067430798
2016-06-13,1.738585485486538,83.8,KERVILCO,0.0,613.1585267975756,36.46980063414868,18.153300719032515,2.995016471363219,617.2180046118862,4.657625351772186,0.8742334694696707
2016-06-14,1.6825690080305278,81.1,KERVILCO,0.0,634.4063738474835,34.1084519861782,17.839037250533906,1.3310162803756111,540.0974355456889,5.208987986227068,0.856974138701356
2016-06-15,1.4916980478100488,71.9,KERVILCO,0.0,642.0733776221376,31.20588966731537,21.15539615432187,3.3045209855240896,600.8035135212359,5.994459477475686,1.323028520856902
2016-06-16,1.3360967215433541,64.4,KERVILCO,0.0,595.2009935628153,27.9131922208794,21.243198244953543,5.231452856161905,715.1451234784821,6.0715284377682615,1.2162596907938097
2016-06-17,1.1701219735255457,56.4,KERVILCO,0.0,605.3715175189323,24.52815574742185,22.827409765398347,5.804195193743603,729.6009310661135,5.7736048340611,1.339790684245183
2016-06-18,0.9066370610472758,43.7,KERVILCO,0.0,628.4331307370732,21.213825759451403,24.866045032760308,5.882417895171826,708.884728696405,6.008189398017977,1.5401011693894553
2016-06-19,0.848545899241043,40.9,KERVILCO,0.0,594.0658533934694,17.46285486931401,26.55096343457688,8.883614495163062,888.4545040013197,5.85079368839351,1.5660537262374816
2016-06-20,0.8153509496374814,39.3,KERVILCO,0.0,540.6971190551178,13.710257832113268,26.01202252162585,10.655754846049438,1054.8287391435376,5.957482296997395,1.660727779546564
2016-06-21,0.8195003183379266,39.5,KERVILCO,0.0,520.3187079035954,10.717404057430484,24.627054005215665,9.783911666776184,1020.9307349584158,6.06440718441905,1.6251502446472008
2016-06-22,0.8112015809370362,39.1,KERVILCO,0.0,529.8684169346194,8.743067524962129,22.48865690247509,7.455212810655103,876.4551474082601,5.233316695716734,1.2732950698944192
2016-06-23,0.7157661008267966,34.5,KERVILCO,0.0,436.3379211395316,6.847192134499287,19.996510288258456,8.245250395881824,1016.21319950339,4.815120944476663,1.095572537768681
2016-06-24,0.6804964668730125,32.8,KERVILCO,0.0,466.022656221159,5.42951786469552,20.36552288110893,7.482823195947292,938.8700517713636,5.1752886406407645,1.124898667030218
2016-06-25,0.6016584615645538,29.0,KERVILCO,0.0,488.56179542994687,4.310604966935182,21.700339152965206,7.840966358227976,920.7226688445564,5.3367509083130455,1.2789624320628072
2016-06-26,0.5352685623574306,25.8,KERVILCO,0.0,562.5146289454899,3.521191917542059,23.498548720062352,5.841598613119924,733.7795511668251,5.751492446244275,1.4150866915638494
2016-06-27,0.49792424405342384,24.0,KERVILCO,0.0,513.5379652777535,2.6888709180264074,23.38841700032644,8.004678719182813,892.2121460452453,5.60650562942534,1.3814744921969222
2016-06-28,0.46887866315030746,22.6,KERVILCO,0.0,459.9383012481487,1.9692263027058003,21.26881929246968,8.0715337033986,954.259073115336,5.017433654559456,1.2175415256492217
2016-06-29,0.48340145360186565,23.3,KERVILCO,2.741526066279087,359.2422466767434,1.3774779476281165,20.04235539121052,6.032518395203043,915.7749899267924,4.979192054536293,0.932430863019444
2016-06-30,0.4585052413991944,22.1,KERVILCO,5.420196684500666,320.73484652912964,0.908466934177952,17.989367703797082,6.259043952707943,952.30173239591,4.144900339446543,0.6384426412098517
2016-07-01,0.4875508223023108,23.5,KERVILCO,7.0642291488379625,211.1142823943274,0.5170223949943373,14.379238650515644,7.143209871240262,1014.1504453578008,3.148540814479597,0.376119596342359
2016-07-02,0.5269698249565401,25.4,KERVILCO,4.182486454772734,237.08878436118243,0.2802675385145272,14.946994677370972,6.8652650437487255,994.955518085482,3.026967507408985,0.5677441788796342
2016-07-03,0.4522811883485266,21.8,KERVILCO,6.562592901400784,328.4785744178743,0.1218355487997268,16.6199860238802,4.608473256068207,848.3645834064513,3.959249246529441,0.653198235106585
2016-07-04,0.4107875013440746,19.8,KERVILCO,3.788157467524592,393.0592570338351,0.0338631009588241,20.273233544032745,4.393588894675257,825.0332416093813,4.891754002377681,0.8537882284941021
2016-07-05,0.36929381433962266,17.8,KERVILCO,0.0,526.396623195402,0.0,21.78142890430029,5.820572345737832,817.081143223106,5.474423555918276,1.1355429163217454
2016-07-06,0.33402418038583853,16.1,KERVILCO,0.0,508.8081359812505,0.0,22.155466424610008,6.918786407671398,892.4313479483154,5.8020530870593845,1.3257591973398015
2016-07-07,0.3029039151324994,14.6,KERVILCO,0.0,487.8232345812088,0.0,22.391881521178707,8.022019238183358,977.5539130292468,6.148670565454834,1.2185637868286543
2016-07-08,0.2821570716302735,13.6,KERVILCO,0.0,503.6539523028951,0.0,22.062906110803603,6.931600940012899,898.0508353247395,5.307527206482845,1.2550397673477047
2016-07-09,0.26348491247827005,12.7,KERVILCO,0.0,511.1486659741022,0.0,23.635920255514453,8.079960075996748,957.5434589038804,5.86726234750277,1.4508049660826094
2016-07-10,0.24066338462582149,11.6,KERVILCO,0.0,465.7930772884258,0.0,22.825489973903707,9.323345372230254,1084.6787231989638,6.4547037832360346,1.4646307739226587
2016-07-11,0.2261405941742633,10.9,KERVILCO,0.0,445.8190429632662,0.0,20.51695778862513,7.918273287205676,1006.1749062441834,6.159918147551033,1.1773967459901495
2016-07-12,0.21161780372270508,10.2,KERVILCO,0.0,540.6965314726684,0.0,22.510364387948623,5.657470619407556,790.3626194864077,5.792086705650246,1.3362380635349222
2016-07-13,0.1943979236158575,9.37,KERVILCO,0.0,518.9886754000947,0.0,22.99713185884676,7.145910947875277,889.2209879476051,6.188532761641103,1.4265062768885133
2016-07-14,0.18257222281958874,8.8,KERVILCO,0.0,513.3085062989761,0.0,22.673373555919703,7.111678488206707,893.4429154255312,6.175804411994849,1.3505570633685675
2016-07-15,0.19024855491541234,9.17,KERVILCO,0.0,507.0991457893165,0.0,22.27170766131826,7.149052252265991,879.1199533587499,5.282399874091176,1.2301573999443531
2016-07-16,0.20580868754208181,9.92,KERVILCO,0.0,531.5418606240485,0.0,23.492771994741915,7.150435246174391,819.599271529741,6.071694821423769,1.3639835623559342
2016-07-17,0.1935680498757685,9.33,KERVILCO,0.0,475.1934922992568,0.0,22.64896649528251,8.933811135412807,959.3031795573175,5.773947559526919,1.2541133434394605
2016-07-18,0.18983361804536783,9.15,KERVILCO,5.177339175501895,368.496126205202,0.0,22.79540337659703,8.501941695553997,988.7753534222132,4.557289275276988,1.0761525302987531
2016-07-19,0.2074684350222599,10.0,KERVILCO,5.808429678197843,321.0323811286358,0.0,20.18533951981263,8.563243481970948,1055.5623327042435,4.400003334618359,0.8676949168302021
2016-07-20,0.20186678727665888,9.73,KERVILCO,0.0,512.3766956464539,0.0,21.89288411951752,7.183987573555299,780.0931974156307,4.745911919667216,1.0082196972242492
2016-07-21,0.1848543756048336,8.91,KERVILCO,0.0,493.01689036495225,0.0,22.678256939589723,8.746117619340591,883.0219851228501,4.553266085593309,1.0881993971740993
2016-07-22,0.1887962758702565,9.1,KERVILCO,2.4618285466008465,424.3021420175464,0.0,21.60873680883373,8.312204218423291,937.5866528082274,4.898159811688815,1.0063345693600985
2016-07-23,0.17323614324358702,8.35,KERVILCO,0.0,541.272176462205,0.0,24.28738511245361,7.807707251044526,779.967136066847,5.3369404455377065,1.2523519986838356
2016-07-24,0.1599581634021624,7.71,KERVILCO,0.0,519.4099101575337,0.0,23.82146552845839,8.442892367818157,838.8437790785774,4.6268310896755525,1.259019675367799
2016-07-25,0.1547714525266059,7.46,KERVILCO,0.0,514.2943934682786,0.0,22.910620028189324,7.765237779269176,811.3463544550763,4.37544514299776,1.1643243095354407
2016-07-26,0.15663866844180624,7.55,KERVILCO,0.0,485.1441057526424,0.0,21.42333662300863,7.711135074035615,830.484650804732,4.412378968678711,1.0679604582475395
2016-07-27,0.14854739947593812,7.16,KERVILCO,0.0,560.1579024947142,0.0,24.800804637060853,6.944763915296252,698.2347821772648,5.788818930656098,1.437173478571866
2016-07-28,0.130912582499046,6.31,KERVILCO,0.0,535.2808226889127,0.0,25.133971275257743,8.643732623876875,767.1720064172155,6.133862420114749,1.462906029203689
2016-07-29,0.120539160747933,5.81,KERVILCO,0.0,520.743327107264,0.0,23.4755964901502,8.035647392764846,676.8541813755481,5.622049180573782,1.3408748421160133
2016-07-30,0.1184644763977104,5.71,KERVILCO,0.0,527.1882981548555,0.0,23.479907527500995,7.682247517283542,629.8511693654315,4.986233410837329,1.0765485136878896
2016-07-31,0.13755157241975832,6.63,KERVILCO,5.357384783539898,374.26508528336313,0.0,21.775563297841064,7.747587773293005,793.0037366611853,4.575232088686818,0.8533073787339963
2016-08-01,0.13796650928980284,6.65,KERVILCO,0.0,530.8421724440116,0.0,22.69598150632532,6.268653278846533,573.3542567367327,4.924202238222967,0.9454670293585584
2016-08-02,0.11867194483273266,5.72,KERVILCO,1.1190719138460865,431.76706678927417,0.0,22.93010148014794,9.19271504234377,819.697626293196,5.186233367147486,0.919953071213432
2016-08-03,0.12489599788340046,6.02,KERVILCO,4.6753182827400925,363.8051917910206,0.0,23.24442575607104,8.472669844738297,875.3779129211624,4.495321266742631,0.8308435617530652
2016-08-04,0.19336058144074625,9.32,KERVILCO,13.108651293243996,240.22873359957669,0.0,16.506679303023056,8.011865158937269,1067.0146298858672,3.1826727591093755,0.3110339121887409
2016-08-05,0.30497859948272205,14.7,KERVILCO,10.774918344158811,180.89227850668595,0.0,13.970662192629364,7.755620160343557,1056.8495559705077,2.144347903597657,0.2369272218103087
2016-08-06,0.2323646472249311,11.2,KERVILCO,6.277219415381406,281.3169050566714,0.0,17.371886210101863,7.20186882157726,1000.2885534126492,3.6575787347079727,0.5648447688681242
2016-08-07,0.18858880743523426,9.09,KERVILCO,5.16988654535093,372.8977716022004,0.0,20.78760785936877,5.905791478142605,842.2328437205252,4.139928778143502,0.7415520419241731
2016-08-08,0.1821572859495442,8.78,KERVILCO,0.0,497.1484276961101,0.0,20.2342993481846,5.735416787495248,736.6195853929833,3.843728990047999,0.8410052892662021
2016-08-09,0.1479249941708713,7.13,KERVILCO,0.0320901128123998,509.5200502793527,0.0,21.19224883818927,5.907677275405137,714.4417026678832,4.051798580371261,0.9303207993289204
2016-08-10,0.16078803714225143,7.75,KERVILCO,5.325890325562959,361.5493532221217,0.0,20.710455181729497,6.347654343651028,877.3829298724886,4.32941664629445,0.884471067882117
2016-08-11,0.16431500053762985,7.92,KERVILCO,0.0,506.2919546191235,0.0,20.782490698328303,5.615645066366306,723.4989338051261,4.67896572907496,0.9401004893827914
2016-08-12,0.13630676180962478,6.57,KERVILCO,0.0,539.5938093260256,0.0,21.281756457265043,4.17472897911662,630.8792537407272,4.781145341328656,0.9204765181248532
2016-08-13,0.13049764562900149,6.29,KERVILCO,0.0,509.4692769067895,0.0,19.6306385274362,4.257495911909751,655.2956333790663,4.160533760150202,0.8637346459948034
2016-08-14,0.12946030345389017,6.24,KERVILCO,0.0,531.9701365649586,0.0,20.77795277801449,4.00472230670226,616.8312948756973,4.255272682897383,0.9606209409454688
2016-08-15,0.1288378981488234,6.21,KERVILCO,0.0,513.2030859530172,0.0,21.84740003502225,5.939797671002829,697.7963930515714,4.464563556560199,1.0392073495749576
2016-08-16,0.1371366355497138,6.61,KERVILCO,3.29824164461873,389.7654760223051,0.0,19.618189001538777,6.000276846535165,802.9285645229933,3.77535193454628,0.8475275354942169
2016-08-17,0.1489623363459826,7.18,KERVILCO,0.0,449.7002197237189,0.0,17.838832974041175,4.952741336784428,700.698002119135,3.856457339694253,0.7455415740782224
2016-08-18,0.1479249941708713,7.13,KERVILCO,2.501057204571521,391.6764419584608,0.0,17.966943931414566,3.5706791818243104,683.6281130021673,3.991228257093229,0.6656686980285358
2016-08-19,0.1491698047810049,7.19,KERVILCO,5.527264635779728,334.9553302771112,0.0,17.87938298040102,4.786963845984457,802.617548223034,4.1062294392057215,0.6165448743322522
2016-08-20,0.13257232997922408,6.39,KERVILCO,3.468286917945963,365.54696070635015,0.0,19.508837975827653,4.3903310796448185,762.6034280947653,4.170110803361162,0.8337047036438077
2016-08-21,0.11970928700784396,5.77,KERVILCO,0.0,480.4061093272785,0.0,19.00486165747057,4.528670618987981,687.3772162437788,3.7966723313391433,0.8419609964836029
2016-08-22,0.13112005093406826,6.32,KERVILCO,6.168141479567717,340.60258084226405,0.0,17.82937565781599,4.343940972012454,798.6061953143201,3.835449732677666,0.613647132606174
2016-08-23,0.15539385783167267,7.49,KERVILCO,8.76646035902314,321.7229165638956,0.0,16.29468372553535,3.9659352541437936,804.6237122254313,3.37305245952937,0.5567109234481561
2016-08-24,0.17406601698367608,8.39,KERVILCO,4.372523370834322,247.3640956355032,0.0,12.333351339898307,3.465457406850398,783.4662857119135,2.8023926062392097,0.3546258033731169
2016-08-25,0.15560132626669493,7.5,KERVILCO,4.041850191079647,321.1062718870273,0.0,14.553458769933698,2.3754600585538377,723.5075166894014,2.958354132349434,0.4905171200465944
2016-08-26,0.16348512679754082,7.88,KERVILCO,0.0,451.6468004737814,0.0,14.729149448800603,1.9617144129750108,645.6799762669089,3.3429802638203663,0.4867458634091148
2016-08-27,0.13692916711469152,6.6,KERVILCO,0.0,429.4528407826489,0.0,15.417232093920203,3.408550458423929,724.7370240326145,3.266154236350972,0.4786070328503216
2016-08-28,0.12904536658384566,6.22,KERVILCO,7.53787697490918,332.3140504292525,0.0,16.855635040163627,4.130390359273923,816.7536286945005,3.501038235271836,0.5528258619582268
2016-08-29,0.13464701432944667,6.49,KERVILCO,9.49875076576135,280.13067936637844,0.0,13.96443014150293,3.9512731659484186,810.7708155819354,2.902116403615891,0.4265871277329831
2016-08-30,0.16846436923807503,8.12,KERVILCO,0.0,461.1898498504691,0.0,16.138522738629085,2.8671481894405866,707.3261159052888,3.2433463529454967,0.4597833626197146
2016-08-31,0.15912828966207335,7.67,KERVILCO,0.0,485.3479130268178,0.0,18.86065220716197,4.312677114736832,757.5959025316955,3.524807855169023,0.7011819939292657
2016-09-01,0.1385889145948696,6.68,KERVILCO,0.0,444.8390667556641,0.0,18.5639436541292,5.824420159202081,872.472002092699,3.4743303259947647,0.7748241368448755
2016-09-02,0.13796650928980284,6.65,KERVILCO,3.832882110689576,301.5623739234366,0.0,17.809670592476216,6.664779893562781,980.2702514754052,3.639645944256216,0.6880459919007087
2016-09-03,0.1502071469561162,7.24,KERVILCO,7.078768427267017,283.16845020945266,0.0,15.76809528746632,5.357692917080902,894.6145955176173,3.167431998279051,0.6900585773903487
2016-09-04,0.17365108011363153,8.37,KERVILCO,0.0,414.0863013041404,0.0,17.31819874163472,5.334506332971487,870.4426662275856,3.989298206689352,0.9058307514865526
2016-09-05,0.13485448276446893,6.5,KERVILCO,0.0,448.1113538574186,0.0,19.154026521072986,5.61557918446841,861.2241634513484,4.8727064344364175,0.9867129200691196
2016-09-06,0.12655574536357853,6.1,KERVILCO,0.0,447.9964221630521,0.0,19.66030350415657,6.090262552485216,887.5840914744252,4.384579587516672,0.9243299689536002
2016-09-07,0.12406612414331143,5.98,KERVILCO,0.0,435.47332389044266,0.0,18.63573324103144,5.599098206169377,868.5998826266991,4.348487601582174,1.0205361037273215
2016-09-08,0.11763460265762136,5.67,KERVILCO,0.0,493.9124395703005,0.0,19.741451587634486,3.6039765762896407,720.9882496122964,5.152597237702777,1.117261647606867
2016-09-09,0.11369270239219843,5.48,KERVILCO,0.0,490.9204493179873,0.0,18.77294490019306,2.7044807072507093,683.2553197507763,4.892396225595567,0.9684892432340024
2016-09-10,0.11265536021708712,5.43,KERVILCO,0.0,506.3006269113423,0.0,18.989157186641915,1.7494329620941262,631.6442516431377,4.313277429457112,0.983752282712032
2016-09-11,0.11182548647699808,5.39,KERVILCO,0.0,448.88945313048384,0.0,18.26344643719426,4.343589575325351,789.7429600676572,4.389298236364931,0.9029157101693464
2016-09-12,0.11680472891753232,5.63,KERVILCO,0.631952348681624,407.2090084389092,0.0,16.576875770743772,3.6141180051495327,771.2867663789916,3.878496521749234,0.6896665579719056
2016-09-13,0.12925283501886792,6.23,KERVILCO,0.0,442.81286203814045,0.0,15.54896306913826,2.2273634826621103,699.6134776263654,3.445476030129998,0.5861848232226544
2016-09-14,0.11991675544286624,5.78,KERVILCO,2.204633790131025,329.83636702087244,0.0,14.76956107943218,2.851752685130383,748.9670630159849,3.38671254665815,0.6713916344482534
2016-09-15,0.11431510769726522,5.51,KERVILCO,0.0,451.9940905108127,0.0,15.30130909173993,1.2826059041120526,649.7880189554224,3.686263352470873,0.672309738753231
2016-09-16,0.10726118090650837,5.17,KERVILCO,0.0,475.974434260707,0.0,15.644391519559774,0.1406778476171959,591.7807380793312,3.187418055040088,0.7574819590259063
2016-09-17,0.10373421751112995,5.0,KERVILCO,0.0,484.0258154988245,0.0,15.694267069304477,-0.6085111960524611,557.6654301142241,3.945928583779529,0.7954860003965399
2016-09-18,0.09958484881068476,4.8,KERVILCO,0.0,484.4438530761136,0.0,18.73098380797866,1.719961061576358,648.5190032413649,4.881514734525436,0.9721373712646396
2016-09-19,0.09543548011023954,4.6,KERVILCO,0.0,471.6384856874092,0.0,20.94025396001957,4.475866691565809,787.4175619687904,4.090279882908074,1.195364869046317
2016-09-20,0.09647282228535085,4.65,KERVILCO,1.9180696322943247,354.8925256426055,0.0,16.877612375291964,4.457208074574018,836.6096155659728,3.172553299627806,0.6916778067374865
2016-09-21,0.1039416859461522,5.01,KERVILCO,3.3372676400455044,229.3032257708689,0.0,14.777361808594826,5.845285991722523,925.3121594006336,2.735466359129826,0.4561392269141742
2016-09-22,0.11597485517744328,5.59,KERVILCO,2.7584027169861574,304.4401547820162,0.0,16.81820372637685,5.937035712698828,930.8571035156576,3.5961964541293048,0.8370683248802879
2016-09-23,0.11410763926224295,5.5,KERVILCO,5.278412386437336,346.5515075411433,0.1040085196268943,12.789576360324164,-3.1995900354366813,483.9847562884552,2.796093301937142,0.5526900882857967
2016-09-24,0.12344371883824465,5.95,KERVILCO,0.0,368.3506817463049,0.1029845944601646,6.734092359089472,-4.293818194411336,444.81308548437215,2.2209111045138474,0.2157285941272507
2016-09-25,0.11680472891753232,5.63,KERVILCO,0.0,462.1986252114893,0.0748933489074889,13.60744437579208,-2.522820541558855,505.64865620474,2.552397606737867,0.5069488542678372
2016-09-26,0.10933586525673096,5.27,KERVILCO,0.0,477.0068427130909,0.0290788986104438,17.66814987471662,-0.4247475934143394,581.7185798709254,2.838817325091705,0.808871905923322
2016-09-27,0.10539396499130803,5.08,KERVILCO,0.0,448.8734715091605,0.0,18.021129740934345,1.5703340973109403,676.9941683204308,3.240840606366389,0.9493893721782724
2016-09-28,0.10269687533601865,4.95,KERVILCO,0.0,405.44763541160535,0.0,17.371717744458955,3.345763207783077,775.9064994213617,3.7845795581727257,0.8086978757065278
2016-09-29,0.10020725411575153,4.83,KERVILCO,0.0,382.4634909492569,0.0,16.07123656766529,3.179182726136261,767.1645507528154,3.069115824233055,0.5909686891809528
2016-09-30,0.10103712785584057,4.87,KERVILCO,0.0,366.5853973680128,0.0,15.018323872895545,2.7799341024081,745.3599190255147,2.793314704275866,0.6122155578319876
2016-10-01,0.10414915438117447,5.02,KERVILCO,0.0,367.48775728722114,0.0,14.701523069668792,2.296247711689721,719.6652575773365,2.883461423842293,0.6775178855342012
2016-10-02,0.10103712785584057,4.87,KERVILCO,0.0,378.8490904746192,0.0,15.43432722104052,2.4852850149445103,729.7267459751204,2.893314687413371,0.7405144530546052
2016-10-03,0.10477155968624124,5.05,KERVILCO,0.0,370.5478162100015,0.0,10.264863382333573,-2.162170978468122,521.6105223526824,2.437962124769844,0.6271168888180488
2016-10-04,0.10124459629086284,4.88,KERVILCO,0.0,374.9157413598056,0.0,7.018701214215502,-5.76256828454722,397.55748597643617,2.9366842982955537,0.3950517479889263
2016-10-05,0.1014520647258851,4.89,KERVILCO,0.0,418.4388409972824,0.0,11.05816110682874,-4.343068456559334,442.2326243353829,2.6773118953578545,0.5299846888588161
2016-10-06,0.10414915438117447,5.02,KERVILCO,0.0,351.0132896461676,0.0,6.29297761464134,-5.580725085298568,403.1823498065575,2.110711758241714,0.3807736868035365
2016-10-07,0.09128611140979437,4.4,KERVILCO,0.0,436.3267153389287,0.0,11.30987849412776,-5.988418380042558,388.0268490221896,2.3757046603794723,0.531590625486542
2016-10-08,0.09771763289548442,4.71,KERVILCO,0.0,407.4790368539822,0.0,13.829856534007549,-1.724527639401129,535.3851550498513,2.790635932317364,0.6492472850593298
2016-10-09,0.10207447003095187,4.92,KERVILCO,0.0,300.5709653559043,0.0,10.056598426855276,-0.2300921751173297,600.6124512482428,2.367827982312412,0.4724042445271471
2016-10-10,0.10311181220606318,4.97,KERVILCO,3.0321819583872456,291.571385512102,0.0,13.216527899205518,-0.6370124127130089,582.7755317912677,2.947745505261828,0.5859355732552135
2016-10-11,0.10124459629086284,4.88,KERVILCO,3.415871353372512,244.45921047734072,0.0,12.315074028800138,0.9219506829258038,652.9491263777362,2.6476822977775964,0.5605683584232456
2016-10-12,0.10228193846597414,4.93,KERVILCO,0.0,342.34898434908376,0.0,12.167242337517216,-0.0809131146656455,607.1906448429763,2.394183207270684,0.6242471229656777
2016-10-13,0.09813256976552893,4.73,KERVILCO,0.0,367.4373084148875,0.0,14.03624639241042,0.25962796546106,622.2104429265498,2.8992013380986155,0.7129516515956816
2016-10-14,0.09751016446046216,4.7,KERVILCO,0.0,401.9362263524161,0.0,16.181737711400164,-0.3022525040485806,595.2620952786837,3.313220856102536,0.9122927650481526
2016-10-15,0.09232345358490567,4.45,KERVILCO,0.0,361.2569738215868,0.0,17.36390929075966,3.280694158044475,772.6035113252619,3.990226681468642,1.0290749109781887
2016-10-16,0.09045623766970533,4.36,KERVILCO,0.0,358.2732053029787,0.0,16.768146499786628,2.84633222060578,749.448250606212,4.046980202152411,0.9357582152748636
2016-10-17,0.08340231087894846,4.02,KERVILCO,0.0,338.84614412233424,0.0,14.808857616872531,1.9801297768876585,704.5970119859552,3.855359225014333,0.751577316695198
2016-10-18,0.08734421114437142,4.21,KERVILCO,0.0,347.98356188542795,0.0,12.787914522895914,-0.3000725426737082,597.5617859307148,2.7329938657343065,0.7359628494018082
2016-10-19,0.08506205835912656,4.1,KERVILCO,0.0,351.8432568980471,0.0,8.395455021314115,-4.864798510531999,425.65754359658087,2.7028251688855893,0.5348487504567685
2016-10-20,0.07904547374348103,3.81,KERVILCO,0.0,406.40582804784447,0.0,10.985675332883504,-6.69239427756876,370.1280618765157,2.35580180495088,0.5964234081960027
2016-10-21,0.08651433740428238,4.17,KERVILCO,0.0,388.7905917067857,0.0,14.365103322072564,-2.583599881980507,504.2869608573385,3.211257534357781,0.8050294562860367
2016-10-22,0.09211598514988341,4.44,KERVILCO,0.0,367.6436569692689,0.0,14.91813880884486,-0.8090096847334107,575.5010208597531,3.1823067355205934,0.7681308509125248
2016-10-23,0.09336079576001696,4.5,KERVILCO,0.0,349.4652037428705,0.0,15.035131556210812,0.4159558739813527,629.4752479053839,2.407803431790481,0.7756384171934508
2016-10-24,0.09211598514988341,4.44,KERVILCO,0.0,319.0561852894514,0.0,14.159288508908483,1.2819573444073091,670.0989563997715,2.3798209618920723,0.6364097785387997
2016-10-25,0.09273839045495016,4.47,KERVILCO,0.0,270.76615218250487,0.0,10.883159601019168,0.3642424528333093,627.1472745417261,2.070230600960914,0.4846078267486546
2016-10-26,0.0910786429747721,4.39,KERVILCO,0.0,362.9536498858923,0.0,13.978231367535388,-1.884113004209912,531.9903900023608,1.8629762541215984,0.6653099750318898
2016-10-27,0.09190851671486112,4.43,KERVILCO,0.0,355.41559511286056,0.0,15.814682369474008,0.1631386645319502,618.0453501589616,2.4118798362455465,0.7226814382136008
2016-10-28,0.0935682641950392,4.51,KERVILCO,0.0,276.93573354090364,0.0,14.000025916800103,3.015773511869903,758.4383200414766,2.374606485696234,0.6721050872863745
2016-10-29,0.09232345358490567,4.45,KERVILCO,0.0,297.33084262887127,0.0,13.787569787418112,1.648726161103619,687.9911716549153,2.57807727118847,0.6226458444337013
2016-10-30,0.09211598514988341,4.44,KERVILCO,0.0,294.26034848068275,0.0,12.75267976630941,0.7444461030321966,644.6242474178986,2.1487104771898964,0.6623363583989439
2016-10-31,0.09211598514988341,4.44,KERVILCO,0.0,286.3499396561125,0.0,12.814030506548116,1.1597381133231262,664.2801090095895,2.872250471586063,0.6901231179804317
2016-11-01,0.09170104827983887,4.42,KERVILCO,0.0,288.2374138504744,0.0,10.758769443152469,-0.9431676150482986,570.0896395825176,2.324771197705948,0.5813793225653902
2016-11-02,0.0935682641950392,4.51,KERVILCO,0.0,290.23966968048035,0.0,9.344236095805858,-2.566187481043808,505.753073278844,1.839090210225736,0.4278027395193147
2016-11-03,0.08443965305405979,4.07,KERVILCO,0.0,332.0891357982445,0.0,11.470755028814324,-3.31510764777944,478.31339399311054,1.894705637529295,0.4637303322733139
2016-11-04,0.08008281591859233,3.86,KERVILCO,0.0,305.6940604018822,0.0,10.845563250132908,-2.211692799843828,519.1288213509932,2.183218528905378,0.3897983410186582
2016-11-05,0.094190669500106,4.54,KERVILCO,3.738588073456659,103.78955425244554,0.0,4.998823982319111,-0.4056038073728035,592.9544184879197,1.2713819913215787,0.2937000424591128
2016-11-06,0.09170104827983887,4.42,KERVILCO,0.0,239.22358692594827,0.0,6.986087295648948,-2.490166067414615,508.6175016134275,1.6493094965033577,0.3660310752222985
2016-11-07,0.08423218461903752,4.06,KERVILCO,0.0,308.89626821009125,0.0,8.973377245602517,-4.252198593663533,444.9699695444096,1.7498519206331884,0.4854993173942873
2016-11-08,0.0786305368734365,3.79,KERVILCO,0.0,321.40226595866136,0.0,9.842772653513768,-4.552862790304394,433.949742089246,1.628761116849266,0.578502212075409
2016-11-09,0.07634838408819165,3.68,KERVILCO,0.0,337.6706949819017,0.0,12.708299584128664,-3.525658048578541,455.7681409468895,1.494512660499976,0.7654936582029553
2016-11-10,0.07883800530845878,3.8,KERVILCO,0.0,332.49184970043933,0.0,11.794664077768946,-4.274504024952066,435.0141681900778,2.0447672079226,0.5747911898715975
2016-11-11,0.0786305368734365,3.79,KERVILCO,0.0,284.2048003161269,0.0,8.279552413883243,-4.186829720387297,447.7867172244765,1.5897374677362943,0.4947489293380243
2016-11-12,0.07697078939325844,3.71,KERVILCO,0.0,285.4857044629356,0.0,8.498946086495044,-4.203361949794983,447.0517962410274,2.014665053131252,0.4873874404607631
2016-11-13,0.07634838408819165,3.68,KERVILCO,0.0,294.19534862886815,0.0,8.229015038535582,-5.100318805329881,417.5568140027431,1.9952314132255853,0.421159025420881
2016-11-14,0.07406623130294678,3.57,KERVILCO,0.0,332.5284254184472,0.0,11.713569580229317,-5.380590668177155,401.6645163985791,2.5967056287600045,0.5612229151543846
2016-11-15,0.08319484244392622,4.01,KERVILCO,0.0,308.15383561284034,0.0,12.638416049190935,-2.40596452831512,502.9161635353768,2.530904133067323,0.8124481831599442
2016-11-16,0.07904547374348103,3.81,KERVILCO,0.0,243.9464416412509,0.0,9.938607060013943,-0.7089391366088141,580.0137616901692,2.514522000258189,0.6892719011089219
2016-11-17,0.07925294217850329,3.82,KERVILCO,0.4617210710531845,324.846103802897,0.4617210710531845,2.551870488835685,-11.572874127416211,253.0227020853693,1.420315460283496,0.2256404098543183
2016-11-18,0.10103712785584057,4.87,KERVILCO,0.0,319.59834947357905,0.4617210710531845,-0.0881594616726617,-13.95718275042073,207.72000709450668,1.1627000761382786,0.1712212591930966
2016-11-19,0.17676310663896544,8.52,KERVILCO,0.0,340.7113533153308,0.4617210710531845,6.6616352158637495,-9.338808655964948,290.169520093226,1.5311171001239354,0.3829380055669263
2016-11-20,0.12427359257833369,5.99,KERVILCO,0.0,283.0896888639737,0.023851119775466,8.84079792528818,-4.175706981140891,443.11059063057166,1.7585438131583926,0.3648291229904203
2016-11-21,0.09771763289548442,4.71,KERVILCO,7.001442218968515,141.39577473848652,0.0,5.063983565538973,-2.83022928354542,496.8292971335531,1.1795580755779267,0.3149096586960834
2016-11-22,0.1035267490761077,4.99,KERVILCO,3.436599091044964,175.3491452830765,3.3919336888235634,1.772055167185591,-6.802317094391887,367.1471837557143,0.8879138791879674,0.1937616046245736
2016-11-23,0.16390006366758533,7.9,KERVILCO,0.0,293.0250909762202,3.3919336888235634,2.240566032202459,-9.825404175140829,288.69244432901576,1.212904724458788,0.2911603648009379
2016-11-24,0.2572608594276023,12.4,KERVILCO,0.0,271.54722600698693,3.3919336888235634,0.1219946053731977,-11.002150643927449,262.3037787670343,1.172183958915883,0.2315280678815634
2016-11-25,0.1195018185728217,5.76,KERVILCO,0.0,316.6675048012657,3.3919336888235634,2.9926641494850674,-10.9634395113309,256.096766041248,1.2122325328006427,0.3361405668314283
2016-11-26,0.10995827056179774,5.3,KERVILCO,2.983871418356098,228.68610190526448,6.37634254042977,3.387382463482544,-9.546619437751724,296.3839048395966,1.3783235008008656,0.2988200079476011
2016-11-27,0.17738551194403224,8.55,KERVILCO,3.531039903296484,151.0074384928678,9.907662647638675,-2.420899143366644,-9.37423782834816,301.02421247242324,0.8619679913164273,0.1675262041728367
2016-11-28,0.14833993104091586,7.15,KERVILCO,0.0,205.3343219374354,9.907662647638675,-5.250631262667308,-12.804808807937931,228.3426662334757,0.6684935740016553,0.1174130645420953
2016-11-29,0.11244789178206488,5.42,KERVILCO,0.0,301.2613317847534,9.907662647638675,-5.536863348749106,-17.6209629802457,152.8857022620871,0.6606768617536468,0.1114072746572034
2016-11-30,0.11597485517744328,5.59,KERVILCO,0.0,293.06024263553394,9.907662647638675,-6.825441759781711,-18.54838149536708,141.3275772165306,0.6124255470642691,0.0457651983284709
2016-12-01,0.11224042334704261,5.41,KERVILCO,0.0,311.7412857503004,9.907662647638675,-3.908114876198826,-17.004053156338838,159.516037891123,0.8229010600578941,0.0881887457706115
2016-12-02,0.12448106101335596,6.0,KERVILCO,3.4563522068324675,168.2433410138799,13.364398178151871,-5.877966444923385,-14.374193556133967,200.8494532870984,0.3910152797531216,0.0702732027888304
2016-12-03,0.07116167321263515,3.43,KERVILCO,0.0,273.86438098110415,13.364398178151871,-3.430121128061604,-14.217836291305016,197.16509552981933,0.7951815234202959,0.1289591045367698
2016-12-04,0.1091283968217087,5.26,KERVILCO,0.0,322.12765924677745,13.364398178151871,-0.4754487441139948,-14.481089182564244,178.03305273623135,1.2296928529005349,0.2167655003390761
2016-12-05,0.1087134599516642,5.24,KERVILCO,0.0,282.86766312170033,13.364398178151871,0.0160666828804194,-11.60562175685866,233.7262102576256,1.184439777849931,0.2140045264350099
2016-12-06,0.0858919320992156,4.14,KERVILCO,0.3958916485960173,256.204552064144,13.75989815818383,-3.90498884850574,-14.07028220060134,204.0632970479319,0.7815247298711107,0.1780243611808608
2016-12-07,0.14190840955522577,6.84,KERVILCO,0.0,285.739323848615,13.75989815818383,-8.61590931464827,-20.34918663225724,120.76732873613558,0.5081561474366768,0.0546650687666927
2016-12-08,0.21576717242315033,10.4,KERVILCO,0.0,321.56045957833595,13.75989815818383,-5.670811959151751,-20.03234659325505,121.3738015536552,0.8337559426831693,0.0244351265882136
2016-12-09,0.19750995014119144,9.52,KERVILCO,0.0,298.9352382733412,13.75989815818383,1.0245123369688238,-11.763210904581973,224.39660523023545,1.274390214507281,0.2002109756901444
2016-12-10,0.2240659098240407,10.8,KERVILCO,5.7903983267939365,214.4583611861708,19.5495820434386,5.0989374460378585,-7.094732270772827,349.1905211193868,1.5806495678856838,0.3331313443585151
2016-12-11,0.3485469708373966,16.8,KERVILCO,6.905964878822402,150.19033945342645,26.45562683193186,-0.0370490125972608,-7.608606050345415,344.92533800327533,1.1527103784437305,0.244213835148739
2016-12-12,0.2966798620818317,14.3,KERVILCO,0.0,221.6752928910623,26.45562683193186,0.3723140629307479,-7.90247981570762,336.62549344621624,1.2726598193191585,0.2576386782174809
2016-12-13,0.2448127533262667,11.8,KERVILCO,0.0,214.97309613685627,26.45562683193186,-0.1632022184964819,-8.007226038707453,334.8421564494737,1.360976346217195,0.1464796509959548
2016-12-14,0.1977174185762137,9.53,KERVILCO,2.696709271012985,210.70545285823343,29.150496831365025,2.062458149824183,-6.705227466062922,365.33679699466944,1.3093674251558876,0.2351379342554952
2016-12-15,0.1748958907237651,8.43,KERVILCO,4.800902463319451,203.8296488544548,28.220611492927645,5.935885996212558,-3.7871318885258254,452.75447141978594,1.738381397779292,0.3027320217347011
2016-12-16,0.16804943236803052,8.1,KERVILCO,12.62522050345909,128.97283932652624,27.30791725169356,2.1968257327363765,-3.827320565479512,460.5163142213902,0.960620286196846,0.3184343310415968
2016-12-17,0.1385889145948696,6.68,KERVILCO,5.317647642408734,263.22938546534294,32.62502980578946,-3.311830231319953,-21.138881269459205,113.41362340931632,0.3762936383931575,0.1312671797610687
2016-12-18,0.12655574536357853,6.1,KERVILCO,0.0,311.56874404109533,32.62502980578946,-9.30360789997344,-21.62257444287715,108.40861963545842,0.6467039437088683,0.0793131676095205
2016-12-19,0.11825700796268815,5.7,KERVILCO,0.0,343.7871164664196,32.62502980578946,-3.924621139817188,-19.358981476992867,132.0169388263707,1.1209177819787042,0.1461142704703023
2016-12-20,0.1091283968217087,5.26,KERVILCO,0.0,319.5213717165845,32.62502980578946,0.9529985654633664,-12.262762634429928,238.50078420660304,1.6086020218957495,0.3376286986314422
2016-12-21,0.09813256976552893,4.73,KERVILCO,3.797473627455219,239.2074352009381,36.4225006208242,2.333562291436876,-9.473622840952938,298.11813431875294,1.6430834197691813,0.2247688918874401
2016-12-22,0.10103712785584057,4.87,KERVILCO,9.39265515415456,113.47819814967308,44.57745620636396,-0.9824378526609384,-6.269191037390317,382.4409609925334,0.7286679338113289,0.1378296892511711
2016-12-23,0.10456409125121899,5.04,KERVILCO,0.0,252.007882203688,44.57745620636396,0.5817134187823236,-8.492436854907798,321.96380176222385,0.8971115774050923,0.2063551950942046
2016-12-24,0.09999978568072927,4.82,KERVILCO,4.408338834321391,205.33001482826683,48.98728098956118,-0.1904615492875988,-10.295791485389657,279.69202288665434,1.088190089257552,0.2705144614763718
2016-12-25,0.10082965942081833,4.86,KERVILCO,0.0,305.7563072108879,48.98728098956118,-3.488076594009888,-14.971731441000578,191.7749639877143,0.7244118382562154,0.1612824873033627
2016-12-26,0.09336079576001696,4.5,KERVILCO,0.0,302.4537947527371,48.98728098956118,-8.092377986579816,-19.37386873426828,131.868196376544,0.8950883497422577,0.0701504112610087
2016-12-27,0.08983383236463854,4.33,KERVILCO,0.0,345.19251072411924,48.98728098956118,-1.194238467974725,-16.18100833156566,172.89614478963645,1.327460005423705,0.1898955114921918
2016-12-28,0.08713674270934915,4.2,KERVILCO,0.0,284.5282968233788,48.98728098956118,-0.4427852672443708,-11.135699974582549,261.24483787666367,1.3535423201692074,0.2662387279263234
2016-12-29,0.08609940053423787,4.15,KERVILCO,0.0,335.91535500285914,48.98728098956118,0.3564693350496135,-13.775986518103302,210.92447138468933,1.462001268579886,0.3045223168209346
2016-12-30,0.0827799055738817,3.99,KERVILCO,0.0,339.6623760460896,48.98728098956118,2.176453010825118,-12.440078214291413,235.12575885856108,1.8520980883484048,0.2450058194294669
2016-12-31,0.08112015809370363,3.91,KERVILCO,0.0,300.1739943067246,28.181931725706985,-0.15389671599419508,-11.789059955503879,241.93772791581665,1.1770423501229157,0.2314814791578702
2017-01-01,0.08091268965868137,3.9,KERVILCO,0.0,260.6856125673596,7.37658246185279,-2.484246442813508,-11.138041696716344,248.74969697307225,0.8416425250999973,0.1528681243610622
2017-01-02,0.08049775278863684,3.88,KERVILCO,0.0,239.7437252361904,7.37658246185279,-3.1829865908631456,-10.93657917087953,257.1234550261545,0.7699510849877679,0.1389647609862007
2017-01-03,0.08049775278863684,3.88,KERVILCO,12.744570259373386,157.54156006764217,20.121610978634195,-4.733955944993883,-11.412568616484664,255.4153129397635,0.6566903019109303,0.1103494044732099
2017-01-04,0.08049775278863684,3.88,KERVILCO,20.709594003983867,158.78838811544787,40.8309729745799,-3.404528614096656,-9.941746031455342,287.5426974425257,0.5359355830074386,0.0721772989516452
2017-01-05,0.08402471618401526,4.05,KERVILCO,13.407690587351118,257.0585266140701,54.23889854534992,-4.2055798708978,-17.13624680345735,159.93637677622036,0.3213270836564961,0.0230627927736644
2017-01-06,0.08651433740428238,4.17,KERVILCO,0.0,355.67461088752486,54.23889854534992,-10.928851293789991,-24.091205934142003,87.06001718033733,0.5295897061507606,0.0786453038817275
2017-01-07,0.08609940053423787,4.15,KERVILCO,0.7764912986393591,353.884463130208,55.01548374665129,-6.417569791230148,-22.374636437999147,101.46074111373338,1.0098299580855497,0.1927509905891226
2017-01-08,0.08630686896926013,4.16,KERVILCO,6.965896330198384,244.1166461498892,61.98114501657607,0.7519613317726274,-10.543329647989989,273.9023375512281,1.1330238526615064,0.2011680159679245
2017-01-09,0.038796597349162604,1.87,KERVILCO,9.463322052800596,168.3672946971695,64.62502114401734,0.9868250601420075,-5.836354878765071,395.3263354854122,0.7965691681422079,0.1135236758740987
2017-01-10,0.0,0.0,KERVILCO,1.736930216282229,183.08672898462544,66.36175842503495,-1.7340128356823616,-7.625038124948435,345.0423365280651,1.0256331002195365,0.1646048387093003
2017-01-11,0.0,0.0,KERVILCO,1.6736464647281857,224.0137719479993,68.03523753208313,-0.3820491872858282,-7.889900157774613,337.6012689144194,1.0465109307596734,0.1707527181506454
2017-01-12,0.0,0.0,KERVILCO,0.0,243.64236828326503,68.03523753208313,-1.816295970626869,-8.979425918924635,310.090742624745,0.8879238578873442,0.1672566649244453
2017-01-13,0.0,0.0,KERVILCO,3.906091325330893,204.0242478904232,71.94149281624681,0.8077657946907743,-7.524301352197372,347.1357151653632,0.9346244702925958,0.209106850956213
2017-01-14,0.0,0.0,KERVILCO,3.859635271878018,233.87182851723284,75.7558219858638,2.1225862643400664,-6.403368956459325,378.5054388151309,1.041323093942571,0.2203504021283946
2017-01-15,0.0,0.0,KERVILCO,4.6561265931677385,146.80711895409317,75.88874419062141,-0.2342201606540496,-5.748358129737011,397.9744991457232,0.782955638712002,0.1462886431919058
2017-01-16,0.0,0.0,KERVILCO,6.015719590776236,161.0027358362407,81.38202841322914,-1.2673005897589338,-7.211800292114947,356.3522109419196,0.6632624550459333,0.1172193940118372
2017-01-17,0.0,0.0,KERVILCO,0.0,289.24859243142055,81.38202841322914,-0.9269917843308192,-9.235347559121136,304.4852477813067,0.8621842756965094,0.1482180318131029
2017-01-18,0.0,0.0,KERVILCO,0.0,347.315571785005,81.38202841322914,-1.326666662111308,-12.165773180272035,240.4763399936376,1.1880203791297164,0.2041988604420064
2017-01-19,0.0,0.0,KERVILCO,4.95799307799221,258.06937017748953,86.3404768343706,-1.4422002624855952,-12.171215264127838,240.41022776386345,1.1741073588587752,0.1975182185433541
2017-01-20,0.0,0.0,KERVILCO,3.531978956352141,232.9046660304558,89.87278368995811,-3.7139725865226776,-12.841643238102543,227.6946034545229,0.7111743389637848,0.102720706462156
2017-01-21,0.0,0.0,KERVILCO,3.5712555329504765,250.00086670896772,93.44406595782615,-3.378869258132871,-13.07453167183436,223.74654637815587,0.7827759472876595,0.1268390393032318
2017-01-22,0.0,0.0,KERVILCO,4.877901567428515,214.46978635617555,98.32200384938156,-4.476697624047801,-12.505762552255833,234.1257653548823,0.8491031802147665,0.1352926713218408
2017-01-23,0.0,0.0,KERVILCO,6.999407003669349,229.26607651717023,105.3210305239983,-1.9591680844367856,-10.491276156909846,275.0178030295276,0.7239958787415851,0.1076699605030068
2017-01-24,0.0,0.0,KERVILCO,0.0,327.4685880205229,105.3210305239983,-6.172411575971447,-15.073019829848732,190.5511586748857,0.6080296827179398,0.0810641911434806
2017-01-25,0.0,0.0,KERVILCO,0.0,323.02276149568354,105.3210305239983,-9.081213296255113,-17.837451326006494,150.3604173934788,0.7326644716542565,0.1050181353290489
2017-01-26,0.0,0.0,KERVILCO,0.0,405.2808512851152,105.3210305239983,-9.923103035367046,-22.42091773478293,101.03917373337843,0.5787028821182075,0.0769581720702793
2017-01-27,0.0,0.0,KERVILCO,0.0,450.94947121590894,105.3210305239983,-8.1178602980463,-25.01071443627876,80.1084619962389,0.8228611379017878,0.1204655418022295
2017-01-28,0.0,0.0,KERVILCO,0.0,443.37634850202096,105.3210305239983,-2.210144751710839,-17.834178214199966,150.40835088507905,1.3135968693631384,0.2021360347965847
2017-01-29,0.0,0.0,KERVILCO,0.0,439.1614707075202,105.3210305239983,1.4273072427840263,-13.549239300391484,214.923363691352,1.5444743986046618,0.27566570073266
2017-01-30,0.0,0.0,KERVILCO,0.0,425.1363021039691,105.3210305239983,2.4375944298708707,-10.989291225692437,264.25067812727406,1.741496113158992,0.3083604546266604
2017-01-31,0.0,0.0,KERVILCO,0.0,425.0880789655064,105.3210305239983,3.627173801828457,-9.792033185848103,290.19455167791904,1.9370303699718032,0.3619327183900501
2017-02-01,0.0,0.0,KERVILCO,0.0,420.37005649559165,105.3210305239983,4.2994772212834045,-8.769682229106701,314.54048524308,2.148850298047657,0.419907157537977
2017-02-02,0.0,0.0,KERVILCO,0.0,393.69644914700535,105.3210305239983,2.3598845310134577,-9.097334540087443,306.7835370462663,1.7706099535787307,0.3433865784313479
2017-02-03,0.0,0.0,KERVILCO,0.0,393.2521449335285,105.3210305239983,1.652155667799339,-9.826219747540224,289.5907582648641,1.5327143933442924,0.2981584681760991
2017-02-04,0.0,0.0,KERVILCO,0.0,373.5791363016208,105.3210305239983,2.7524108955497977,-7.6531952457346115,343.338926498293,1.5345080057589542,0.2682113760800209
2017-02-05,0.0,0.0,KERVILCO,0.0,426.71136532595926,105.3210305239983,3.909341448630943,-8.924935309685655,310.23920550376056,1.8546104798249208,0.3556820052895292
2017-02-06,0.0,0.0,KERVILCO,0.0,351.9589180479368,105.3210305239983,0.7794349619422116,-8.325496314547868,325.79726280813344,1.6938704115781704,0.2929453214553068
2017-02-07,0.0,0.0,KERVILCO,4.589675216646087,240.8717078854133,107.06108224950084,2.186208793830979,-5.767302599981783,397.4967377845359,1.5199128058757143,0.2551482486932521
2017-02-08,0.0,0.0,KERVILCO,0.0,341.7372183220735,106.62179152186692,3.8104495761523,-4.953071438973845,420.74697667082825,1.9982829175016528,0.3166224084761548
2017-02-09,0.056016477456010176,2.7,KERVILCO,0.0,418.57549772605,106.0384498520789,7.1980446618446905,-4.613191564151886,427.2265209213105,2.406638685456808,0.5069425233941417
2017-02-10,0.09958484881068476,4.8,KERVILCO,0.0,428.6010587553325,104.5026289654359,10.13270836975138,-2.341961009463297,501.1420858263285,2.922648142770239,0.621982958029322
2017-02-11,0.09958484881068476,4.8,KERVILCO,4.2102552406054246,240.050344648371,102.57141888978256,6.712356658954716,-1.4012678422521962,551.2337961561539,1.890173362335276,0.3934175224297217
2017-02-12,0.09087117453974983,4.38,KERVILCO,4.768498892546264,206.83855590180536,104.61738696864256,0.8280799322210599,-5.652736683256163,403.9770678624009,1.2390768855967855,0.1875514957369165
2017-02-13,0.08755167957939368,4.22,KERVILCO,11.636985806862508,276.75567827214894,116.25489087920556,-0.5769694824145348,-9.690161055572212,293.69084384041435,0.9599114743085446,0.1311547030850019
2017-02-14,0.08941889549459402,4.31,KERVILCO,0.0,452.0610661765136,116.25489087920556,0.7156420710342978,-11.772563957968892,248.08518504331624,1.2991747227624628,0.2549282870887977
2017-02-15,0.083817247748993,4.04,KERVILCO,0.0,500.8371871730413,116.25489087920556,5.013912372028035,-11.265089319095908,257.4124169824588,2.012022857463545,0.4248224638677914
2017-02-16,0.094190669500106,4.54,KERVILCO,0.0,498.226620404289,116.25489087920556,7.42927955591771,-8.718497562018104,310.8268315791055,2.5097634236961994,0.5643209920614273
2017-02-17,0.09668029072037312,4.66,KERVILCO,0.0,479.9443042083995,116.25489087920556,6.597324213106215,-7.944870397281436,331.1086947081318,2.0759175805766907,0.477465967266878
2017-02-18,0.09813256976552893,4.73,KERVILCO,0.0,447.0046099060796,116.21362540746571,6.292811535713117,-6.238101892457667,379.4478597058017,1.893890362421228,0.3967442014537427
2017-02-19,0.09543548011023954,4.6,KERVILCO,0.8917407065353272,357.45636276768624,115.70250673076046,4.180717452425857,-4.783946974702509,428.1648804819892,1.82385942067272,0.3172147363937023
2017-02-20,0.10311181220606318,4.97,KERVILCO,0.0,454.6833540675351,115.70250673076046,4.227997409986142,-8.367526860916415,322.20101132436844,1.876336895381388,0.3007354174828412
2017-02-21,0.11141054960695357,5.37,KERVILCO,0.0,448.678794275643,115.18099721222012,7.81630528025935,-4.757198069132185,420.5740850062139,2.3066387216024,0.4657209333064479
2017-02-22,0.11493751300233199,5.54,KERVILCO,0.0,421.19514219219246,114.6510820926071,6.345904307739735,-4.807302610310322,428.2569131053057,2.176443364543965,0.3950257913671053
2017-02-23,0.11867194483273266,5.72,KERVILCO,1.6729213600210109,401.4609729631909,116.32370336270526,-2.4475165626277056,-15.403452783958883,185.3678092899419,0.9715483687764253,0.1244920312771702
2017-02-24,0.15767601061691755,7.6,KERVILCO,0.0,426.0544567308088,116.32370336270526,-7.256922904435363,-18.15546009102692,146.60136870230974,1.0096702339177062,0.1309354097384458
2017-02-25,0.22199122547381808,10.7,KERVILCO,0.0,448.4159896254979,116.32370336270526,-6.83512430064734,-18.511619010156792,142.15781850638058,0.976583144193973,0.1145396155228131
2017-02-26,0.188381339000212,9.08,KERVILCO,0.0,439.8227986940024,116.32370336270526,-4.574985520065589,-15.70344878983718,179.90908162270387,1.2586403172058438,0.1636118604725821
2017-02-27,0.1848543756048336,8.91,KERVILCO,5.672919033045838,357.24194959775247,121.99673802673888,-1.196017775690422,-13.7599873247807,211.3000779148267,1.4365578427425356,0.2023100708848858
2017-02-28,0.1406635989450922,6.78,KERVILCO,1.5301930115848197,423.3312888962788,123.52684439012076,-2.7542993654734524,-13.949754075723815,207.96956264286013,0.9699278049336342,0.1015756537443028
2017-03-01,0.14419056234047062,6.95,KERVILCO,0.0,542.7226561941461,123.52684439012076,-2.659776718814048,-18.007938135634618,147.88225673652565,1.2765897863288322,0.1509264255703251
2017-03-02,0.14875486791096035,7.17,KERVILCO,0.0,569.6313922591769,123.52684439012076,1.6590306433214306,-15.82635091801483,176.2373589033978,1.639815649102918,0.2358969709442077
2017-03-03,0.15124448913122748,7.29,KERVILCO,0.0,568.1643992200566,123.52684439012076,6.035454749616743,-11.404438842517528,248.28517773244147,2.1697281038283927,0.4082346641399719
2017-03-04,0.1589208212270511,7.66,KERVILCO,0.0,563.8361790459555,123.52684439012076,7.718916852971425,-9.360519767184408,288.21851980204207,2.251648862470363,0.4562274075709605
2017-03-05,0.13381714058935765,6.45,KERVILCO,1.2425150528140068,456.0853671012697,123.36195073675655,5.675458745469922,-5.607637694106437,399.2099309764303,2.326824381226038,0.4015553488730909
2017-03-06,0.1184644763977104,5.71,KERVILCO,0.0,486.4717314498864,123.36195073675655,-2.757541163044229,-14.973357620574385,190.79696782518872,1.1172207227495363,0.1279924138180468
2017-03-07,0.14439803077549287,6.96,KERVILCO,0.0,572.7552176985163,123.36195073675655,1.5964513684062231,-15.141538331014438,185.30518285896,1.8563408838255089,0.2431113769759482
2017-03-08,0.16576727958278567,7.99,KERVILCO,0.0,551.5459244166916,123.36195073675655,7.51024625013444,-8.129690494605901,316.60578849350475,2.712685116158283,0.438892879151595
2017-03-09,0.14688765199576,7.08,KERVILCO,0.0,538.2135445984909,123.23410539264349,9.307846969695133,-5.699371387873557,379.4677778976911,3.0625303637100374,0.5555588882904293
2017-03-10,0.16472993740767436,7.94,KERVILCO,0.0,513.8022909404029,122.4871882335552,9.681494444175303,-4.222140355751378,425.3631727989096,2.953672072624892,0.5881305086740038
2017-03-11,0.1665971533228747,8.03,KERVILCO,0.0,477.9858666830922,121.46900868702244,8.660973009946229,-3.575076687479174,455.5800917889052,2.57434029509504,0.5141259766446943
2017-03-12,0.15103702069620523,7.28,KERVILCO,0.0,451.120008771953,120.87079741907122,6.599776365868779,-4.575375883135995,426.1679728781142,2.850993271441449,0.4324388555726937
2017-03-13,0.1433606886003816,6.91,KERVILCO,0.0,524.6535286355157,120.81278269913965,8.174981519888812,-5.877823037857788,375.4751610677378,2.9382050647572475,0.4585754157455468
2017-03-14,0.14315322016535936,6.9,KERVILCO,0.0,549.846954354843,120.0774586473716,11.270117129015214,-4.248554473383282,406.94476229094624,3.5535489387438592,0.6146357821024245
2017-03-15,0.17053905358829768,8.22,KERVILCO,0.0,542.4170868142322,118.80264716516348,12.34705398386677,-2.9641392949869028,445.2154019085931,3.52630529778638,0.7467262259236088
2017-03-16,0.17240626950349802,8.31,KERVILCO,0.0,508.9204288449788,117.10212279868752,11.71069314021175,-1.951820572483088,491.9208387814284,3.4493261699823146,0.7059651953436755
2017-03-17,0.17904525942421032,8.63,KERVILCO,0.0,503.99136423625896,114.90444113405243,12.600701133683856,-0.7676646370956542,532.608318649637,3.170543389956505,0.7605171162774054
2017-03-18,0.2008294451015476,9.68,KERVILCO,0.0,539.4214881677873,112.71763440993088,13.987376064521284,-0.7934022124301716,514.4398466170336,3.093264763646665,0.8259938170198139
2017-03-19,0.2199165411235955,10.6,KERVILCO,0.0,512.6056729641965,110.49829660558903,12.766565864341862,-0.7158077943320483,529.1323876190669,3.344361256808912,0.7455548908618368
2017-03-20,0.2323646472249311,11.2,KERVILCO,0.0,519.8596421362006,108.23136056633,13.099310854628447,-0.6021203962687276,530.8612491769769,3.2625403763398904,0.7819436953105942
2017-03-21,0.2282152785244859,11.0,KERVILCO,0.0,491.3479240341063,105.9590086931714,12.04493696581468,-0.589714817512359,542.2638747903386,3.199950104104728,0.7109893263149953
2017-03-22,0.2323646472249311,11.2,KERVILCO,0.0,485.5220678699562,103.72824227327136,11.533089727789088,-0.6894173227561234,544.0186493934433,3.233479755158266,0.7071258966281947
2017-03-23,0.2282152785244859,11.0,KERVILCO,4.293683075158277,355.3815223206649,103.0509102131966,8.181747368237232,-3.497317882646266,473.7411178939731,2.75323950409322,0.4219230624456094
2017-03-24,0.2240659098240407,10.8,KERVILCO,0.0,402.3839675584952,102.58999118434896,4.507004738458336,-4.9039839110371775,418.7155925665302,2.568769770713303,0.328712855491526
2017-03-25,0.2199165411235955,10.6,KERVILCO,3.711306122074405,405.9502684364805,102.32036669977622,8.700492834387148,-5.357278972627129,404.2923021098509,2.8407307432390545,0.5620877824425957
2017-03-26,0.22199122547381808,10.7,KERVILCO,0.0,428.173690768987,101.29620603124918,6.478484573762855,-3.562484117725448,459.0880741986264,2.6273102549831275,0.3604968269000587
2017-03-27,0.20518628223701507,9.89,KERVILCO,4.457624699374348,399.2398367203245,100.8041490210356,7.987855950733465,-4.827014063801854,424.56192822726285,2.5665335456629434,0.4444990182864258
2017-03-28,0.19833982388128046,9.56,KERVILCO,8.659884218376082,326.540209234227,99.82557203387992,6.449509837013254,-3.6702498890652193,466.41952710137247,2.392476148131065,0.335553892660683
2017-03-29,0.20041450823150306,9.66,KERVILCO,0.0,458.895641625342,99.50867936713604,5.321952021330601,-5.318208386031592,404.88229027884864,2.47773455037503,0.3192499471592003
2017-03-30,0.19668007640110238,9.48,KERVILCO,0.0,590.6013253076055,99.32746752611727,9.936498951243108,-5.71951381686777,368.0742742170261,3.0066387358054847,0.4756024776917362
2017-03-31,0.2066385612821709,9.96,KERVILCO,12.155063736478818,305.7785212181123,100.97017754524953,3.96399985971448,-5.09920168241119,418.9555148043169,2.027316890712237,0.2273515025286709
2017-04-01,0.2282152785244859,11.0,KERVILCO,5.679534469863577,354.77658832442535,104.05823583959292,4.428217371300863,-6.112100096178278,388.7539334102484,1.8764699729229704,0.2169075907481648
2017-04-02,0.21369248807292773,10.3,KERVILCO,3.21207114141248,406.0231461719342,103.3899204180144,6.541463511997181,-4.409148111243736,438.5978822289544,2.6992013652226863,0.3645792197312006
2017-04-03,0.21369248807292773,10.3,KERVILCO,10.195413437053402,341.31686962750086,108.48299161014748,3.364686037576884,-6.149368383480519,387.62057775402417,2.2687697749832725,0.2929845911422699
2017-04-04,0.20311159788679245,9.79,KERVILCO,13.968796719441952,378.78107390775534,122.4519045623082,-1.0771135725286751,-11.71072241503968,250.4613813489318,1.4347675524750934,0.1299527460442502
2017-04-05,0.27385833422938305,13.2,KERVILCO,0.0,660.632022312963,122.4519045623082,3.690980673431835,-13.414833423171094,208.2329153973808,2.208159402096625,0.2764124323190506
2017-04-06,0.2323646472249311,11.2,KERVILCO,0.0,656.5151044209546,122.4519045623082,10.247691238054614,-6.719070230132195,321.00808000991407,3.0977005444447,0.5630621202945838
2017-04-07,0.23443933157515373,11.3,KERVILCO,0.0,592.7755923755299,120.50255694990253,12.587340183549392,-1.3589793989664,486.47591491620017,3.5940168123825043,0.7500149717977856
2017-04-08,0.2510368063769345,12.1,KERVILCO,0.0,572.5131033742881,118.52057802496668,11.57234603331802,-1.2821719715088653,500.29987236419765,3.5803400732420423,0.625321955084781
2017-04-09,0.2614102281280475,12.6,KERVILCO,0.0,539.8532144128177,118.49679218919457,4.794251440897768,-6.768132494680535,349.0789623470586,2.763834816696029,0.3431965698810397
2017-04-10,0.26348491247827005,12.7,KERVILCO,0.0,678.3276335259357,118.49679218919457,8.215420458147099,-9.451448236716605,246.3108118628548,3.044291387393405,0.4902099779219775
2017-04-11,0.26970896552893786,13.0,KERVILCO,0.0,656.990967022322,118.48425756099483,10.302190622995075,-6.376310940118232,305.4316537273192,3.364383852099832,0.6361102712443577
2017-04-12,0.27800770292982824,13.4,KERVILCO,0.0,619.6325472750198,116.3423518629932,14.115453371481673,-0.8991640903416906,450.2073158705152,3.848261252389266,0.8423170595096711
2017-04-13,0.3236507586347255,15.6,KERVILCO,0.0,648.5179458653203,114.46529894565998,14.847945504424809,-1.5314714991270038,415.1484327828807,4.287937125581771,0.8440424563075407
2017-04-14,0.4004140795929616,19.3,KERVILCO,0.0,589.6953388285326,111.96731334979644,13.602252509819206,-0.0529855927982087,484.0125958975619,4.037849039139834,0.8180283515359161
2017-04-15,0.47510271620097516,22.9,KERVILCO,0.0,605.3847574764178,109.96488506992084,12.97640646652415,-1.23133572346081,434.1300192007167,3.776014112330552,0.7626308727960991
2017-04-16,0.5269698249565401,25.4,KERVILCO,0.0,659.5290253253227,108.86850524357264,13.239650271076998,-3.3898019981853955,342.9588566746102,3.347698880528807,0.7652833610321852
2017-04-17,0.5663888276107695,27.3,KERVILCO,0.0,604.6778741134376,106.71585780001534,13.410744097327152,-0.8754167915648073,419.95671076414567,3.7552527722287024,0.8053791760934187
2017-04-18,0.5995837772143311,28.9,KERVILCO,0.0,602.8071421040289,103.59804112180284,15.549749742644844,1.4250221271323846,483.3506427511139,4.293970181062842,0.932408570434039
2017-04-19,0.6929445729743481,33.4,KERVILCO,0.0,607.6422112153808,101.93523517941355,11.939936447022966,-2.0415486990391445,390.32280444797385,3.946527519335878,0.6378942471711492
2017-04-20,0.730288891278355,35.2,KERVILCO,1.392155322547459,446.0032212836648,100.8198795967271,7.363517010225037,-3.34384479263984,424.5906354146275,2.961319086702488,0.4463818220196736
2017-04-21,0.7012433103752385,33.8,KERVILCO,0.0,522.1492836526863,100.4528560616213,5.856880623512167,-5.18083858620898,347.3502164332112,3.0377225606740046,0.3924521615120746
2017-04-22,0.636928095518338,30.7,KERVILCO,0.0,634.6114779008988,100.43414321251508,7.9706958121561,-6.831913742605438,263.0896638546097,3.005427458398073,0.4417493555671637
2017-04-23,0.6120318833156668,29.5,KERVILCO,0.0,675.5902556433686,99.79524067025716,12.74140428153573,-4.478795062007653,268.7062366677657,3.758590411689254,0.7109387393108972
2017-04-24,0.6390027798685606,30.8,KERVILCO,0.0,442.9144187212063,97.30026470684602,8.982623510616824,-0.0602136360516277,490.4478014481096,3.514931275679473,0.4968450301649771
2017-04-25,0.636928095518338,30.7,KERVILCO,2.8160846547387663,386.8339358064437,98.0306197909015,4.386828399777379,-5.102125058122248,381.4198370755149,2.537213426910302,0.2952776948521686
2017-04-26,0.6182559363663346,29.8,KERVILCO,0.0,522.9036550248612,97.96574479987518,4.142967954478941,-6.586213460044255,300.7021533871747,2.8791554071896006,0.3731869162180228
2017-04-27,0.6141065676658893,29.6,KERVILCO,3.061479484946481,417.8641503647496,100.8921784051885,3.160471517936921,-7.23461351976677,322.7815621758035,2.473894421290505,0.283798542340672
2017-04-28,0.5497913528089887,26.5,KERVILCO,7.091419578467326,411.44820855631855,107.98359282102204,1.7579431610305836,-9.616040809377214,280.6702348474838,2.1640810001979816,0.246446705118681
2017-04-29,0.5103723501547593,24.6,KERVILCO,0.0,387.67350286414165,107.98359282102204,-2.8801863632042752,-10.190522784881477,276.7366367601714,1.4813017887202948,0.1038145156497457
2017-04-30,0.5394179310578757,26.0,KERVILCO,0.0,663.4413153340007,107.98359282102204,5.092611889155889,-10.215647791210367,203.9365703842612,2.762953013970108,0.3216731594761717
2017-05-01,0.4522811883485266,21.8,KERVILCO,0.0,614.9406401248414,107.35971117284646,9.047639010373118,-4.513768249532157,309.0289308356866,3.707557120270343,0.5119919391323978
2017-05-02,0.41701155439474247,20.1,KERVILCO,0.0,597.6528173589276,106.3241343463163,9.461722391892794,-3.5355728550531063,335.37115504208447,3.234245098901428,0.4403949941177701
2017-05-03,0.4024887639431842,19.4,KERVILCO,0.0,604.1747274445454,105.45965221550128,9.709117211762695,-3.9428478672295686,321.8550201875035,3.6355661812893656,0.4789704167780584
2017-05-04,0.40871281699385204,19.7,KERVILCO,0.0,711.8292685292262,104.036981235046,16.53251440965936,-2.6122388822981377,283.1391728863789,4.3564640713160125,0.858567760792482
2017-05-05,0.47925208490142046,23.1,KERVILCO,0.0,680.3130807875634,101.21158564894029,18.022912369778524,0.7278526495912937,366.3532561478984,4.687284936714812,1.029368080222814
2017-05-06,0.6307040424676702,30.4,KERVILCO,0.0,663.2887974496903,98.4015107961238,16.930256544811783,0.6898372780682511,377.0999533306806,4.691773933228357,0.9614192647611216
2017-05-07,0.8029028435361459,38.7,KERVILCO,0.0,605.9012585363508,95.68742065323022,14.219357131900123,0.4633496343000592,412.1828022813692,4.067029404642579,0.6459062994300003
2017-05-08,0.9792510133050668,47.2,KERVILCO,3.97900269039538,433.5996460679931,92.9282491695845,13.671878823107097,0.6205197823391368,521.0387070871527,4.078586446247595,0.5880872569793529
2017-05-09,1.1265536021708713,54.3,KERVILCO,11.006065328316913,357.1766706265284,90.72686440716733,9.23903828323203,-0.6893457793372968,538.0613935821636,2.6657615447773493,0.2922801265218391
2017-05-10,1.1182548647699808,53.9,KERVILCO,10.494795140020187,461.7117588504896,89.33927592247889,11.599798376486984,-2.604182235322131,427.2995721746504,2.9792087216618603,0.3662277466311422
2017-05-11,1.0933586525673098,52.7,KERVILCO,0.0,605.5116952344752,87.43893869806382,12.260120415234548,-1.37866759567601,414.3531559438962,3.864380529369476,0.5223972506858098
2017-05-12,1.0290434377104092,49.6,KERVILCO,0.0,597.712991320517,84.58591127404856,14.68466874659865,1.0230185317321172,482.2724113270136,4.313786630531162,0.8111051102572525
2017-05-13,1.0788358621157514,52.0,KERVILCO,0.0,596.4166498840807,81.51628830469309,15.181502798385806,1.6651445843130854,491.15356473950345,4.874190510110704,0.7954530533246835
2017-05-14,1.340246090243799,64.6,KERVILCO,0.0,591.022890907235,78.51516728109063,14.969480185305466,1.589924125063499,479.856453491548,4.710804905392701,0.7732105469478354
2017-05-15,1.371366355497138,66.1,KERVILCO,0.0,629.5843241883492,75.87380718385944,15.47381787355488,0.755622107701343,399.65041310671927,4.703081366900879,0.7948341036964737
2017-05-16,1.423233464252703,68.6,KERVILCO,0.0,528.8491283811661,73.87045764817579,10.363824161990218,-0.6639838922333835,435.0174114862889,3.8257728625659295,0.526223748447312
2017-05-17,1.230287819682001,59.3,KERVILCO,3.246040075552261,395.5665945661338,72.93243908744093,7.490533747215576,-3.450113141585507,428.4098468861887,3.2988752573247577,0.4160919697612922
2017-05-18,1.1099561273690906,53.5,KERVILCO,0.8595627459871693,491.3242767609193,73.76474461357613,3.007619710563564,-7.578978745736069,304.47223158334293,2.174985825636634,0.1618232340984708
2017-05-19,1.0435662281619673,50.3,KERVILCO,0.0,625.6296041988221,73.76474461357613,5.404456426143599,-8.305937577744245,245.1644773383945,2.784210169130085,0.3124198848293935
2017-05-20,0.9087117453974983,43.8,KERVILCO,0.0,662.520577197313,73.73083323929926,8.640070885446622,-6.958938112751125,246.5055165876824,3.785497978806183,0.4900189706051132
2017-05-21,0.7925294217850328,38.2,KERVILCO,3.7903078016292753,468.1751225329865,72.62358867200591,11.498159753181808,-3.019348788684286,394.84851968186473,3.750151432023455,0.5535326555794255
2017-05-22,0.7074673634259063,34.1,KERVILCO,3.798915183237518,401.1698729916305,70.94251265974795,9.979636966541513,-1.4154118015035269,491.1561279550757,3.495813779849023,0.4164473757974392
2017-05-23,0.6742724138223447,32.5,KERVILCO,0.0,631.4706640394272,70.39621765537551,9.95959108919357,-4.404469403358654,311.8448677500935,3.98255636757025,0.5051382659659848
2017-05-24,0.647301517269451,31.2,KERVILCO,0.0,654.4301632984018,68.12122426596203,16.187257344328202,0.0942411238432311,388.037916535542,5.593068497577073,0.8837090274910061
2017-05-25,0.6950192573245707,33.5,KERVILCO,2.3534288462067336,473.9525945612105,65.45402981215379,15.448244677728944,1.5391614209404492,535.7464834724004,5.075831131428786,0.7872037531444859
2017-05-26,0.7468863660801357,36.0,KERVILCO,0.0,602.0965779256805,63.084075328732574,14.775082271034275,0.6635103652695131,438.148991281675,4.712831458761063,0.744119655770203
2017-05-27,0.7946041061352555,38.3,KERVILCO,0.0,574.194894402782,61.597801819834935,11.55463874874399,-1.5362274120920512,400.1667736178251,4.08347478896218,0.5526035728341453
2017-05-28,0.7759319469832521,37.4,KERVILCO,0.0,665.6536602903643,60.85436957181818,13.645776533635422,-3.6871638337465646,301.3467772643358,3.983301732731416,0.617415389420883
2017-05-29,0.7572597878312487,36.5,KERVILCO,0.0,578.4624923031238,58.51960723336883,14.73309503822318,0.7726042389984732,438.4288538159446,4.157232698777453,0.7029922569176114
2017-05-30,0.7614091565316939,36.7,KERVILCO,1.6969272125691992,540.6970879058821,56.12200719415835,16.64178430514028,1.1833186891675098,461.589015395426,4.474183888337144,0.7719985974822353
2017-05-31,0.8132762652872589,39.2,KERVILCO,0.0,556.5361342586094,53.39256193777207,15.686252041135328,2.4860477128333067,502.7287267021227,3.956826733739948,0.7833725950915555
2017-06-01,0.8257243713885944,39.8,KERVILCO,0.0607124572307836,582.8049171886717,51.088079015045,15.982692116394029,1.697842992711786,459.18526140550495,4.112312406570257,0.6940717378859395
2017-06-02,0.9004130079966081,43.4,KERVILCO,0.0,570.8720178869748,48.72193935726618,15.937581812600351,2.0151395966719408,476.3554493747755,4.325819340844205,0.668104888233447
2017-06-03,0.9709522759041763,46.8,KERVILCO,0.0,616.7251942266995,46.514016950397455,17.823690330013108,1.8425872601616555,433.7576379249515,4.78650955038219,0.790421283158608
2017-06-04,1.0082965942081832,48.6,KERVILCO,0.0,611.6445956242067,43.70307142945923,20.343806082974424,4.225550541873464,496.2096790436728,5.441349737759475,1.0657685047965064
2017-06-05,1.0290434377104092,49.6,KERVILCO,0.0,596.0831024798531,41.07032270900218,19.86321557442848,4.484158606375479,518.288410370705,4.759255907610211,1.0499204614984303
2017-06-06,1.0414915438117447,50.2,KERVILCO,0.446768493252639,565.8989251942761,38.51116432394191,19.39250042207555,4.823511027245709,555.8166733618281,4.7013376906114,0.8717140870988281
2017-06-07,1.0414915438117447,50.2,KERVILCO,0.0,597.5592294186312,36.1956108215823,20.341542016638336,4.4598133302497365,515.6146556712964,4.934185204920542,0.9298522526966126
2017-06-08,1.0290434377104092,49.6,KERVILCO,0.0,602.6471281556545,33.915619050031154,21.11756979055736,4.535148583681572,509.8392273235597,6.082669487340979,1.1696519116261117
2017-06-09,0.9979231724570702,48.1,KERVILCO,0.0,586.6133627926926,31.38929817064135,21.86987730592845,5.801004308047007,564.3759965257144,6.642797222415455,1.3717303915724517
2017-06-10,0.9190851671486113,44.3,KERVILCO,0.0,587.95568960989,28.75536452553276,23.07758210025958,6.838591407886189,597.660996500448,6.85965515557972,1.4512928063324189
2017-06-11,0.8547699522917109,41.2,KERVILCO,0.0,569.3273819374414,26.371823710057,21.04958000429371,5.68798873641202,578.1162757402584,6.061229256598875,1.2514545408875162
2017-06-12,0.7634838408819163,36.8,KERVILCO,0.0,565.3479869418928,24.32036443980204,19.58308277064753,4.326266024069938,536.8007138200751,6.498841978675262,1.1492113468908904
2017-06-13,0.6929445729743481,33.4,KERVILCO,0.0,511.1079131774408,22.815338308135,15.362388998104416,2.28095803324353,520.059173387988,5.610099518907229,0.8645489328828121
2017-06-14,0.6286293581174476,30.3,KERVILCO,0.0,601.7720978097002,21.3225810335169,19.23603970219595,1.8866816397724973,432.3264335100952,6.018465344185703,1.0972050745028403
2017-06-15,0.5788369337121051,27.9,KERVILCO,0.0,604.4270420400068,19.56002718740991,21.77314101147424,3.735308985635409,476.7539866217909,6.397610714223666,1.379682872994427
2017-06-16,0.543567299758321,26.2,KERVILCO,0.0,574.122853677232,17.56907287975095,22.49344679610408,5.700997299856206,565.4518530585,7.241852114868698,1.481467832396667
2017-06-17,0.5248951406063176,25.3,KERVILCO,0.0,555.2965309376891,15.51010383664223,22.98620279675248,6.803864779819376,622.9999255791929,7.00320127711614,1.3731223440682812
2017-06-18,0.5248951406063176,25.3,KERVILCO,0.0,561.992089511876,13.701998909314977,22.93167712098093,6.3600056576755,598.2446883714027,6.486309998618803,1.2583717619125974
2017-06-19,0.5186710875556498,25.0,KERVILCO,0.0,543.9461159173122,11.961726678778009,22.76318918561813,6.841120444337111,635.9077521866798,6.152893400609582,1.4015486998302735
2017-06-20,0.49792424405342384,24.0,KERVILCO,0.0,554.3607170280413,10.243124608342802,25.032603987068324,8.241004596093402,675.3099474180029,6.769375383657555,1.6475754455934402
2017-06-21,0.4647292944498622,22.4,KERVILCO,0.0,497.4048886434484,8.639824349203229,24.14807031796557,9.680747370272286,813.1789921956077,6.704688642216281,1.6329562988167323
2017-06-22,0.4419077665974136,21.3,KERVILCO,0.0,514.5186871182109,7.283828195892934,23.81923755319388,8.649194694113595,722.6366394841173,6.978513275960937,1.528057313438248
2017-06-23,0.40871281699385204,19.7,KERVILCO,0.0,534.0182970332677,6.296328929191716,21.232474177392493,5.460018975330644,578.2094960834243,5.920994355251641,1.1615679972417972
2017-06-24,0.37966723609073566,18.3,KERVILCO,0.0,526.1476654563545,5.572280126079571,20.35092906600279,4.756233415676313,546.6950815236411,5.751296088666253,1.0864660075562067
2017-06-25,0.35684570823828704,17.2,KERVILCO,0.0,557.3580292002945,4.923771215371373,21.99709305457477,4.630752384950228,509.3330034244113,5.984872374366888,1.2485537912908211
2017-06-26,0.33402418038583853,16.1,KERVILCO,0.0,503.78448789665816,4.233213186073627,21.46831510191627,6.704518625737903,619.5009543651283,5.29974045140514,1.205702632547619
2017-06-27,0.3195013899342803,15.4,KERVILCO,0.0,504.906068168001,3.512396305873864,21.44275161826565,6.561422252848615,572.9477600359663,6.412738369703728,1.292837849960824
2017-06-28,0.29460517773160905,14.2,KERVILCO,0.0,512.9542677878924,2.8483331985336537,22.12948480537341,6.826498619891502,571.8552345696562,6.66697609523367,1.4198961823693748
2017-06-29,0.2717836498791605,13.1,KERVILCO,0.0,509.7212344797942,2.2292635907889133,21.316648325806334,6.216574809264911,556.5040725576498,6.4901634497292,1.3083138699293697
2017-06-30,0.2572608594276023,12.4,KERVILCO,0.0,483.24995782418114,1.7034624203112811,18.77041095008684,4.847014072702945,485.68870165997777,5.510458962682728,0.9799138213873256
2017-07-01,0.2448127533262667,11.8,KERVILCO,0.0,570.3498755484816,1.2638474551140857,22.08045915792335,3.831658183967036,347.53486662090967,5.740051881227117,1.2712698471371238
2017-07-02,0.2385887002755989,11.5,KERVILCO,0.0,502.62473689645407,0.8576140462973365,21.36513099655812,6.451116109472723,458.0140848427953,4.943619182005029,1.186395102098878
2017-07-03,0.2240659098240407,10.8,KERVILCO,0.0,507.61353404392383,0.5959385735854298,21.072680803341925,5.9970290308042165,394.8728067812471,4.856600423830449,1.1362956264110964
2017-07-04,0.21784185677337292,10.5,KERVILCO,0.0,511.2818798781007,0.4112325674015561,22.82807691978467,7.551795957060783,388.4233918508783,5.534438193282735,1.3654700421576127
2017-07-05,0.21369248807292773,10.3,KERVILCO,0.0,514.8434559828208,0.2351589001283039,23.775346576868017,8.315415111303228,406.01534249482586,5.20365048993991,1.423891036924057
2017-07-06,0.20373400319185922,9.82,KERVILCO,1.0944990182033194,494.157537282039,0.1084250095049191,23.862131955377603,8.589364718130982,430.2840258901179,5.291354642430544,1.3903730227099826
2017-07-07,0.1977174185762137,9.53,KERVILCO,0.0,520.73233502009,0.0484795852340734,23.3387132462303,7.583322335454235,385.0979899813629,5.15980831497993,1.1835449636012267
2017-07-08,0.19792488701123592,9.54,KERVILCO,1.4911700162267632,498.9151591890953,0.0055086354773626,23.11474649818332,7.567467312230305,407.3161481113617,5.420272246489593,1.1866310358737728
2017-07-09,0.19336058144074625,9.32,KERVILCO,0.0,527.1361797452469,0.0,23.742190965419724,7.569175058551917,386.7749720606399,5.634241802474791,1.3584735956823868
2017-07-10,0.17344361167860928,8.36,KERVILCO,0.0,527.9438924145524,0.0,25.009023322880097,8.812369637439971,418.1578455643148,5.263971281100829,1.3392336255147144
2017-07-11,0.1748958907237651,8.43,KERVILCO,0.5848168170272418,457.2389652617406,0.0,22.33550098373872,8.492855191266477,449.99999072519927,4.686140192300403,1.067908871140537
2017-07-12,0.18008260159932157,8.68,KERVILCO,4.817101593505665,310.32297757488226,0.0,19.19041295429383,7.709420960158392,605.8677108595563,3.7381318767496574,0.6578613091888078
2017-07-13,0.2074684350222599,10.0,KERVILCO,8.2651119947489,280.85553921837925,0.0,17.004597195848756,6.764099707274521,669.4792973852004,3.257705265240148,0.4885501200081898
2017-07-14,0.2323646472249311,11.2,KERVILCO,10.247113925780493,303.919831185463,0.0,17.74191442985772,6.524839773054652,674.9218114757894,3.489880514931931,0.5764553601579309
2017-07-15,0.21369248807292773,10.3,KERVILCO,13.433124654388507,340.7868674959517,0.0,19.750618977791216,6.873693406635433,691.3817357172493,4.139432975311359,0.6980233650590961
2017-07-16,0.21576717242315033,10.4,KERVILCO,4.436759840545193,392.5961123302709,0.0,21.62742367160804,5.978640648557924,649.6720801383252,4.2120761458225005,0.7338680922023106
2017-07-17,0.2199165411235955,10.6,KERVILCO,6.417290950725134,379.2953532481922,0.0,22.3659542588076,7.023592564314756,732.3282988723047,4.701866832288355,0.9158676955740463
2017-07-18,0.26348491247827005,12.7,KERVILCO,9.322933367883772,349.4822506714984,0.0,22.133396179179165,8.495460731003918,882.973741479898,4.67060994189542,0.9831909190509202
2017-07-19,0.21784185677337292,10.5,KERVILCO,4.257086626222133,371.7576114958817,0.0,23.149167057265974,8.241642193478327,877.7103798075339,4.637329873473493,0.9932834231584928
2017-07-20,0.189211212740301,9.12,KERVILCO,0.0,503.057244269012,0.0,23.41262082357637,8.545521639447887,750.8798236235704,4.239559410471341,0.9084027166422276
2017-07-21,0.16804943236803052,8.1,KERVILCO,0.0,482.4590439985751,0.0,22.351603309047675,8.446304292092686,775.4730664311918,4.46716912460543,0.903002561610422
2017-07-22,0.16991664828323086,8.19,KERVILCO,5.472957987463386,317.44585791678566,0.0,18.857135526503445,7.134999194171706,912.0058199441486,3.8752487127937454,0.6304116332349688
2017-07-23,0.21369248807292773,10.3,KERVILCO,7.505246734155806,385.4626967712019,0.0,21.559676801974696,6.137834691568155,786.5186764369063,4.530112141361055,0.8249256282173089
2017-07-24,0.2199165411235955,10.6,KERVILCO,3.084265093990486,355.60613812496126,0.0,21.35732152228673,8.064813135531155,957.9943339365076,4.950966674441891,0.9663974604036664
2017-07-25,0.2302899628747085,11.1,KERVILCO,23.265441029112505,309.7953055773609,0.0,20.44042914911244,9.126374852117426,1096.8434404351146,3.484170255381424,0.6372223814969167
2017-07-26,0.29460517773160905,14.2,KERVILCO,0.0,459.6996562498619,0.0,20.805809747795507,7.962168640386033,918.3770571981572,4.131925789212106,0.6600342693076879
2017-07-27,0.21784185677337292,10.5,KERVILCO,6.8899101661186295,349.84719348079943,0.0,21.56455125466293,8.212246206753948,1038.9837346437002,3.641632522117644,0.6510192565707963
2017-07-28,0.2385887002755989,11.5,KERVILCO,13.463475090672484,331.2286192767138,0.0,19.92060192955229,7.716075979807641,1037.079658649713,3.6803600247586776,0.5816887965315707
2017-07-29,0.4149368700445198,20.0,KERVILCO,13.537700876587143,314.66710747511286,0.0,19.117899541787263,7.750214302037218,1056.517583107172,2.800539116078592,0.2405850047372129
2017-07-30,0.439833082247191,21.2,KERVILCO,4.854856422152093,301.20331468709395,0.0,17.447281330715803,6.904219170528451,999.54762067043,2.8527103828188234,0.3653515638347031
2017-07-31,0.37966723609073566,18.3,KERVILCO,4.0748411086445735,352.46753632634744,0.0,18.36605639897393,5.388788703578763,898.334145599941,3.975614767876534,0.6652737010555108
2017-08-01,0.32987481168539323,15.9,KERVILCO,0.0,471.6185782326784,0.0,19.283998222391705,6.325932566375647,895.1730784574592,4.550058208715143,0.783042825127968
2017-08-02,0.31120265253338986,15.0,KERVILCO,3.40772353313968,372.1358992538615,0.0,20.13706738751034,5.870269532410112,924.0577653223086,4.616934574628996,0.865654710253433
2017-08-03,0.3091279681831673,14.9,KERVILCO,6.252509729187286,320.4663013256289,0.0,16.356901299254893,5.152864807453623,882.3164173537639,3.203810169519805,0.5339053486679673
2017-08-04,0.3132773368836125,15.1,KERVILCO,0.0,503.410370199031,0.0,19.056091667836142,4.922405914214482,812.3887883517942,4.209041308390352,0.7121992582989386
2017-08-05,0.29045580903116386,14.0,KERVILCO,7.154791214212929,368.4934181268473,0.0,18.585709952470307,4.850658541979089,866.4232856796441,3.5815247691160423,0.5551412529631754
2017-08-06,0.35062165518761923,16.9,KERVILCO,4.172179630372271,363.0620799895304,0.0,18.22570372070513,4.865277698427098,865.1027811294208,3.7414828463959937,0.5719906212135045
2017-08-07,0.33609886473606104,16.2,KERVILCO,5.572623865889464,247.63283567532363,0.0,14.220560063633805,6.158490583942736,946.3030027054592,2.5561811658833173,0.2676054078301259
2017-08-08,0.33194949603561585,16.0,KERVILCO,4.6197853758784895,348.73196921942497,0.0,17.366026487188936,5.048137494670482,875.6981938992287,3.104309340514406,0.4472995851336294
2017-08-09,0.2863064403307187,13.8,KERVILCO,0.0,527.4202138976859,0.0,19.80126519197,4.79650261661486,785.78004316287,4.050058194902399,0.682405241830691
2017-08-10,0.2593355437778249,12.5,KERVILCO,0.0,492.9401085060101,0.0,20.117828036492327,6.625279664017429,912.9713492108988,4.2840270942540615,0.7030824264884293
2017-08-11,0.2510368063769345,12.1,KERVILCO,4.256944201725747,334.4775630725862,0.0,17.319877587032455,5.69232040062343,916.3844728731666,3.6046620690403306,0.5885614393318812
2017-08-12,0.2593355437778249,12.5,KERVILCO,0.0,524.8696418379609,0.0,20.02183225486431,4.808341147772606,796.8080154850038,4.257169444582188,0.7474263832654887
2017-08-13,0.2323646472249311,11.2,KERVILCO,0.0,478.9454606155131,0.0,18.75439382257138,5.5953109910422985,872.5775853168755,4.053266071780566,0.7889654277140662
2017-08-14,0.2261405941742633,10.9,KERVILCO,0.0,497.7810714105765,0.0,19.33568234110605,5.255810117758054,841.0076141514832,4.295258003433018,0.8818997627450902
2017-08-15,0.2199165411235955,10.6,KERVILCO,0.0,488.82553162431486,0.0,17.86622702867147,4.318463955134674,798.5331007010574,4.2988186012285965,0.7418941115822073
2017-08-16,0.20186678727665888,9.73,KERVILCO,0.0,479.8337691128939,0.0,17.45959931632842,4.252968948877798,794.7481539216178,4.333582835801846,0.7382955666623898
2017-08-17,0.19128589709052365,9.22,KERVILCO,0.0,510.0504721695207,0.0,19.726607693455147,4.8695694096476965,806.2685445911386,4.321114023498741,0.926498947972716
2017-08-18,0.1836095649947,8.85,KERVILCO,0.0,524.106036922697,0.0,21.62380387248233,5.765075356419768,842.4026045411929,4.715833044326634,1.1267485372841903
2017-08-19,0.17531082759380961,8.45,KERVILCO,0.0,508.59006133766127,0.0,22.151507775107824,7.005866006544826,926.2334262080803,4.707231041341887,1.2199866846771568
2017-08-20,0.16908677454314183,8.15,KERVILCO,0.0,483.530721382049,0.0,21.11854748660676,7.224899312048832,955.0837012462928,4.209167759524245,1.0367455314881415
2017-08-21,0.1692942429781641,8.16,KERVILCO,4.263551279548909,332.2055462216511,0.0,18.738868571300443,6.389074900428698,960.2519663146549,3.8694552477217496,0.7581268459809395
2017-08-22,0.16991664828323086,8.19,KERVILCO,0.0,459.18463620898046,0.0,18.25912880038292,5.517312596218825,873.8502892149592,3.4718312208777307,0.7237086932411854
2017-08-23,0.17095399045834217,8.24,KERVILCO,0.0,516.167844117515,0.0,20.896182823822205,5.292589594546597,822.6417966207122,4.059255895811066,0.8952118186069082
2017-08-24,0.16472993740767436,7.94,KERVILCO,0.0,411.3550819370824,0.0,16.25380650796707,5.170275502774384,869.4144218744151,3.2812885269143344,0.6412066213551318
2017-08-25,0.14854739947593812,7.16,KERVILCO,0.0,520.0923020160161,0.0,20.021857236174363,4.009695876993827,752.124136500095,4.1430135515778606,0.7858567098417494
2017-08-26,0.12655574536357853,6.1,KERVILCO,0.0,502.6139886472781,0.0,21.98074907388733,6.543912355453378,899.530651052797,4.259349082457295,1.0901324415277525
2017-08-27,0.12178397135806657,5.87,KERVILCO,1.226360191894583,455.0734834491085,0.0,21.683179913866383,6.064132300372418,900.364879235329,4.165655061498957,1.0689048509201726
2017-08-28,0.12033169231291074,5.8,KERVILCO,1.151239889064195,475.1641321732221,0.0,22.26344743215607,5.872364329377776,877.9637101323096,4.352081516483954,0.9773162360346214
2017-08-29,0.12302878196820012,5.93,KERVILCO,0.0,487.7537724107541,0.0,21.78653252114076,6.535052749710843,914.7415152927364,4.255272682897383,1.0975368652465614
2017-08-30,0.11991675544286624,5.78,KERVILCO,0.0,496.41051293123945,0.0,21.94969154739494,6.047097938056238,879.8729758714386,3.958453920065183,1.0844174861066975
2017-08-31,0.12178397135806657,5.87,KERVILCO,0.0,456.6108949990097,0.0,20.266157899631693,6.39238529291642,932.4078712327556,4.303281022857253,1.01464277392223
2017-09-01,0.12074662918295528,5.82,KERVILCO,0.0,427.1529591822401,0.0,19.195769883642928,6.526278324958027,954.9396698443863,4.137842357212215,0.8710631858901466
2017-09-02,0.11680472891753232,5.63,KERVILCO,0.0,478.0219728349827,0.0,21.67328936847958,6.376909918041065,915.6602822219644,3.990602615807784,1.1038824051002714
2017-09-03,0.1091283968217087,5.26,KERVILCO,0.0,479.239189735685,0.0,23.195409450129244,7.510822263836154,983.2000850791612,5.072227243853346,1.3347269578216636
2017-09-04,0.11493751300233199,5.54,KERVILCO,0.0,458.06827426984165,0.0,21.475215772833355,6.826056026451632,956.299439987666,4.013663446529152,1.230434943876276
2017-09-05,0.10954333369175323,5.28,KERVILCO,0.0,501.71145841924704,0.0,21.81960996474401,4.750872168404969,808.1008791381963,4.65928254262853,1.0366317286677362
2017-09-06,0.0993773803756625,4.79,KERVILCO,0.0,471.758694137203,0.0,21.278767739067124,5.637091603367498,879.949588456379,4.810179349908115,1.114359919651825
2017-09-07,0.09626535385032858,4.64,KERVILCO,0.0,426.0432724116317,0.0,19.74293157351497,6.153826497127987,932.5278680803996,4.795993418746066,1.0806355722783345
2017-09-08,0.0973026960254399,4.69,KERVILCO,0.0,437.8559607856504,0.0,19.781516691463484,5.718317843884631,905.3307123718942,4.043346290671527,1.0569075743158998
2017-09-09,0.10622383873139708,5.12,KERVILCO,0.0,465.2983377527816,0.0,19.698234370328333,4.244623479111327,810.5498024980254,3.5368340493422745,0.9146713923465424
2017-09-10,0.1340246090243799,6.46,KERVILCO,0.0,405.1686966243488,0.0,19.182485758478776,6.319119835759929,952.0742039964356,3.240840606366389,0.86854713152365
2017-09-11,0.14668018356073778,7.07,KERVILCO,0.0,422.8817655828597,0.0,20.02722195543461,6.321524759357791,949.2833594936948,2.898319568321759,0.8670932765526841
2017-09-12,0.11991675544286624,5.78,KERVILCO,0.1197371141854461,452.466871789353,0.0,20.62949317448357,5.128915514153716,865.2014542603421,3.667432011679237,0.9036970431782998
2017-09-13,0.10331928064108545,4.98,KERVILCO,0.0,446.99800896032895,0.0,20.79292834633769,5.656004125935231,902.5014484633122,4.6083059086069245,1.043363941262825
2017-09-14,0.10020725411575153,4.83,KERVILCO,5.853719366024801,325.2015055281672,0.0,18.29992941655532,3.828733151452736,804.13676854125,3.566094356433537,0.7313710050389938
2017-09-15,0.13070511406402374,6.3,KERVILCO,0.0,370.60333755146377,0.0,14.250938083926298,2.8678533073622186,751.2484314039996,3.290576019920544,0.5372543289262258
2017-09-16,0.10456409125121899,5.04,KERVILCO,0.0,362.6506400392525,0.0,13.554447807157654,2.469659914728734,729.5497459433709,3.1743302810831184,0.567777110428022
2017-09-17,0.10373421751112995,5.0,KERVILCO,6.038630977319105,276.2467111813036,0.0,12.65550728936881,1.3014748266358451,671.3867902064867,2.758304265203073,0.4551688791787119
2017-09-18,0.1236511872732669,5.96,KERVILCO,0.0,441.0045696008599,0.0,15.797783807860704,1.0927849324990149,661.0275747111257,3.516438757297041,0.680825592537243
2017-09-19,0.10248940690099641,4.94,KERVILCO,0.0,419.0046450646127,0.0,17.054148255677912,3.187754494739823,767.7918777803486,4.702665417409611,0.902612237744885
2017-09-20,0.09916991194064023,4.78,KERVILCO,0.0,447.8920123286345,0.0,17.45171979870726,1.93092110510781,702.0187664754911,4.264014473818594,0.8959701815574506
2017-09-21,0.10082965942081833,4.86,KERVILCO,0.0,404.2825167013848,0.0,17.125077440760016,3.6956131142358633,795.7320745345706,4.494951991264383,0.945540907468174
2017-09-22,0.09771763289548442,4.71,KERVILCO,3.1897394830647188,259.8198043296692,0.0,14.750416239090775,3.9107896497390735,808.9485246886123,3.6089314974896287,0.6165748164313104
2017-09-23,0.14211587799024802,6.85,KERVILCO,4.209054299104767,232.1656769058803,0.0,9.72035142916903,0.3373475048161951,627.5571107801228,1.975658001802451,0.2556587121561321
2017-09-24,0.15975069496714014,7.7,KERVILCO,0.0,400.6754029705491,0.0,10.801443588681712,-1.964284389415744,529.4212630489836,2.797770490051645,0.4148334486653676
2017-09-25,0.1180495395276659,5.69,KERVILCO,0.0,416.049173800982,0.0,11.045557583680718,-2.6301800098273524,503.3746071975087,2.7514658662579534,0.5186329895531866
2017-09-26,0.10995827056179774,5.3,KERVILCO,6.229047279779037,319.05658199562544,0.0,12.067189779373969,-2.38154737368062,512.9309539454723,2.6734218194851187,0.5085834076525879
2017-09-27,0.1246885294483782,6.01,KERVILCO,19.45143822016905,196.32747512974288,0.0,7.421150087132076,-0.2588572782799311,600.242661600442,1.552201270307386,0.1472942654169509
2017-09-28,0.21369248807292773,10.3,KERVILCO,5.110453559921442,224.4153951293462,0.0,7.840356064637739,-0.9679082218099048,570.5685848939207,1.713287419068635,0.2004835114588631
2017-09-29,0.19750995014119144,9.52,KERVILCO,2.016046064676951,242.99301667765795,0.0,9.198205396857803,0.8003760256513615,647.5133256313391,2.028934107001802,0.2833223537655385
2017-09-30,0.2593355437778249,12.5,KERVILCO,5.585344924604964,172.5517514215397,0.0,7.13787094131968,0.4132102081121802,629.3590350343221,2.042178237974924,0.2946840361182667
2017-10-01,0.21784185677337292,10.5,KERVILCO,0.0,299.9529177214532,0.0,9.337071578517175,0.5455339232368611,635.7959676090525,2.499018353272,0.3649818650173955
2017-10-02,0.18443943873478907,8.89,KERVILCO,0.0,375.6855570749453,0.0,10.91015941418926,-0.6215593489328582,584.8085535798452,2.5471198731962543,0.4056447312121289
2017-10-03,0.16638968488785244,8.02,KERVILCO,0.0,447.04565150113126,0.0,14.451356021414854,-1.3392559232937828,554.8205049290149,3.07816378222397,0.5919733149365243
2017-10-04,0.15248929974136102,7.35,KERVILCO,0.0,419.25979008496455,0.0,15.834740286821347,1.567162155605522,685.3482739641277,2.94697015580074,0.5294692367062402
2017-10-05,0.14647271512571547,7.06,KERVILCO,0.0,352.4035291229681,0.0,13.350249613498852,2.5060360770761694,731.5474618888451,2.588462920257294,0.4294592553740322
2017-10-06,0.1402486620750477,6.76,KERVILCO,0.0,381.0081681179837,0.0,9.266587447772617,-2.7347322875801003,499.7540480763595,2.566956188019364,0.365628431859058
2017-10-07,0.13423207745940216,6.47,KERVILCO,0.0,459.6166365161,0.0,14.248120560629715,-3.4525623126679115,473.4104236004764,3.593288089529988,0.6958367474039227
2017-10-08,0.13755157241975832,6.63,KERVILCO,0.0,429.0668011729101,0.0,13.927738520028903,-1.450979331494457,549.4220480446508,3.3784333405639573,0.7719842981829634
2017-10-09,0.13526941963451347,6.52,KERVILCO,5.811096141153573,296.3879430404714,5.287808066346493,2.768932478031138,-8.243735667723103,330.8330942896344,0.8210408998398111,0.097125219710823
2017-10-10,0.14585030982064873,7.03,KERVILCO,0.0,497.3850045773017,5.287808066346493,8.406777810837792,-8.74921830209582,315.5548186135736,1.811064496373088,0.3430355025037529
2017-10-11,0.1450204360805597,6.99,KERVILCO,0.0,483.4909367068334,4.656714915634216,12.5206459091331,-4.344099050464537,442.7328531456242,2.5889787132230446,0.5957439114680835
2017-10-12,0.1406635989450922,6.78,KERVILCO,0.0,439.12942137567,2.364313992960974,14.391727429515914,0.096008784592527,615.1180557038224,3.321956031275114,0.703518687819908
2017-10-13,0.13257232997922408,6.39,KERVILCO,0.0,402.3284014323274,0.3913343986239412,13.26679475906229,0.0142857148174895,611.4296347637242,3.1814548512044,0.701590968010997
2017-10-14,0.12531093475344499,6.04,KERVILCO,0.0,409.14031990850754,0.1754474054126598,9.420744091693836,-4.816744530999494,427.2348349389291,2.7705699648223536,0.4342384620732879
2017-10-15,0.11659726048251007,5.62,KERVILCO,0.0,455.60860188700536,0.1674183891433903,12.363939609850018,-6.127943159819785,386.5898167755929,3.104858396811072,0.7124089053464903
2017-10-16,0.12116156605299978,5.84,KERVILCO,0.0,409.8671986423536,0.0,14.25933715887845,-2.000992647364098,527.4098502049285,3.4513494116086347,0.870416293917454
2017-10-17,0.12095409761797753,5.83,KERVILCO,0.0,405.5471892566167,0.0,14.299251934553064,-1.9898392765864188,527.8300442511078,3.496000143371801,0.8992229791803217
2017-10-18,0.12385865570828916,5.97,KERVILCO,0.0,379.008401116255,0.0,14.286722181735987,-0.2428508186925152,600.0596643278857,3.0152673908313115,0.891225915162053
2017-10-19,0.12302878196820012,5.93,KERVILCO,0.0,362.0168625699998,0.0,13.988880602588535,0.2849991688407689,623.5314975284206,2.6591627275537952,0.7669748143782288
2017-10-20,0.12385865570828916,5.97,KERVILCO,4.418597414562505,260.0343678792317,0.0,12.082021850067258,-0.7745006818649491,577.4404399646254,2.508335826301817,0.4861997863172609
2017-10-21,0.13174245623913503,6.35,KERVILCO,0.0,275.1898044011014,0.0,2.6660047920353134,-6.642359999379662,372.065360969888,1.7872716555805328,0.2468021037436687
2017-10-22,0.11887941326775495,5.73,KERVILCO,0.0,394.4716229287248,0.0,9.835820817783947,-6.30684435315618,381.5444245758775,2.9485208287238605,0.503171931834099
2017-10-23,0.12966777188891246,6.25,KERVILCO,0.0,346.32764380712297,0.0,11.766318644292303,-1.6349698844905995,541.857762837925,3.247891869308081,0.5954870100660195
2017-10-24,0.12033169231291074,5.8,KERVILCO,0.0,365.2553062473239,0.0,11.019434619650442,-3.722098109638913,463.9252299766748,2.777345188889567,0.5992179880005036
2017-10-25,0.11618232361246555,5.6,KERVILCO,0.0,361.4209277181672,0.0,12.746465642933584,-2.028980393313889,526.3335842759531,3.007593764207085,0.729120498758589
2017-10-26,0.1184644763977104,5.71,KERVILCO,0.0,354.07153140462793,0.0,9.299824941138858,-4.9059219418903,424.3314540086542,2.3731722530083066,0.427285943452675
2017-10-27,0.11037320743184227,5.32,KERVILCO,0.0,339.415823112712,0.0,6.48061130361499,-6.991586634055268,361.7210902486689,2.013623507946114,0.356068014301225
2017-10-28,0.11161801804197584,5.38,KERVILCO,0.0,316.1826650020283,0.0,8.036839048865074,-4.584895685783723,434.7623567939468,2.2831785984592456,0.4293717320889808
2017-10-29,0.11058067586686454,5.33,KERVILCO,0.0,367.2853483956831,0.0,12.495720257485695,-4.132007599646532,447.1448700396989,2.679241945539584,0.5471957573975658
2017-10-30,0.10892092838668646,5.25,KERVILCO,8.267613374422503,198.9202985839397,0.0,6.080113816588958,-4.377620403367801,441.63305965572255,1.457968110951096,0.2748281253577826
2017-10-31,0.11908688170277719,5.74,KERVILCO,0.0,173.50597675891296,0.0,3.734399193234442,-2.998978742993512,489.7310011558639,1.5053242802409688,0.2244740635771996
2017-11-01,0.12655574536357853,6.1,KERVILCO,0.0,271.9205457579415,0.0,9.645341598112084,-1.39351669237033,551.6067383750848,3.283701029217688,0.6135433057965799
2017-11-02,0.12095409761797753,5.83,KERVILCO,0.0,295.81267087396344,0.0,10.426980146698966,-1.892389930118512,531.64575547497,2.463269156860809,0.5303008178191544
2017-11-03,0.11452257613228746,5.52,KERVILCO,0.0,305.5551258447797,0.0,10.30064755213455,-2.4957132723473388,508.5253100541661,2.5792818701464406,0.573475423067375
2017-11-04,0.11431510769726522,5.51,KERVILCO,0.0259428971666872,160.82488259821386,0.0,6.186355841016615,0.0014568580787011,610.9350626071094,2.055811775111109,0.3935656063242534
2017-11-05,0.11141054960695357,5.37,KERVILCO,0.0,230.0029136990554,0.0,6.913789534484687,-2.0833203631634927,524.8169703484058,2.0613390218477314,0.4038195029074157
2017-11-06,0.10933586525673096,5.27,KERVILCO,1.4051602349131047,215.06536726767385,0.0,6.763626844029053,-2.1837449626633467,521.407615280545,1.8117866395797235,0.3846248062553433
2017-11-07,0.11016573899682,5.31,KERVILCO,5.733969235459105,189.0634803483817,2.676229070987976,3.50238162319641,-5.7157704982419295,399.6271546876576,1.1530531485153472,0.2256893281138149
2017-11-08,0.10311181220606318,4.97,KERVILCO,0.0,335.560394481075,2.676229070987976,4.246308945521773,-9.387729160623277,299.9057020159641,1.3474792761912322,0.2724308646167361
2017-11-09,0.09916991194064023,4.78,KERVILCO,0.0,330.62954542016524,2.4922149139078824,8.561157706382767,-5.030746069570449,415.70706911287937,1.716242386522731,0.5199703839169474
2017-11-10,0.11244789178206488,5.42,KERVILCO,0.0,319.0604814680036,2.172515729045612,8.792366652618664,-4.232566658381294,442.0136071961358,1.9489866998531968,0.519409003950888
2017-11-11,0.11016573899682,5.31,KERVILCO,0.0,288.3464227695242,1.843202208644368,7.111281819472254,-4.162757660861754,448.78454157635787,2.0495623845291804,0.4298572445642906
2017-11-12,0.11473004456730973,5.53,KERVILCO,0.0,289.88511491777865,1.6551628938384042,6.437295589315003,-5.057931201850147,419.4442710057696,1.3810289023755655,0.4457006381764427
2017-11-13,0.12759308753868984,6.15,KERVILCO,0.0,307.7695357264395,1.007894909257703,10.403446811252554,-2.325281021011947,510.0134311648227,2.0717014422381306,0.6166789797371006
2017-11-14,0.11120308117193131,5.36,KERVILCO,0.0,326.99875365280724,0.5949994999375988,10.296974830161572,-3.745584188239602,454.7899023543927,2.347276273529358,0.5737652597933227
2017-11-15,0.10580890186135254,5.1,KERVILCO,0.0,315.3776300057155,0.5161532093971163,7.513414843031415,-5.696594456270301,398.482207377585,1.7769026051487633,0.5233942270110338
2017-11-16,0.13070511406402374,6.3,KERVILCO,3.3483451365520107,294.0711528555548,0.2490486174000334,10.185723596839267,-3.6413054490525,465.6600946766149,2.3592958574600345,0.5750633909465799
2017-11-17,0.11784207109264362,5.68,KERVILCO,9.4480905608208,246.16010238902868,9.623886047625538,4.935709966325487,-7.92992079033042,337.1122955447175,1.103008205539744,0.157031712625097
2017-11-18,0.12033169231291074,5.8,KERVILCO,0.0,322.9093551216839,9.623886047625538,-0.9628321880334668,-13.211023223106174,220.91321753344835,1.224312017804625,0.1901976630750669
2017-11-19,0.2240659098240407,10.8,KERVILCO,0.0,351.12589337668595,9.623886047625538,2.9326881091331534,-11.457269955147904,254.5767842987437,1.7456723664160838,0.3734677720744654
2017-11-20,0.28838112468094124,13.9,KERVILCO,0.0,320.7176994635243,9.623886047625538,4.510929421824604,-8.124670690587466,331.324034217717,2.5428438495905,0.4976752858773465
2017-11-21,0.19502032892092433,9.4,KERVILCO,0.0,222.9982254024766,8.491795944511416,4.835985505181434,-3.2657984830405624,480.1278340066516,2.0194302955358774,0.3771262177720546
2017-11-22,0.15560132626669493,7.5,KERVILCO,0.0,308.3075408148515,7.473589913443852,8.574867389471152,-3.534279398829135,470.4745821629599,2.0002396059513874,0.4262204256655868
2017-11-23,0.11244789178206488,5.42,KERVILCO,0.0,296.9348187147807,5.631401284806668,10.01210075390922,-1.5384383208005667,545.7234220014452,2.217962803263374,0.5578949067539941
2017-11-24,0.1195018185728217,5.76,KERVILCO,0.0,309.9978722364811,4.042921695225147,10.42009651131338,-2.1227526483486265,522.5876861701239,2.3719609445321392,0.5465645121618069
2017-11-25,0.10954333369175323,5.28,KERVILCO,0.0,287.11408488869705,2.887628686827587,8.392697091404244,-3.0192316316621306,488.9649839931541,2.342294738755315,0.5437809045130487
2017-11-26,0.11784207109264362,5.68,KERVILCO,0.0,335.42156698480744,1.8939822218409232,12.497052697626664,-3.089368069311938,482.6960147922279,2.5397490909867506,0.7664450529823562
2017-11-27,0.1039416859461522,5.01,KERVILCO,0.0,290.853209278317,0.8507151180291741,10.963573901277467,-1.894680040873829,531.4453363404933,2.433439822590637,0.6937908812797526
2017-11-28,0.10414915438117447,5.02,KERVILCO,0.0,279.0283869371126,0.8507151180291741,5.04128545712506,-6.523013199789108,375.134885111814,1.1620844641024095,0.3238514524038364
2017-11-29,0.12987524032393472,6.26,KERVILCO,0.0,312.0078841463897,0.8507151180291741,6.105504644694201,-8.195373204062973,329.5151788244977,1.587714228327472,0.4007800063788682
2017-11-30,0.1624477846224295,7.83,KERVILCO,0.0,275.1544749378735,0.8125120598705934,5.967764781860699,-5.865933936858734,394.4269300680868,1.4278459841548687,0.3935492992428892
2017-12-01,0.15622373157176173,7.53,KERVILCO,0.0,268.32248424545134,0.631298458072766,6.676096650626729,-5.031503113846322,420.2790025369145,1.7791920427212775,0.3773408540130982
2017-12-02,0.1402486620750477,6.76,KERVILCO,0.0,289.66235067672164,0.631298458072766,6.480841231673005,-6.706516240655527,369.8027365979869,1.463185902966949,0.3748161492014577
2017-12-03,0.14771752573584906,7.12,KERVILCO,0.0,259.9855762349799,0.4965215794962022,6.2144251211063,-4.95689594385838,422.66762166345217,1.5564706662439765,0.341053876631756
2017-12-04,0.2070534981522154,9.98,KERVILCO,0.0,298.595144938988,0.4965215794962022,-1.181902103797447,-15.20033740165853,188.25135461142656,1.033439825457514,0.1619889531840556
2017-12-05,0.10829852308161966,5.22,KERVILCO,0.0,307.243120712225,0.4965215794962022,-1.238639309241674,-16.43556256399135,169.2521458779678,1.2593491267516916,0.2641439559605391
2017-12-06,0.1547714525266059,7.46,KERVILCO,0.0,286.4375091554767,0.4965215794962022,-4.310652901767626,-17.79609164866047,150.92511939856468,1.0356726896278492,0.1949725464099949
2017-12-07,0.0879666164494382,4.24,KERVILCO,0.0,308.87487471859373,0.4965215794962022,-4.163965605986891,-20.125887203429187,123.9871680375316,1.0158297633086224,0.154683706172641
2017-12-08,0.05892103554632181,2.84,KERVILCO,0.0,278.5694449953674,0.4965215794962022,2.3006159556536665,-11.352405584210356,256.75318936567606,1.882233520961753,0.34597384370225
2017-12-09,0.0771782578282807,3.72,KERVILCO,0.0,287.7634462352315,0.4965215794962022,4.074065096007679,-10.401171028996853,276.97814566880186,1.8956939737188503,0.4183198537871286
2017-12-10,0.0796678790485478,3.84,KERVILCO,0.0,289.45238226240986,0.4965215794962022,4.863140652875591,-9.886311579685207,288.5257903005727,1.968982708961499,0.4885255094098312
2017-12-11,0.0858919320992156,4.14,KERVILCO,0.0,297.88899223543694,0.4965215794962022,6.6807876558320665,-9.299214673024052,302.2124964576416,2.183002248662772,0.5246873515605738
2017-12-12,0.13112005093406826,6.32,KERVILCO,0.0,303.86440395687686,0.4965215794962022,7.473979571746996,-9.496782478479007,297.5369645548695,2.148294537822156,0.5582020594989919
2017-12-13,0.19398298674581302,9.35,KERVILCO,3.2819523396323347,243.9451436073284,3.778338148413926,5.039092236067234,-9.455823435552832,298.5379868922132,1.8295630629751072,0.4467535175712592
2017-12-14,0.2676342811787153,12.9,KERVILCO,0.0,280.5939780059447,3.778338148413926,-1.2025004112669986,-14.13970250554348,204.8944549215268,0.8407806606067567,0.1560410640434372
2017-12-15,0.22199122547381808,10.7,KERVILCO,0.0,324.1933713734423,3.778338148413926,2.0924515020910404,-15.1261319066557,188.7818832501553,1.856583785556136,0.3844224807317672
2017-12-16,0.12074662918295528,5.82,KERVILCO,0.0,279.848747169891,3.778338148413926,4.0063255763618,-9.2064899226115,304.42157915284264,1.222861147602046,0.4230654574262494
2017-12-17,0.0946056063701505,4.56,KERVILCO,0.0,268.80281399682485,3.778338148413926,0.7764793131936222,-11.72435428322598,249.1770014920761,1.287807387189538,0.3062041164047489
2017-12-18,0.08568446366419334,4.13,KERVILCO,0.0,297.24516149186206,3.778338148413926,3.5712868046561708,-11.185252401659064,260.1862536279268,1.5678113979458803,0.3463651788940424
2017-12-19,0.08941889549459402,4.31,KERVILCO,0.0,281.11914029952385,3.778338148413926,4.353125673977373,-9.147326209256263,305.8294339462594,1.6165951164521453,0.3671678161397758
2017-12-20,0.07655585252321391,3.69,KERVILCO,0.0,256.2975876968017,3.778338148413926,3.862574623922775,-7.925075367410936,336.52837903936523,1.826514910661473,0.4288110159091325
2017-12-21,0.04771774005511977,2.3,KERVILCO,0.0,227.5252050639889,3.778338148413926,-3.1741382824774265,-13.112142342560494,223.23602865698385,0.603650467554895,0.110638912871179
2017-12-22,0.11493751300233199,5.54,KERVILCO,0.0,302.5091681411702,3.778338148413926,-0.6222192260273791,-15.75077004375714,179.20752151304944,0.8939036967028345,0.1479558092956813
2017-12-23,0.20165931884163665,9.72,KERVILCO,0.7618991139605419,228.42342063393767,4.540584988504564,-0.2677271991456424,-11.13452335367314,261.24341786636467,1.215290671142499,0.1838597706804033
2017-12-24,0.1744809538537206,8.41,KERVILCO,3.426645361910262,186.0154552405768,7.967120207382285,-3.090128120360653,-14.159731148729344,206.1081354126573,1.266530235699658,0.198879570470551
2017-12-25,0.11182548647699808,5.39,KERVILCO,0.0727473288771515,218.1778482022864,8.039910465725837,1.249145449560816,-8.282418215795667,327.3018247712208,1.2261721751843913,0.2088353135147164
2017-12-26,0.14481296764553744,6.98,KERVILCO,0.0,249.6649118587025,8.039910465725837,1.346797448947871,-9.689569341660752,293.067512879066,1.3842467836189478,0.2580280186559653
2017-12-27,0.26555959682849267,12.8,KERVILCO,0.0,275.62008299524035,8.039910465725837,2.8907959977048514,-9.71302787041586,282.6712391267406,1.9950184687683967,0.3895600849535021
2017-12-28,0.5497913528089887,26.5,KERVILCO,0.0,262.6701438857857,8.039910465725837,3.983676071893094,-7.881642218973113,317.568865307111,2.155485678074551,0.4615207417015784
2017-12-29,0.2966798620818317,14.3,KERVILCO,0.0,257.50485941223724,7.784635090374922,6.193625831496106,-5.392333385817506,371.8868769598438,2.465325628960217,0.5680978955760314
2017-12-30,0.377592551740513,18.2,KERVILCO,0.0,282.46559844236486,7.37658246185279,7.992680756979342,-5.029484881763193,344.4053497939002,2.782539639170367,0.6105976521508684
2017-12-31,0.28008238728005086,13.5,KERVILCO,0.0,273.771055149138,7.37658246185279,3.4857389172599555,-8.796993091861635,277.05494765851995,1.063052825255583,0.1957259325050941
2018-01-01,0.2022817241467034,9.75,KERVILCO,0.0,285.2993587191651,51.91989060440922,3.18521247162519,-9.741964672509177,291.84248169103734,1.6433596231827057,0.3168493566257276
2018-01-02,0.18423197029976682,8.88,KERVILCO,0.0,312.5066793205092,51.91989060440922,1.3951895104498109,-13.345431109735571,218.52108691327447,1.474363582014685,0.2652660471755913
2018-01-03,0.19585020266101336,9.44,KERVILCO,0.0,330.35753012298534,51.91989060440922,4.182932361596945,-12.042712700743431,242.8604153776592,1.7694885445880382,0.4272596587216746
2018-01-04,0.11887941326775495,5.73,KERVILCO,0.0,318.5333518975587,51.91989060440922,4.678541152371191,-10.481554719867102,275.21904147937926,1.7712755071784032,0.4423656394985771
2018-01-05,0.10082965942081833,4.86,KERVILCO,0.0,295.33415898203765,51.91989060440922,5.149302516664779,-8.201338419933764,329.34649774988657,1.845752207987963,0.4404305971605775
2018-01-06,0.08858902175450498,4.27,KERVILCO,4.978178771996968,190.2014883368318,56.89869768111536,4.312298443752901,-6.658229340206134,371.1674951268554,1.3584439801057488,0.3067395438334063
2018-01-07,0.08672180583930464,4.18,KERVILCO,0.0,257.6580744167004,56.89869768111536,2.072189605752296,-8.898820700659254,311.86860919911913,1.110931434816523,0.1732508067750347
2018-01-08,0.08464712148908204,4.08,KERVILCO,0.0,323.45632527039646,56.89869768111536,7.839942744700851,-7.293825823369509,353.40968744857383,1.801896779276417,0.4655628776521335
2018-01-09,0.09232345358490567,4.45,KERVILCO,0.0,255.3133181216241,55.8084380198174,7.43818942019517,-3.405424445826879,475.076357022692,1.562730026825872,0.401651189104578
2018-01-10,0.10456409125121899,5.04,KERVILCO,0.2524082425755275,286.93676429797523,56.0605871863129,2.9205676891502983,-9.621784982068467,294.6481588436701,0.9069149134373384,0.1520581686014707
2018-01-11,0.17614070133389864,8.49,KERVILCO,1.918547462151216,261.1861117030614,57.97951453910496,-1.396144220029487,-13.880095475081228,209.7207424969512,0.8414661787079164,0.1173168936073244
2018-01-12,0.34647228648717404,16.7,KERVILCO,0.0,237.4483837493148,57.97951453910496,-1.0443905351427447,-10.722387913320585,269.9986041348523,0.9541612698834994,0.1380912438218481
2018-01-13,0.33609886473606104,16.2,KERVILCO,0.0,315.78044359805625,57.97951453910496,1.279631628584764,-12.467236364372942,234.6650334989397,1.126628062321713,0.1879155419255918
2018-01-14,0.37966723609073566,18.3,KERVILCO,0.0,334.0738656921581,57.97951453910496,3.883962613291236,-11.124853051040798,260.95368827633735,1.6759309035673118,0.3405021480091089
2018-01-15,0.36929381433962266,17.8,KERVILCO,0.0,335.42481505703813,57.97951453910496,1.0542857097142295,-13.744086403897676,211.8154649612952,1.3319756381583336,0.248044324392868
2018-01-16,0.2676342811787153,12.9,KERVILCO,0.0,360.0530357466203,57.97951453910496,-0.1504828453464126,-16.797416796625075,164.16748778104645,1.1391434892989736,0.2587098604500987
2018-01-17,0.34647228648717404,16.7,KERVILCO,0.0,381.333570776563,57.97951453910496,3.358649628701328,-15.57723008682278,179.79065543714847,1.4999733785833842,0.3573149014416203
2018-01-18,0.20311159788679245,9.79,KERVILCO,0.0,356.38543298109533,57.97951453910496,5.8026871013028885,-10.422434132482596,271.0170498604522,1.8906991201043544,0.4152517342229465
2018-01-19,0.12717815066864532,6.13,KERVILCO,0.0,301.7322178070393,57.96183057786749,6.312364303348885,-6.151378989104625,382.32167909666686,2.0005656637243696,0.4814551900027853
2018-01-20,0.11452257613228746,5.52,KERVILCO,5.749860898717929,222.88065373094264,63.71196762973039,4.603494388831602,-7.418206724572003,350.158330406993,1.4108149574019624,0.291913412596885
2018-01-21,0.10477155968624124,5.05,KERVILCO,10.63640444330525,231.961522230344,74.34818525905563,-3.589953071255639,-15.890350416057228,177.12295091894396,0.2901700512906136,0.0178213700672452
2018-01-22,0.10165953316090737,4.9,KERVILCO,0.0,343.3051207305897,74.34818525905563,-4.974194537946292,-18.89468698329265,137.38844335012152,0.9972047666270288,0.141453196909754
2018-01-23,0.09585041698028408,4.62,KERVILCO,0.0,348.1852516625465,74.34818525905563,-2.990082524396528,-17.13765538442132,159.49767614700198,1.0275697953085916,0.1606189495524722
2018-01-24,0.09709522759041762,4.68,KERVILCO,0.0,398.145430354254,74.34818525905563,2.549624639658934,-15.645988779359003,178.40235053320745,1.482869124623576,0.2858074611187188
2018-01-25,0.10207447003095187,4.92,KERVILCO,0.0,326.7887427768058,74.34818525905563,1.9384739278605527,-10.703070401280604,270.07454208948315,1.5403281184965392,0.3599906828579127
2018-01-26,0.11141054960695357,5.37,KERVILCO,0.0384945607789125,305.33076835531534,74.38667986016995,-4.559557088494228,-15.948323540035243,176.30458881522495,0.8316994406237532,0.1105044754500028
2018-01-27,0.13008270875895694,6.27,KERVILCO,0.0,390.0812292909834,74.38667986016995,-0.7307656982826282,-17.162466601259773,158.75969609293597,1.2547369521055598,0.2041276508660162
2018-01-28,0.44398245094763616,21.4,KERVILCO,0.0,358.5065014241823,74.38667986016995,1.9467298855848816,-12.253456439548582,236.0351585430582,1.579095540278835,0.2642258143284957
2018-01-29,0.4481318196480814,21.6,KERVILCO,0.0,383.0669799227869,74.38667986016995,5.5712888066032615,-10.085324250220909,262.75785161045314,1.866799765500184,0.3656553896781527
2018-01-30,0.2064310928471486,9.95,KERVILCO,0.0,369.98721051470807,74.38667986016995,6.547774775350103,-8.088993680302204,306.48002531337187,2.378609694850168,0.497581778323447
2018-01-31,0.14149347268518125,6.82,KERVILCO,0.0,324.6964095364054,73.95387816133206,6.998835640300164,-4.96862200902689,402.9106662198433,2.678546505067033,0.4689647551751296
2018-02-01,0.11825700796268815,5.7,KERVILCO,0.0,261.3702934630472,73.23269771260989,4.8004309397771845,-4.283231841074299,437.0657458258869,2.31532725598474,0.4044923656092147
2018-02-02,0.11452257613228746,5.52,KERVILCO,0.0,315.9925466002231,72.57203432697331,6.665037110190533,-4.425919269468974,416.6047621631119,2.3301953189777884,0.4350457535556126
2018-02-03,0.11742713422259911,5.66,KERVILCO,0.0,268.1187746913012,71.94659746524275,4.458480915423291,-4.511919413813775,425.08022958362574,2.172553315245488,0.3412498789868422
2018-02-04,0.11452257613228746,5.52,KERVILCO,0.0,336.9039798287329,71.78398709460458,5.833787232344846,-5.669584042958297,366.9010042150756,2.3972513031544604,0.4147106567014971
2018-02-05,0.11120308117193131,5.36,KERVILCO,2.3246540997707563,208.49364963331067,71.06877561837506,3.6094878612181054,-4.298505220781018,441.01889749462055,2.009460600044227,0.3313636832768056
2018-02-06,0.10331928064108545,4.98,KERVILCO,0.0,327.96956907164883,71.06877561837506,-0.0954607139458029,-10.835274361162984,261.8261919956209,1.1035073786197436,0.152985923311317
2018-02-07,0.1039416859461522,5.01,KERVILCO,0.0,408.7628294096894,71.06877561837506,2.373039174855821,-12.288793379429562,215.20224885425492,1.873944282420665,0.3180210324342287
2018-02-08,0.11141054960695357,5.37,KERVILCO,0.0,372.23306665899406,71.06877561837506,4.147739155916862,-8.443516706651565,293.58008134574146,2.014615161526577,0.3593687451231687
2018-02-09,0.11244789178206488,5.42,KERVILCO,0.0,356.72528585458275,71.0300256569752,5.68324917184942,-5.977917207964989,354.07761555823043,2.4413064307117027,0.4564254014860006
2018-02-10,0.09854750663557346,4.75,KERVILCO,6.06452797408953,303.9303102399668,77.0944897105605,-0.4464257449604139,-14.58494524457348,193.11396977829347,1.1818242181157088,0.1617350531307788
2018-02-11,0.10497902812126352,5.06,KERVILCO,0.0,459.74410799309646,77.0944897105605,-1.5126331860982354,-19.0937323567554,122.59030918241812,1.0471465319354407,0.1526861010230083
2018-02-12,0.1558087947017172,7.51,KERVILCO,2.645573192347124,286.6250639761202,79.7399465587507,-1.9414149163393324,-12.698142528835422,229.2458751315797,1.0302219632135956,0.1484925620400911
2018-02-13,0.1315349878041128,6.34,KERVILCO,0.0,264.317207104632,79.73988032384638,1.245623772515002,-6.6101906952146,367.05800292192896,1.306808418757285,0.2392622543828808
2018-02-14,0.11701219735255458,5.64,KERVILCO,0.0,284.87491731230165,79.65215590227771,2.278186079823944,-5.952206568679717,384.8900796471925,1.696489294961084,0.2868387078009947
2018-02-15,0.10020725411575153,4.83,KERVILCO,0.0,356.3811852136932,79.65215590227771,0.529897174617985,-9.807112296335054,278.7868207335088,1.3123756256152237,0.1838537796569174
2018-02-16,0.0946056063701505,4.56,KERVILCO,0.0,446.0797365862718,79.65215590227771,0.494918970262478,-13.721785310350011,186.9942435937723,1.659904835616954,0.2602196248957117
2018-02-17,0.09834003820055119,4.74,KERVILCO,0.0,433.15733289215626,79.65215590227771,3.767995078269257,-9.613010543685386,248.31648462475857,2.225413476499297,0.3702316062439937
2018-02-18,0.09294585888997245,4.48,KERVILCO,0.0,457.943967191809,79.65215590227771,6.104321982038544,-8.601749374911629,252.73216510326003,2.579744417843283,0.4678865920298944
2018-02-19,0.08547699522917108,4.12,KERVILCO,10.969016073134965,286.08729556827774,90.62176718554284,-1.322365654375902,-12.104195550326596,241.0510331710791,1.2908255882792528,0.1597873626768933
2018-02-20,0.08734421114437142,4.21,KERVILCO,0.0,385.53779331463824,90.62176718554284,-7.910201006136238,-18.6190339880836,140.17498008614035,0.8163322345464151,0.1010688495078488
2018-02-21,0.0346472286487174,1.67,KERVILCO,4.115410125789927,363.8055156555309,94.73641896610437,-4.559617653935885,-20.068174544533047,124.24170721779608,0.8828391680752855,0.1030458220071856
2018-02-22,0.0,0.0,KERVILCO,3.870282867189566,304.86120719715444,98.60681370021793,-4.087696918296456,-15.300832629945612,186.0563210074206,0.8200392586403984,0.0913287410536429
2018-02-23,0.0,0.0,KERVILCO,4.883322349868357,316.49398826560264,103.49046255409182,-3.5544547745828114,-14.925976499321576,192.07566166600043,1.096609112262441,0.1466513606515595
2018-02-24,0.0,0.0,KERVILCO,0.0,394.11385515432687,103.49046255409182,-6.235853382118657,-16.154661376902098,173.81470650386706,1.0327842747354694,0.1190965348756542
2018-02-25,0.0,0.0,KERVILCO,0.3528355118947785,417.4799915826688,103.84348066467754,-6.057147183597498,-17.15535723180455,156.45248361751095,1.1595820458251656,0.1439339795694475
2018-02-26,0.0,0.0,KERVILCO,0.0,543.6402731069664,103.84348066467754,2.1573232194491028,-15.5170996346286,155.31122382984896,1.9346011494016149,0.3446983465961615
2018-02-27,0.0,0.0,KERVILCO,0.0,500.0467164408154,103.84348066467754,3.6024764556225626,-10.624911921126907,231.9236094339696,2.0866227153216244,0.3817826354498871
2018-02-28,0.0,0.0,KERVILCO,0.0,496.02111734961056,103.84348066467754,1.4727852668700343,-12.33220726106612,209.067771785442,1.6022694878624044,0.277030717298745
2018-03-01,0.0,0.0,KERVILCO,0.0,539.8721072847628,103.84348066467754,3.2581338519001464,-13.231061838632463,178.12179779045633,1.7994642354482775,0.305946560588273
2018-03-02,0.0,0.0,KERVILCO,0.0,533.5306802705015,103.84348066467754,6.749731462643089,-9.10124684325836,233.1122428993311,2.536268367524878,0.4679587984673374
2018-03-03,0.0,0.0,KERVILCO,0.0,478.58711092733336,103.55266489066572,7.558622030532563,-5.306559500831213,311.20831111057333,2.8467937752052594,0.5889434521914142
2018-03-04,0.0,0.0,KERVILCO,0.1034697669231174,565.9436001532177,103.65600562732732,4.76958503677446,-13.80278131792119,152.3392756488977,2.292056853586909,0.3262533712441035
2018-03-05,0.0,0.0,KERVILCO,0.0,465.6645634590793,103.65600562732732,-4.752682764382153,-16.857706270354043,152.0473462879422,1.5437922190280653,0.1834491361570392
2018-03-06,0.0,0.0,KERVILCO,0.0,559.7422424866824,103.65600562732732,2.336757507826956,-14.907022454965444,145.15779860638278,2.133203511832975,0.3045589158207418
2018-03-07,0.0,0.0,KERVILCO,0.0,558.3860592500155,103.65600562732732,4.75427641403988,-12.530564026421446,167.29988424128445,2.729223620383412,0.458303881706658
2018-03-08,0.0,0.0,KERVILCO,0.0,534.544925906639,103.65600562732732,6.828430686947958,-8.918480527702059,218.5647500374445,2.947066703432512,0.507739506608091
2018-03-09,0.0,0.0,KERVILCO,0.0,498.1773282345876,103.59044751485956,6.213912350802746,-7.410261230831164,259.5424162179301,3.055815119373792,0.516160191079312
2018-03-10,0.0,0.0,KERVILCO,0.0,456.0868382494064,103.5848316523816,5.218975412584195,-6.711260542409885,289.2423693005176,2.6526870732537366,0.4185847350939835
2018-03-11,0.0,0.0,KERVILCO,0.0,498.2400971784246,103.5848316523816,4.5519127526361824,-8.928498517185247,235.06799781314152,2.18076600175083,0.419538784013612
2018-03-12,0.0,0.0,KERVILCO,0.0,543.0444049254453,103.5848316523816,7.826965798181582,-7.817073293614639,228.6535139687783,2.531426599135135,0.4415287358789158
2018-03-13,0.0,0.0,KERVILCO,0.0,532.780273825431,103.5848316523816,7.422040495316023,-7.344183232366873,240.02632406521053,2.292692431665404,0.4532008888177924
2018-03-14,0.0,0.0,KERVILCO,0.0,541.2393216758968,103.3442096888557,9.533446505614704,-5.587849981134011,261.0575246796632,2.921510111793322,0.5610984671211479
2018-03-15,0.0,0.0,KERVILCO,0.0,492.8900733519457,103.18950542129936,6.2223772958195225,-6.654949229504042,272.5069905610129,2.543100086889992,0.3994010134131607
2018-03-16,0.0,0.0,KERVILCO,0.0,459.6782321808704,103.18950542129936,3.170357056839019,-8.48437650581909,256.8989682860995,2.368809675401564,0.3109470563811006
2018-03-17,0.0,0.0,KERVILCO,0.0,513.1136301025479,103.18950542129936,4.976092303470821,-8.651177664429238,230.78840347883627,2.719623296115091,0.4756134491959157
2018-03-18,0.0,0.0,KERVILCO,0.0,495.43397899596073,103.18950542129936,2.1422827888096307,-10.559475230034536,214.33625123514395,2.1553059743369536,0.3080010613142873
2018-03-19,0.0,0.0,KERVILCO,0.0,515.2362671832723,103.18950542129936,0.5022747988135867,-12.871530097937812,178.51735969648308,1.903287724410709,0.2505271039943577
2018-03-20,0.05622394589103244,2.71,KERVILCO,0.0,553.4776876492174,103.18950542129936,3.147759823497192,-11.817426370640597,176.62321316741696,2.4837975756689104,0.3430691184845746
2018-03-21,0.19211577083061268,9.26,KERVILCO,0.0,576.8884437086023,103.18950542129936,5.599543097255826,-10.702815895084376,177.282066257118,2.159059538805069,0.4004495612143169
2018-03-22,0.12717815066864532,6.13,KERVILCO,0.541407609516672,501.7802796768932,102.18089200141986,10.710743123015437,-3.5982922301118365,308.6834888918413,3.006162878550736,0.5392030151216589
2018-03-23,0.10248940690099641,4.94,KERVILCO,0.0,419.4628151257039,100.948074425109,7.166680991481037,-3.063854785597205,370.95408653271215,2.50539416304238,0.3521606630220583
2018-03-24,0.15663866844180624,7.55,KERVILCO,0.0,552.2158530906395,100.91126259192583,8.760806973264291,-6.056029411287484,239.881651638788,3.01723738856127,0.5416305573533006
2018-03-25,0.13049764562900149,6.29,KERVILCO,0.0,513.9966911515722,100.3603480134898,8.443862420033506,-4.694808492517397,280.954902680661,3.2899637468237786,0.5591421267688065
2018-03-26,0.15663866844180624,7.55,KERVILCO,0.9338361431166228,485.5410264606647,100.87834059326929,6.85532565059918,-6.082364314304828,271.8216078214521,2.8950184345134296,0.481567672452674
2018-03-27,0.09958484881068476,4.8,KERVILCO,5.267199750113366,300.2947706093245,106.14623326507257,2.12473294907551,-7.3492283283670465,335.1248023968792,1.6044923761498615,0.1912588617327404
2018-03-28,0.10705371247148612,5.16,KERVILCO,0.0,551.0812393771898,106.14623326507257,3.4894755701165496,-10.5418298722329,191.0854325133439,2.329187029772903,0.3054793540261036
2018-03-29,0.12012422387788849,5.79,KERVILCO,0.0,566.6315900461079,106.14623326507257,4.333751278218563,-10.302847833428102,181.66412668785745,2.55113640285277,0.3410864826152337
2018-03-30,0.11887941326775495,5.73,KERVILCO,0.0,600.4513555491636,106.14623326507257,8.942171644424267,-7.382034204235562,196.30084484986776,3.295953546172232,0.4921173969583262
2018-03-31,0.11742713422259911,5.66,KERVILCO,0.0,558.070812126709,105.01664545075003,11.000168051736653,-3.3112898328245515,271.5154958423301,3.753316021589173,0.6111547074053422
2018-04-01,0.11016573899682,5.31,KERVILCO,0.0,521.59333685855,103.0781759471728,11.398812372408148,-1.383563275553574,285.1054970887667,3.8442680838738728,0.656681317661627
2018-04-02,0.11970928700784396,5.77,KERVILCO,0.0,531.7591034694146,101.30439407334926,11.199695901162084,-1.775496656734183,270.56584480008667,4.155209534251787,0.6632541375867752
2018-04-03,0.1080910546465974,5.21,KERVILCO,0.0,484.3670484409494,101.29845981928584,4.182393259332983,-6.97223553313681,229.4559453727045,2.985228469084513,0.3995317951757648
2018-04-04,0.0973026960254399,4.69,KERVILCO,0.0,599.436402352248,101.29845981928584,8.77139960601244,-6.638434350861476,176.68544594972045,3.598792034037908,0.5569055919115493
2018-04-05,0.11120308117193131,5.36,KERVILCO,0.0,540.2188933415244,100.41554853156188,8.81395258181052,-3.8985734155287495,236.8681837865579,3.4114305625949304,0.5366536760029906
2018-04-06,0.11887941326775495,5.73,KERVILCO,2.228261310500213,301.06641277247104,98.6343081963248,5.481720081787712,-1.759693511285852,438.3216495611027,2.5243586230518416,0.3551046544462391
2018-04-07,0.14294575173033708,6.89,KERVILCO,8.79045025851936,352.6437816372972,96.55691520107248,9.33029915896046,-1.0535146882857649,394.72041932807656,2.645842069960852,0.3634488090601528
2018-04-08,0.19377551831079076,9.34,KERVILCO,0.0,440.5576589367981,95.38129283865295,6.048515493423664,-3.201491114240428,330.7609849947391,2.353149642385321,0.2728734528307137
2018-04-09,0.1489623363459826,7.18,KERVILCO,0.0,561.1405112630956,95.32892883900956,6.399082902385535,-6.383172607339365,214.4539340656692,2.953725357404117,0.4045462696392649
2018-04-10,0.13277979841424634,6.4,KERVILCO,0.0,656.5779324074855,94.98594713206305,12.133108056399642,-5.1834018837294495,180.13270443887163,3.8431998793366624,0.6433502938062244
2018-04-11,0.14937727321602715,7.2,KERVILCO,0.0,595.9528294534381,92.62149899916136,13.870626897305078,-0.369122156899874,271.57147869627903,4.698665554331233,0.88027418918655
2018-04-12,0.16265525305745177,7.84,KERVILCO,0.0,616.3129263443066,91.9886153615504,10.224877736194848,-4.564699684771076,197.6687029647865,3.9591428065695897,0.5866713325311522
2018-04-13,0.14875486791096035,7.17,KERVILCO,0.0,386.7576489038053,91.98654619579784,-1.1368892896314997,-8.889941457004095,254.4889279609552,2.042414552312315,0.2392133389721139
2018-04-14,0.13381714058935765,6.45,KERVILCO,0.0,643.7434395727295,91.98654619579784,6.146912607090364,-9.491061866820932,143.40757236339178,3.0196699249673404,0.3792053519368413
2018-04-15,0.130912582499046,6.31,KERVILCO,0.0,641.4436772204862,91.92644961705162,9.628485253295864,-6.069316493235531,171.20833916702375,3.518272299436654,0.55545738857402
2018-04-16,0.13672169867966927,6.59,KERVILCO,0.0,536.890424480288,90.16199646981156,9.854609511465146,-1.800270206912148,278.30674914362305,4.093654150090272,0.7099410972735327
2018-04-17,0.1340246090243799,6.46,KERVILCO,0.0,637.5510968389873,90.16199646981156,7.0374423455531145,-8.313293409444327,153.48202979911775,3.0891518147589703,0.4186056957711461
2018-04-18,0.13381714058935765,6.45,KERVILCO,0.0,707.102362545765,90.16199646981156,8.68943029041715,-11.4379820883173,104.09896170919636,3.22820872229263,0.4975914225011518
2018-04-19,0.1439830939054484,6.94,KERVILCO,0.0,637.1775369688912,89.69271185238557,10.511603964977324,-4.981695124394588,179.15007790233574,4.316265675300474,0.6629589748463497
2018-04-20,0.15539385783167267,7.49,KERVILCO,10.683258483478989,297.6081110029617,94.28863012841856,2.132145012875366,-5.776796758902824,351.3350070048156,2.153941573325039,0.2378037343160757
2018-04-21,0.14107853581513674,6.8,KERVILCO,0.0,523.6468482441342,94.23893482489684,4.048074269809145,-6.846381132886172,230.95785494330852,1.6298758756665754,0.2044803850113014
2018-04-22,0.14315322016535936,6.9,KERVILCO,0.0,693.5792444835965,94.04496141908288,12.336858635333362,-5.837020411816205,138.96955043648904,3.470054242588004,0.590995296599373
2018-04-23,0.16431500053762985,7.92,KERVILCO,0.0,611.9544023248048,91.75331923332573,13.471820561930503,-0.5443159969773526,225.4164568015746,4.1057169651145,0.7373375266384777
2018-04-24,0.1871365283900784,9.02,KERVILCO,0.0,604.1167313804652,91.42675658333248,8.309991988234149,-5.32170343585492,176.91770022252865,2.593228143763612,0.3693071806572833
2018-04-25,0.18091247533941066,8.72,KERVILCO,0.0,711.9741015631499,91.42675658333248,12.7050683580656,-6.975170222484214,125.31195643071048,3.464563594388549,0.6712285753617587
2018-04-26,0.1935680498757685,9.33,KERVILCO,0.0,601.0042786861134,90.1809363531307,10.915453086680518,-3.034975560134883,201.5099214011352,4.002818535300193,0.7024232124588874
2018-04-27,0.21161780372270508,10.2,KERVILCO,0.0,677.4050593280165,88.84681069279296,14.725942807437011,-2.8230072185126915,175.12660925868568,4.467914546104498,0.9107091237786952
2018-04-28,0.2468874376764893,11.9,KERVILCO,0.0,645.6078572270243,86.77774057930665,14.760250619182074,-1.073215537523693,203.977837088469,4.197214691195686,0.8943130009119051
2018-04-29,0.27385833422938305,13.2,KERVILCO,0.0,580.5630304276187,84.0710331408824,13.58514490067584,0.4460733430615985,250.58085902657305,4.724571536715578,0.8130997304951925
2018-04-30,0.28423175598049605,13.7,KERVILCO,0.0,499.3587090077566,81.32146424699128,11.156081337709956,0.5451898420715066,304.5064794294078,4.604445757951114,0.7566822967566271
2018-05-01,0.2614102281280475,12.6,KERVILCO,0.0,467.7488202520316,79.24390517150356,8.539594370173733,-1.0529403299231963,300.99609813301123,3.3805563782365127,0.5443958623526851
2018-05-02,0.2448127533262667,11.8,KERVILCO,2.223754277566813,401.0056448674298,78.22075066362251,6.841729036869373,-3.4133236756091048,299.7987134385786,2.873940943426024,0.3808971413878459
2018-05-03,0.2282152785244859,11.0,KERVILCO,0.0,470.83584963565687,77.68106498037864,4.9562876512090135,-4.734989850208736,253.20999247212768,2.6075571474507444,0.3004252760179275
2018-05-04,0.21784185677337292,10.5,KERVILCO,0.0,653.6950216065794,76.82253870774119,11.734703039005112,-3.954820157612768,172.9813239337609,3.674067418089977,0.5570985943774195
2018-05-05,0.21369248807292773,10.3,KERVILCO,0.0,679.2610651938905,74.87203886317657,15.860236223412572,-1.3561122773856014,194.2773757218117,4.381248571294257,0.867539857259856
2018-05-06,0.24066338462582149,11.6,KERVILCO,0.0,605.471549145668,71.5365433651835,16.105743535492987,1.9403593921013984,267.9401647057384,5.001813635049076,1.02498386779215
2018-05-07,0.2676342811787153,12.9,KERVILCO,0.0,608.3390698733295,68.09750242770555,16.728293220126762,2.189244281511363,268.0420488558936,5.100485849172626,1.0639110131393217
2018-05-08,0.29045580903116386,14.0,KERVILCO,0.0,626.9058277238918,64.39562380352353,18.256667299947534,2.8128328629767565,269.1233748930124,5.91597959454264,1.0947093194282609
2018-05-09,0.34232291778672885,16.5,KERVILCO,0.0,625.3179890511817,60.64384872156239,18.54599251197637,2.934156938161053,273.7414020097719,5.465628502210331,1.1803567248855962
2018-05-10,0.35684570823828704,17.2,KERVILCO,0.0,634.3008711443803,56.448546885301646,19.89315102192484,3.9884706062388497,289.5009803514284,6.030631302351212,1.281477481445129
2018-05-11,0.377592551740513,18.2,KERVILCO,0.0,524.283508325154,51.96823958643525,16.55331903320991,4.668207382093489,349.3988012513331,5.949329558269643,1.0916967688057135
2018-05-12,0.38174192044095817,18.4,KERVILCO,0.0,554.9897760446645,47.74938770568826,16.882942645364366,4.166856697310125,300.1043783348256,5.842181544078418,1.04476289297752
2018-05-13,0.39419002654229385,19.0,KERVILCO,0.0,579.9661177479406,44.53398761912276,15.639312502413652,1.7999870158373188,252.28794691551624,5.415743258522178,0.9791258234659732
2018-05-14,0.38381660479118085,18.5,KERVILCO,0.0,602.6107485804408,41.75091973274094,15.603185914962385,0.8109839937400589,229.46436964143385,5.127855960503461,0.9685627841512312
2018-05-15,0.3672191299894,17.7,KERVILCO,0.0,608.9590719560115,39.0379395168088,15.891548319698506,0.7446111631644935,228.56368735679865,5.034152013395264,0.9313380544084324
2018-05-16,0.3526963395378418,17.0,KERVILCO,0.0,639.8437567187216,36.15225262822164,18.08251833695944,1.2249845262950465,234.1858832959839,5.41679150455784,1.217414406065037
2018-05-17,0.34647228648717404,16.7,KERVILCO,0.0,587.3243614050288,32.59618382985028,17.64076404362716,3.124518648375569,271.3262736144778,5.8908555769554605,1.26239227785659
2018-05-18,0.33817354908628366,16.3,KERVILCO,0.0,594.8868920190821,29.81752583832428,16.009813421153613,1.3651648871391129,236.84638202001176,5.078190439334746,1.0095108408193412
2018-05-19,0.32780012733517067,15.8,KERVILCO,0.0,534.0634450720479,27.58578898158373,12.46462280291463,0.2003420851346187,226.58903976856288,4.311191035270659,0.7338238287133104
2018-05-20,0.30705328383294467,14.8,KERVILCO,0.0,565.3327428464793,25.66394328022197,13.048460903645656,-0.4376233755102469,206.0910519428576,4.248287827737487,0.6745329576678566
2018-05-21,0.2925304933813864,14.1,KERVILCO,0.2619616640914852,547.545393221335,23.348940219808856,14.436099631501286,0.8026910931836913,228.75691017652807,4.58716516844473,0.777474960038469
2018-05-22,0.2821570716302735,13.6,KERVILCO,0.0,555.5958953438011,21.216296974255563,14.269332477865603,0.5818308860252975,223.1700936492273,4.594679054327406,0.73173138548747
2018-05-23,0.28008238728005086,13.5,KERVILCO,0.0,570.094518728968,18.768003955517653,16.669208012374245,2.241192967823225,253.12990121078843,5.504655486053526,1.0115141000316403
2018-05-24,0.26970896552893786,13.0,KERVILCO,0.0,588.6469147671937,16.36432965595922,18.48027114973525,2.800789321910078,264.1379649458794,5.481777656542864,1.1858101132776786
2018-05-25,0.26555959682849267,12.8,KERVILCO,0.0,620.9088961119614,13.986414083002142,21.143015570340832,3.7122974436373,282.9865687092522,5.888349887690111,1.500370701578532
2018-05-26,0.26555959682849267,12.8,KERVILCO,0.0,527.0904811582272,11.563282036813249,18.097908776650023,4.77584971347342,306.48635361877,6.176696218740864,1.2675691417602732
2018-05-27,0.2365140159253763,11.4,KERVILCO,0.0,581.1316104114705,9.511466859466069,19.90601516099212,4.386551514397342,297.7068529713273,6.463368992952891,1.3404036235906125
2018-05-28,0.2199165411235955,10.6,KERVILCO,0.0,558.5629910820714,7.93498720986697,17.206108935926327,2.622930685131686,260.58123527700263,5.467382184892107,1.0409307368666214
2018-05-29,0.21576717242315033,10.4,KERVILCO,0.0,569.50664018873,6.724670716756903,17.271573617570922,2.0868220682259366,250.20350535467875,4.763372261811169,0.9403294272075448
2018-05-30,0.20394147162688148,9.83,KERVILCO,0.0,518.8753492486034,5.444372217269047,16.875356561185313,3.3309547111105915,274.95783312168135,4.679897467898298,0.9488629313507936
2018-05-31,0.18775893369514524,9.05,KERVILCO,0.0,592.844717538534,4.351285452956921,20.65271340157204,3.2589897130722654,273.46573213029706,6.262996234749725,1.3627436644050914
2018-06-01,0.18091247533941066,8.72,KERVILCO,0.0,530.4931566613451,3.293852763574084,19.43650662540013,4.927217063536951,309.9973627444427,6.860849961390027,1.3037509539255003
2018-06-02,0.17240626950349802,8.31,KERVILCO,0.0,583.5701087326352,2.5315673403690586,20.54355191808387,3.065450736970253,269.48791253782144,5.871199021239926,1.3573834533275044
2018-06-03,0.19128589709052365,9.22,KERVILCO,4.750297476561357,290.4536558541397,2.0522731554845,11.796808781153686,1.941619577401808,293.891046209806,4.104798506874836,0.6199477501056115
2018-06-04,0.1929456445707017,9.3,KERVILCO,0.0,598.4526260394764,1.6072573467822828,20.157094672176,1.5630138767074615,240.32229060643704,5.982842579026305,1.172013561343445
2018-06-05,0.16535234271274116,7.97,KERVILCO,0.0,558.9840442634242,1.0209064655171305,22.05734083070236,5.649175394894831,327.04902826795194,6.114152602635938,1.4505753433806323
2018-06-06,0.15643120000678398,7.54,KERVILCO,0.0,540.5958299601615,0.5455828419041427,21.797967139030145,6.199055264592827,340.61861152772065,5.948061654422613,1.5124964096245403
2018-06-07,0.1489623363459826,7.18,KERVILCO,0.0,546.1756961895247,0.2373531653325231,22.12506244451622,6.087032384759143,337.8201328625532,6.335512886721419,1.433556291915102
2018-06-08,0.14730258886580452,7.1,KERVILCO,0.0,541.3195170403512,0.094130975339842,22.023002205543687,6.197301937789513,340.58086579048546,6.314625083053416,1.4890589272018708
2018-06-09,0.14564284138562644,7.02,KERVILCO,0.0,546.1088125954922,0.0215207484196015,22.52166587536611,6.34552993727129,344.32788263349914,6.473781325147418,1.5058819953068208
2018-06-10,0.13983372520500317,6.74,KERVILCO,0.0,528.8261934366527,0.0,22.66649599396795,7.315362900419167,369.7704519798846,7.070184032967243,1.423554304959052
2018-06-11,0.1315349878041128,6.34,KERVILCO,0.0,557.325584516982,0.0,22.612058506936727,5.526586457919862,324.1000219142432,6.910525465578071,1.5266573597264526
2018-06-12,0.12510346631842273,6.03,KERVILCO,0.0,553.5592401141532,0.0,22.874142004056665,5.930747398849827,333.9451839120403,6.171109149731407,1.5779521563402934
2018-06-13,0.11182548647699808,5.39,KERVILCO,0.0,529.5010455939097,0.0,23.105643083543765,7.480121783347643,374.3707685470264,6.415936254835388,1.595483338998276
2018-06-14,0.10103712785584057,4.87,KERVILCO,0.0,490.9852987693545,0.0,21.430959018945792,7.545997157469275,376.1711519859599,6.646923574408472,1.420135447389571
2018-06-15,0.09813256976552893,4.73,KERVILCO,0.0,488.2081622395088,0.0,21.483998218894484,7.953301038437728,387.6306025524836,6.420538435473877,1.4197607576135025
2018-06-16,0.10456409125121899,5.04,KERVILCO,4.610872846955464,241.90294945045247,0.0,14.420441957484988,7.176173805662892,491.87089142265125,3.8362650001573866,0.7029519774767728
2018-06-17,0.13029017719397923,6.28,KERVILCO,8.128891205724983,255.12348836994207,0.0,14.49431364304063,5.9404312681268765,475.5540559462815,3.336867346913878,0.5051778623137133
2018-06-18,0.14149347268518125,6.82,KERVILCO,0.0,510.0234936860187,0.0,19.25571449736518,5.103618201350718,314.98012026913455,5.599178073640347,1.0318598383746609
2018-06-19,0.10103712785584057,4.87,KERVILCO,0.0,565.9778631859695,0.0,21.55565005490269,4.380786982325561,297.61081652015974,6.050733808503048,1.2021636666087228
2018-06-20,0.08713674270934915,4.2,KERVILCO,0.0,553.0832369091198,0.0,21.0485152462303,4.511414592236172,300.50420998068745,5.829429900276101,1.1368629915683086
2018-06-21,0.07676332095823617,3.7,KERVILCO,0.0,598.9922317160112,0.0,23.990456502317247,3.897988082081192,287.05110496218134,6.25564207673204,1.4692183240654582
2018-06-22,0.06970939416747933,3.36,KERVILCO,0.0,546.9598819783063,0.0,22.219138741719338,5.722901071614662,328.8545760171575,6.715583520206784,1.3294612585076122
2018-06-23,0.06493762016196736,3.13,KERVILCO,0.0,560.3932037378905,0.0,21.37719779617398,4.120183354252997,291.9351721529373,6.353359198055349,1.3640308083640909
2018-06-24,0.061203188331566676,2.95,KERVILCO,0.0,522.986230947266,0.0,18.66084328416873,3.496916235784482,279.27166343207347,5.835975466177258,1.0009863204394502
2018-06-25,0.057883693371210514,2.79,KERVILCO,0.0,599.9539075929321,0.0,22.30102657866374,1.9237789029107308,247.0993523879685,6.381341601238447,1.30352801157311
2018-06-26,0.05290445093067627,2.55,KERVILCO,0.0,589.8051986671489,0.0,26.48211141543588,6.444352602348572,346.866313864128,7.147050025986656,1.8386845755968224
2018-06-27,0.04730280318507525,2.28,KERVILCO,0.0,525.1528263585207,0.0,25.43114570189125,9.39466040732083,429.9244138368503,6.559182770529676,1.926238068141604
2018-06-28,0.047095334750053,2.27,KERVILCO,0.0,538.7732150144559,0.0,26.42812545592049,9.673047443574088,438.5874629716803,7.193694086488338,1.883298377737476
2018-06-29,0.04170115543947423,2.01,KERVILCO,0.0,517.7589118558672,0.0,23.9032716693658,8.318195751512997,397.7546926745123,7.101697122184717,1.6268050950726545
2018-06-30,0.03858912891414035,1.86,KERVILCO,0.0,558.6736051520036,0.0,23.29736656209784,5.529408679500857,324.2594107260089,6.614472059254513,1.2930564613121092
2018-07-01,0.03381735490862837,1.63,KERVILCO,0.0,580.6404782645872,0.0,24.388432046870523,4.888647645393556,309.20796780787606,6.36857341335584,1.3875198773483135
2018-07-02,0.030497859948272206,1.47,KERVILCO,0.0,559.5800131211674,0.0,23.8939416020338,5.824174558726417,331.3238021984128,6.122325377441921,1.5610062820550976
2018-07-03,0.02697089655289379,1.3,KERVILCO,0.0,505.7660770706321,0.0,23.323748229605243,7.889328819285826,385.56772583085,5.778323474531265,1.4254893159069784
2018-07-04,0.027385833422938308,1.32,KERVILCO,0.0,518.9488585692571,0.0,24.15701199634663,8.21380454774887,394.7426677870277,5.825533212629562,1.5625985829367075
2018-07-05,0.03112026525333899,1.5,KERVILCO,0.0,446.0818712365818,0.0,20.11170214406465,7.450351057169716,373.7572888225841,4.700119803905534,0.8704335899353982
2018-07-06,0.04771774005511977,2.3,KERVILCO,0.0,516.3742239663521,0.0,22.26802600722104,6.594991551227511,350.6959687878752,5.086509616842032,1.059692506464717
2018-07-07,0.04979242440534238,2.4,KERVILCO,0.0,516.2762569683784,0.0,23.437211039950856,7.749455917219148,381.6712821997771,5.480346757105507,1.177574111077993
2018-07-08,0.04024887639431842,1.94,KERVILCO,6.582890438615398,408.36767563196776,0.0,24.225826846085887,6.803719340297079,356.3387406712138,5.326937545726737,1.2448391027686352
2018-07-09,0.04149368700445198,2.0,KERVILCO,0.0,496.003181070858,0.0,22.87956315315701,7.970045259060675,387.8135341793951,5.76863992136055,1.163441142644435
2018-07-10,0.027593301857960568,1.33,KERVILCO,0.0,524.4265755966323,0.0,24.709296184071523,8.504349279243424,403.1412617542284,5.617110931656335,1.3167188984475584
2018-07-11,0.026348491247827007,1.27,KERVILCO,0.0,518.2846780803445,0.0,24.03340573536332,8.227598759668735,395.1732840355073,5.20542746738072,1.2507979870873924
2018-07-12,0.02676342811787153,1.29,KERVILCO,0.0,477.1771120107781,0.0,21.530285884360456,7.765689355435062,382.8914873777486,4.971634923628312,0.9463715002896256
2018-07-13,0.02904558090311639,1.4,KERVILCO,3.458561120511355,442.1190571761649,0.0,22.646037686022268,8.007269300774553,389.8580390123088,4.918721568988672,1.0058840019033062
2018-07-14,0.05663888276107695,2.73,KERVILCO,0.0429586380881789,506.540068950452,0.0,22.796287282485665,7.63166382146879,379.4074043435648,4.960360705422099,1.085262370495934
2018-07-15,0.04439824509476362,2.14,KERVILCO,11.300615278695735,332.57149293649513,0.0,20.413757700280804,7.840841922548654,409.7074338838006,3.996495917896152,0.7858617060502068
2018-07-16,0.059543440851388595,2.87,KERVILCO,5.364724000850371,429.900522123458,0.0,21.91247112885644,8.42382513879758,441.88884265807377,4.8286446868264585,0.8987790829988332
2018-07-17,0.06618243077210091,3.19,KERVILCO,0.6315936244354046,487.1647759406748,0.0,23.013145289434263,7.427639358607208,419.5816301557373,4.618641661286994,0.8389328162383171
2018-07-18,0.058713567111299554,2.83,KERVILCO,0.0,522.8618030175525,0.0,24.719243909804035,8.102820898569316,408.8298692322744,5.824811109801997,1.2139829179795625
2018-07-19,0.033194949603561584,1.6,KERVILCO,0.0,480.5328390263571,0.0,24.99912214645717,10.488121836567313,500.31706357472734,5.792253114170276,1.5959123020810635
2018-07-20,0.025726085942760227,1.24,KERVILCO,0.0,477.91347759447785,0.0,24.6514056004136,10.23409636724944,468.9194253558014,4.960533744423828,1.521064532814294
2018-07-21,0.02717836498791605,1.31,KERVILCO,0.0,451.9504967755176,0.0,22.96988120987778,9.766846354934152,462.4784887612852,5.359498905495302,1.2905623678684888
2018-07-22,0.0356845708238287,1.72,KERVILCO,0.0,487.3443854015476,0.0,24.146205108212,9.631359676875068,448.7408412737734,5.112272476976214,1.2962317245462205
2018-07-23,0.027593301857960568,1.33,KERVILCO,4.028957759499776,367.5432559915885,0.0,23.24267481815033,8.54718277559182,468.254279719919,4.821390353353213,0.9422448366728682
2018-07-24,0.062033062071655716,2.99,KERVILCO,4.90990350071172,378.3201724386252,0.0,23.72638914764497,8.272873741335367,463.0011700446156,5.06108279499705,1.0111753319802212
2018-07-25,0.04315343448463006,2.08,KERVILCO,3.4668453600929405,344.8654225448979,0.0,21.741677823263,8.295121608314087,537.3767512231567,5.018894555306802,1.0498392627499535
2018-07-26,0.038381660479118083,1.85,KERVILCO,0.0,488.8525307189368,0.0,21.135126384783224,7.004635795714365,404.0702449146999,4.700119803905534,0.8606219422773199
2018-07-27,0.038796597349162604,1.87,KERVILCO,3.4762976273598296,369.527722046715,0.0,19.956375804440466,7.181324083084459,525.7558059816783,4.706691926293103,0.8886652779652153
2018-07-28,0.039626471089251644,1.91,KERVILCO,4.703951942127702,359.9912841721727,0.0,19.676585472878493,5.726202414645196,500.5566815364888,4.888193440514276,0.8813280872483688
2018-07-29,0.0429459660496078,2.07,KERVILCO,0.0,557.9859383355752,0.0,22.43723596489919,4.703807209427513,338.3213429300724,5.513577010555319,1.0415197465111223
2018-07-30,0.028215707163027348,1.36,KERVILCO,0.0,510.74588969930335,0.0,20.826436778185293,5.777648998248568,389.6149028300651,5.089238314060384,0.9902256280763952
2018-07-31,0.02510368063769345,1.21,KERVILCO,0.0,569.8126118297464,0.0,22.899381678702063,4.401674833374211,329.30568640509216,5.357325905059835,1.2584942300079045
2018-08-01,0.022821527852448592,1.1,KERVILCO,0.0,527.293713231249,0.0,22.742927787315907,6.778142179634672,397.131230375159,5.153938299613659,1.2831909086957267
2018-08-02,0.02157671724231503,1.04,KERVILCO,0.0,504.1672234959358,0.0,22.891996556242983,8.092495745682076,447.8071342479181,5.177052373906102,1.2640461373466416
2018-08-03,0.023236464722493112,1.12,KERVILCO,2.268415362988609,362.3673508605928,0.0,18.393967664371512,6.474152603290955,560.577067179155,4.163082745320301,0.6999966731337572
2018-08-04,0.025518617507737967,1.23,KERVILCO,4.1667209161799255,377.8230259047902,0.0,22.25614127060454,7.063777243784394,553.6361653968769,4.960114504595908,1.081917406522844
2018-08-05,0.028215707163027348,1.36,KERVILCO,2.400191671895662,417.0004562403827,0.0,22.113546624135584,6.360407304765382,517.169664630025,5.03736988294026,1.026492639463208
2018-08-06,0.03153520212338351,1.52,KERVILCO,0.0,520.6381129760887,0.0,24.05314197110589,8.132832855810314,472.6421171278929,5.37647995458959,1.2752637234008957
2018-08-07,0.02219912254738181,1.07,KERVILCO,0.0,541.2297556129678,0.0,24.14402978861615,7.108054628658128,427.93779037651785,5.4269474980549575,1.225423435134097
2018-08-08,0.017634816976892093,0.85,KERVILCO,0.0,523.0620741157269,0.0,22.28874784307565,6.279199026463287,423.2674897945304,4.894153296961363,1.2930973939921655
2018-08-09,0.01784228541191435,0.86,KERVILCO,3.880142440526467,388.2937911657766,0.0,22.286699505956044,6.068141501420572,558.6875292512171,4.8735050209222885,1.0253425810718764
2018-08-10,0.04315343448463006,2.08,KERVILCO,0.0,485.09129313439456,0.0,20.07534556750477,5.786520254805952,479.5059341360085,4.624188859468053,0.908064614278156
2018-08-11,0.027385833422938308,1.32,KERVILCO,0.0,536.0920626828922,0.0,21.27825998560981,4.39402182190824,387.8745519305413,4.676656348801053,1.063655765138884
2018-08-12,0.02116178037227051,1.02,KERVILCO,0.0,543.2963827297631,0.0,22.59313023920635,5.064742949944257,395.1906441524183,5.078662936022855,1.2043329874833155
2018-08-13,0.02053937506720373,0.99,KERVILCO,0.6797474299543158,521.2388966101379,0.0,22.852988878346395,4.769190059414776,411.6158787355198,5.547539251964823,1.2165814767835597
2018-08-14,0.019709501327114694,0.95,KERVILCO,0.0,480.44602706283126,0.0,21.552559255819784,6.953110360824734,523.5844865039655,4.357232763804452,1.1093025190620538
2018-08-15,0.02074684350222599,1.0,KERVILCO,0.0,413.68994047501263,0.0,19.58441587011888,7.757962453710844,648.9626851911564,4.412222576420629,1.0183704327848335
2018-08-16,0.023858870027559886,1.15,KERVILCO,4.153923981836571,324.4523883058062,0.0,20.478303285673466,7.578507870882984,761.7408233517671,4.239353082306251,0.9342980204015392
2018-08-17,0.023236464722493112,1.12,KERVILCO,3.971413611437469,349.07273181652386,0.0,21.2768552310534,7.003331026663292,720.037460678013,4.143346318888874,0.8723423457186152
2018-08-18,0.023028996287470852,1.11,KERVILCO,0.0,443.3441156412274,0.0,18.49147218821834,5.521738709254947,582.6244836089847,4.462613597772575,0.7925656373074542
2018-08-19,0.019294564457070174,0.93,KERVILCO,0.0,454.1540222391385,0.0,18.28942868418473,4.782339012082148,546.3052546236586,4.920857864292421,0.8910066131279869
2018-08-20,0.015975069496714015,0.77,KERVILCO,0.0,523.6609991854992,0.0,21.690302224933745,4.780373678870348,463.99276044973215,4.766367145046563,1.137416409440955
2018-08-21,0.023651401592537626,1.14,KERVILCO,10.247939829048688,272.164396256751,0.0,17.09631495751707,6.7569948105140725,863.505849697035,4.004023165096839,0.7514425323634755
2018-08-22,0.07738572626330295,3.73,KERVILCO,4.714873395177642,220.66759284637263,0.0,15.25676885558335,7.077969775406648,984.5189922249364,3.255538933035388,0.4703603828900635
2018-08-23,0.051867108755564974,2.5,KERVILCO,0.0,448.4038801853012,0.0,18.064315632081364,4.83602043065504,626.9940798071665,4.630521463937662,0.7907906564705102
2018-08-24,0.03360988647360611,1.62,KERVILCO,0.0,505.22822374245686,0.0,20.420362682875048,4.450073890973874,550.5912961931596,4.89087225456158,1.1081541373758983
2018-08-25,0.02676342811787153,1.29,KERVILCO,0.0,418.7983753028788,0.0,19.056377465473204,6.779597019213834,743.5909494224404,4.06118926145579,0.9087128667981214
2018-08-26,0.0346472286487174,1.67,KERVILCO,5.95821303425722,331.5888982737729,0.0,18.917006712158827,5.481715413275378,775.516925206641,4.21818908741897,0.7546960150599301
2018-08-27,0.06224053050667798,3.0,KERVILCO,0.0,469.6975806513854,0.0,19.2548221362688,4.761429240884397,627.3215519771582,4.916721551891398,0.8891447908901888
2018-08-28,0.038796597349162604,1.87,KERVILCO,0.0,489.7530838017265,0.0,20.82189845692905,5.269649231994392,624.8628672351972,5.318698154495921,1.1651472430598742
2018-08-29,0.027385833422938308,1.32,KERVILCO,0.0,498.9166232894801,0.0,21.588246555448336,5.382406898228914,619.0188929389701,4.993091745117313,1.2560281089877796
2018-08-30,0.023858870027559886,1.15,KERVILCO,0.0,495.9729315195499,0.0,22.57434997585252,6.498758439981842,666.7545335547574,5.599876894640974,1.402774286489908
2018-08-31,0.02219912254738181,1.07,KERVILCO,0.0,430.7222374906588,0.0,18.87348844194916,6.022001940074855,728.3434711893103,4.764027765985615,1.066648008799514
2018-09-01,0.023651401592537626,1.14,KERVILCO,0.0,424.99278729009,0.0,18.27796514188742,5.666905915041754,720.7677235524155,4.238514508682497,1.027526211912733
2018-09-02,0.023858870027559886,1.15,KERVILCO,5.5008222654787655,277.09956301622856,0.0,15.162055819130815,5.05365943694479,835.8644078930564,3.5088816178284943,0.8295813931498024
2018-09-03,0.034439760213695145,1.66,KERVILCO,6.369700501696695,249.37201039797705,0.0,13.557562170161658,4.248427673360601,819.9332235257029,2.66067680598202,0.5229479848132595
2018-09-04,0.04149368700445198,2.0,KERVILCO,7.242570995098383,321.664293775939,0.0,16.874396491180043,4.092084144531228,769.7914749353183,3.667338823431968,0.8544610848478703
2018-09-05,0.08112015809370363,3.91,KERVILCO,6.363905026755522,238.5138617616451,0.0,13.724400925614876,4.879798654922691,864.5263457822385,3.059538802911445,0.5190719054949702
2018-09-06,0.06970939416747933,3.36,KERVILCO,2.7093614210467902,370.779734550548,0.0,16.474487815878003,3.979653596528965,760.469960661602,3.3813151080082133,0.6531190284040065
2018-09-07,0.04502065039983039,2.17,KERVILCO,0.0,486.8324973145831,0.0,18.21994573327136,2.8813616752323035,623.9508706435225,4.077441706236444,0.8708119418715398
2018-09-08,0.03630697612889548,1.75,KERVILCO,0.0,470.3088425833716,0.0,19.286798797507902,4.657601402871466,713.8373714351944,4.595191548879895,1.0989068477690338
2018-09-09,0.030912796818316726,1.49,KERVILCO,0.0,449.6210222853898,0.0,18.16443380681628,4.426783127719832,724.3028943183472,4.513996220488688,1.0487700955970356
2018-09-10,0.029253049338138645,1.41,KERVILCO,0.0,505.53551113680487,0.0,21.47949362002666,4.353472077189214,666.1986008205812,4.3716348681901,1.3480985584260936
2018-09-11,0.02676342811787153,1.29,KERVILCO,0.0,450.3373360471524,0.0,19.32244580210373,5.286834366868759,765.2406468451878,4.452061535669389,1.1443023634077507
2018-09-12,0.025933554377782487,1.25,KERVILCO,0.0,481.5558783151733,0.0,20.934301590523617,5.234923287249774,731.6569133782793,5.163528653517059,1.3450444262617465
2018-09-13,0.023858870027559886,1.15,KERVILCO,0.0,485.70901784065086,0.0,21.59929048771081,5.379125484146536,734.3724513135614,5.408073006658157,1.4589947152544764
2018-09-14,0.022406590982404072,1.08,KERVILCO,0.0,498.4040352135014,0.0,21.525104331151457,4.145832788495588,666.7403411575813,4.703048124237508,1.4431549708762554
2018-09-15,0.02157671724231503,1.04,KERVILCO,0.0,478.6869152275117,0.0,22.53358560187469,6.153919680813325,763.70514599871,4.679438283521122,1.5187022175623377
2018-09-16,0.02199165411235955,1.06,KERVILCO,0.0,461.37052974705375,0.0,21.19091080475209,5.787804070330194,740.2628738399768,4.623237187499584,1.354319651703411
2018-09-17,0.02199165411235955,1.06,KERVILCO,0.0,458.9569131493795,0.0,21.339771389917605,5.818270933695123,744.625635814867,4.640038599385141,1.2874077336490106
2018-09-18,0.021784185677337288,1.05,KERVILCO,0.0,447.9846784179055,0.0,21.21464608429729,6.265981842771686,779.9110603384567,4.814169169273605,1.3646371166208873
2018-09-19,0.022614059417426332,1.09,KERVILCO,4.946913903003356,323.4763560506302,0.0,19.26872950779818,4.942722362447094,832.5202681686249,3.811077839562367,1.0258430657614956
2018-09-20,0.03360988647360611,1.62,KERVILCO,0.0,386.5396515884748,0.0,15.612827813231432,3.50861469806996,727.5166821262253,3.893843784684854,0.7352623872414061
2018-09-21,0.030912796818316726,1.49,KERVILCO,0.0,469.37418570234,0.0,18.092340362825308,1.461872813777081,572.8986731518415,3.618634968310767,0.9066962793715876
2018-09-22,0.029460517773160905,1.42,KERVILCO,0.0,448.9013852933169,0.0,18.555756217949188,2.8764140893050687,645.5711349035904,4.177218703476904,1.0837659112649696
2018-09-23,0.027800770292982828,1.34,KERVILCO,0.0,436.9308583661761,0.0,18.475069005526407,3.398360134492059,679.4650883496432,4.396862070301258,1.0649978157042002
2018-09-24,0.02717836498791605,1.31,KERVILCO,0.0,387.8098822882446,0.0,15.660169977248598,2.9853788612091274,706.3583915826985,4.011793349325621,0.7823466799575823
2018-09-25,0.028008238728005088,1.35,KERVILCO,0.0,437.36477904757567,0.0,15.839865220159911,0.6208116186736293,570.8421804778395,3.896456006846569,0.852907714379702
2018-09-26,0.02655595968284927,1.28,KERVILCO,0.0,455.8894321202622,0.0,15.73465973235007,-0.9232940670743862,503.1568387218697,4.029423361740782,0.895903965608954
2018-09-27,0.02531114907271571,1.22,KERVILCO,0.0,455.20763546879977,0.0,17.38734251548953,0.3480756034617965,545.9938423812008,5.088825682594727,1.1412661899199668
2018-09-28,0.02489621220267119,1.2,KERVILCO,0.0,452.09170545733065,0.0,18.48256163920648,1.4167388771929916,587.5244680102987,4.688978697463346,1.1602512263568618
2018-09-29,0.02510368063769345,1.21,KERVILCO,0.0,435.00693233531,0.0,18.518134834214905,2.3150790255857814,637.8027261086168,4.694159884495821,1.2099297918486664
2018-09-30,0.025518617507737967,1.23,KERVILCO,0.0,391.1019010175378,0.0,18.53121393634764,4.706619741738068,788.2298161098953,4.713603525462276,1.129734105420967
2018-10-01,0.02717836498791605,1.31,KERVILCO,1.5976879271821158,213.7303898832191,0.0,13.592437211751012,5.600400314970204,909.6349070938944,2.600372700694239,0.6745050070067699
2018-10-02,0.03672191299894,1.77,KERVILCO,2.968301562182991,197.3983233426677,0.0,13.429493522402858,4.929052277157334,870.7861379734043,2.4130644375526367,0.492608562881929
2018-10-03,0.0419086238744965,2.02,KERVILCO,0.0,359.45050732886574,0.0,17.40993845831324,4.926987116790874,845.1223500595052,3.2194568823587533,0.6481608010582799
2018-10-04,0.037344318304006786,1.8,KERVILCO,0.0,329.9290845384217,0.0,12.465859681293493,1.3681817592628462,671.626370462775,2.872729706012891,0.4854966495920588
2018-10-05,0.037344318304006786,1.8,KERVILCO,0.0,364.7574434679306,0.0,12.82393960980369,0.0728464929342283,607.0416640262987,2.858813338642934,0.5305154594646025
2018-10-06,0.03630697612889548,1.75,KERVILCO,0.0,333.27790363701854,0.0,9.676233742773505,-1.578173762830434,545.2663527971687,2.362257453682125,0.3893877151141265
2018-10-07,0.038381660479118083,1.85,KERVILCO,3.550966688878231,250.40582504036348,0.0,10.907511570248085,-0.5477438338546194,587.4597518843212,2.6793118168766554,0.4308109548961751
2018-10-08,0.05663888276107695,2.73,KERVILCO,6.309054927093478,181.43840658969765,0.1858324155185168,3.8097410938084537,-3.887832707150605,459.3492393639634,1.4345346219860724,0.1696173164452167
2018-10-09,0.05622394589103244,2.71,KERVILCO,4.849540449554191,170.86233575346233,0.5418378745952998,3.03485840356446,-3.960035616381784,457.3914056654632,1.39101525426629,0.1894293053054039
2018-10-10,0.06369280955183379,3.07,KERVILCO,7.056222128553132,128.9739025294065,0.517396758112121,2.0276450001598123,-3.184345631415999,483.8470906465846,1.3295397854125832,0.170806296594712
2018-10-11,0.0668048360771677,3.22,KERVILCO,0.0,279.0270540498227,0.5051878460123752,5.596371822412337,-3.0627320099898827,489.1428138499592,1.6130644510734156,0.2484729289212686
2018-10-12,0.060788251461522155,2.93,KERVILCO,0.0,381.1142588584921,0.4821653208999658,9.425289650470503,-3.741395971873515,463.55278969680575,2.357628687015727,0.4071258840333889
2018-10-13,0.05497913528089887,2.65,KERVILCO,0.0,374.5980539564674,0.4228278611020588,9.53726691816663,-3.315667364633895,478.27626807315744,2.7544374241574574,0.4981671127845459
2018-10-14,0.05975090928641085,2.88,KERVILCO,3.4827376807383783,353.33142311126926,3.905631764114155,3.3063904515517386,-10.440040612481784,277.6957769107988,0.8527669625303551,0.1083564624931149
2018-10-15,0.04315343448463006,2.08,KERVILCO,0.0,439.8996434881505,3.905631764114155,2.331225260161142,-12.72116638520748,229.4935401930976,1.3317193833370469,0.2266523582183169
2018-10-16,0.045643055704897184,2.2,KERVILCO,0.0,422.66429796701567,3.905631764114155,5.481843516353063,-8.676383865077558,317.01817026919304,2.209344112862366,0.3897560807304776
2018-10-17,0.05373432467076531,2.59,KERVILCO,2.381314772868695,224.7659801990792,3.430839935446622,3.977153838954565,-4.215482010134787,448.0246341544489,1.544441094390882,0.2145852049970296
2018-10-18,0.059543440851388595,2.87,KERVILCO,0.0,358.7781845823446,2.625309983583812,7.993590252089473,-3.144664731534571,485.48786100392834,1.87744498070788,0.3153412544918927
2018-10-19,0.05062229814543142,2.44,KERVILCO,0.0,407.89823061293856,2.159346451148753,9.570627274725396,-4.333462125445551,438.7111718966511,2.086915567831162,0.4027177141339985
2018-10-20,0.045850524139919434,2.21,KERVILCO,0.0,412.58014214885,1.4847818667815411,11.031167612754622,-3.5207993101825346,463.6543438055128,2.297900226270017,0.5690472866736264
2018-10-21,0.04626546100996396,2.23,KERVILCO,0.0,388.5757998907961,0.6501999938376637,11.44494526015991,-2.486498956362788,506.6452207059767,2.214651757911304,0.601175666814406
2018-10-22,0.051244703450498204,2.47,KERVILCO,3.915363895782422,254.74439327979675,0.1931829195603376,11.678709222498378,-0.509068585560544,588.5360070070824,2.28310538165752,0.542049520599089
2018-10-23,0.06493762016196736,3.13,KERVILCO,4.619379066269766,193.2568163840506,0.1425283680080848,7.796269012899402,-0.4898282937209159,590.4925133640814,1.7229975690334225,0.3259092896793938
2018-10-24,0.08195003183379267,3.95,KERVILCO,4.054904341201831,176.97512679017362,0.1125037445450324,5.768169794081532,-1.6378103943474025,543.0546468027871,1.304132966387351,0.1778276919923649
2018-10-25,0.06950192573245706,3.35,KERVILCO,0.0,324.7418467310407,0.0833439838191657,7.869119861646323,-3.123079435769256,485.3324817770322,2.0392266194168487,0.3464051123999433
2018-10-26,0.05663888276107695,2.73,KERVILCO,0.0,344.79078424852383,0.0412382275616839,8.911009578330995,-3.421983630489555,474.0414464315285,2.525885990858357,0.4693244821592671
2018-10-27,0.05394179310578758,2.6,KERVILCO,0.0,382.3124830478211,0.0073744633748657,12.43698349565814,-2.6697564132518807,495.27231287987183,2.8490798644490187,0.5722312025450887
2018-10-28,0.052696982495654014,2.54,KERVILCO,0.0,363.6374521731838,0.0,12.816409108738018,-1.0159621936942274,562.5028420699296,2.719260578952707,0.6443369646894889
2018-10-29,0.05331938780072079,2.57,KERVILCO,0.0,330.64706959838185,0.0,11.884682668377636,0.2297740511516617,621.0102493912207,3.217297234720393,0.7394775534794022
2018-10-30,0.05456419841085435,2.63,KERVILCO,10.349619355893076,209.07940542317488,1.3273734778859037,3.9250510718706577,-4.884707677424249,425.6504622277221,1.110615296856282,0.1833792540468609
2018-10-31,0.05456419841085435,2.63,KERVILCO,0.0,263.77453061342754,1.3273734778859037,0.6199783741465111,-7.490678850908114,348.82336770044634,0.8399154728972171,0.0954187862613607
2018-11-01,0.052282045625609494,2.52,KERVILCO,0.0,292.5807825665891,1.3273734778859037,1.1955405781520658,-8.267946538280633,328.0965080716949,1.5991347948289638,0.2417942857197655
2018-11-02,0.056431414326054696,2.72,KERVILCO,3.0409260985934665,220.54911831923084,1.279473571578047,4.999783382202034,-4.808972059615278,427.4048658225436,2.052254502076936,0.3326954171143335
2018-11-03,0.06535255703201187,3.15,KERVILCO,0.0,297.42232605002823,1.279473571578047,1.274900333430146,-8.416280991995157,324.856679299894,1.2055339228412305,0.163310039131095
2018-11-04,0.05767622493618825,2.78,KERVILCO,3.321870488107497,237.5258729100755,4.601344016501879,1.8075441706021056,-7.685479331050656,343.0070763826253,1.3356726897234517,0.1987834027921085
2018-11-05,0.05684635119609922,2.74,KERVILCO,0.0,316.73537070720005,4.601344016501879,1.4536304950680263,-8.04215666356886,333.5819866237163,1.4762337341835718,0.2151113136381001
2018-11-06,0.04439824509476362,2.14,KERVILCO,0.0,378.5976861582625,4.601344016501879,3.416533220165707,-9.252146012683642,303.3481282432252,1.706292617472153,0.2902076520470272
2018-11-07,0.0439833082247191,2.12,KERVILCO,0.0,371.9405342958394,4.601344016501879,1.8970390378963744,-10.622706711706806,272.19348277514416,1.5642740772129955,0.2975272086952051
2018-11-08,0.05331938780072079,2.57,KERVILCO,0.0,348.27274594899296,4.601344016501879,-0.7576077245720049,-12.277611063727166,238.31803008402565,1.4831519654291347,0.2537526179838053
2018-11-09,0.0356845708238287,1.72,KERVILCO,0.0,408.1910068506505,4.601344016501879,1.6777974050330278,-14.842472472883795,193.2499907698824,1.6375960802691565,0.3169931178744362
2018-11-10,0.04419077665974136,2.13,KERVILCO,0.0,369.529225930339,4.601344016501879,2.7118012667820937,-10.90191975260633,266.11743854823425,1.947632331518257,0.4018402023930855
2018-11-11,0.04336090291965232,2.09,KERVILCO,8.137148840471593,219.94802449727072,12.738667632048989,-4.544849410183533,-14.039194035556273,207.11808547498865,0.6037935553138607,0.0854327634944116
2018-11-12,0.06265546737672249,3.02,KERVILCO,0.0,330.1457078579616,12.738667632048989,-6.705646376701675,-17.772418956725488,151.16743505492573,0.7168979388930226,0.1188319851212472
2018-11-13,0.061618125201611196,2.97,KERVILCO,0.0,399.18489185247074,12.738667632048989,0.3439569367278492,-16.251044255858645,171.87563602761944,1.2263618539261991,0.2203999854549148
2018-11-14,0.06390027798685606,3.08,KERVILCO,0.0,394.7270265843071,12.738667632048989,5.748269930381253,-11.141601883945784,261.10082461357854,1.5719277282740367,0.3513903074958971
2018-11-15,0.06493762016196736,3.13,KERVILCO,0.0,369.23248422221616,12.738667632048989,5.91856744116362,-8.752986579436255,315.4741294109097,1.838105206064946,0.4072723018758522
2018-11-16,0.06742724138223447,3.25,KERVILCO,0.0,346.2815676738624,12.738667632048989,5.613899372337322,-7.736424731754438,341.50564583725736,2.010591979971076,0.4404751910327822
2018-11-17,0.05975090928641085,2.88,KERVILCO,0.0,303.5803671721941,12.738667632048989,3.8171831126110094,-7.042236867067936,360.35920922854814,1.5498619195383634,0.3324082400773133
2018-11-18,0.05352685623574306,2.58,KERVILCO,0.0,321.15393260981085,12.738667632048989,1.9323343664716648,-9.875841756219428,288.81945001257463,1.3750790332717269,0.2520501779234988
2018-11-19,0.05207457719058724,2.51,KERVILCO,0.0,361.26262089473926,12.738667632048989,3.1919343838258265,-11.626904590082807,251.1358036182037,1.588552802950883,0.3429040631279288
2018-11-20,0.0356845708238287,1.72,KERVILCO,0.0,349.3856481426644,12.738667632048989,4.9058117845570886,-9.247629671603612,303.4267778894531,1.3264749667112228,0.3930241900459709
2018-11-21,0.030082923078227686,1.45,KERVILCO,0.0,337.3486832587645,12.738667632048989,5.15430300360547,-8.252826225943647,328.02369049804463,1.609936455847884,0.436491294296477
2018-11-22,0.030290391513249946,1.46,KERVILCO,1.7267075935313283,245.9857941846761,14.46552957505784,1.1555835090263726,-8.692765333518336,317.06108043754824,1.358234331907796,0.2999787058627079
2018-11-23,0.028008238728005088,1.35,KERVILCO,0.0,205.2251869199884,14.46552957505784,-0.3683737644648092,-7.472901720869132,348.8414280917347,1.2383814208567283,0.1885677681425908
2018-11-24,0.029667986208183166,1.43,KERVILCO,7.337113908370885,255.960807243023,21.80198904870652,1.645246416924815,-12.811183970540434,228.51884647458368,1.1399753601899112,0.1639269915995775
2018-11-25,0.038796597349162604,1.87,KERVILCO,0.0,303.266799292054,21.80198904870652,-3.9626428420950446,-15.480820922207972,183.2839914033553,1.1673588322695034,0.1956470661902403
2018-11-26,0.052696982495654014,2.54,KERVILCO,0.0,348.2507023846408,21.80198904870652,-0.7136937184371798,-15.523614830202932,182.6413268083296,1.5198662204038866,0.2795926929789611
2018-11-27,0.0429459660496078,2.07,KERVILCO,0.0,299.5524348993675,21.80198904870652,2.248757442542708,-9.268331831574448,302.9613541927453,1.7442115119822887,0.3512971243966714
2018-11-28,0.043568371354674576,2.1,KERVILCO,0.0,247.2813430592676,21.79756022465971,2.7701377697599643,-6.25352900097491,382.8750389180112,1.4513726635370543,0.3100535764639194
2018-11-29,0.045228118834852664,2.18,KERVILCO,0.0,237.842512685405,21.79756022465971,2.0354267738525595,-6.592217907660107,373.07881678559374,1.1314399000043411,0.2345818773842758
2018-11-30,0.03941900265422939,1.9,KERVILCO,3.5992176648102805,182.7814800760948,25.39679644157089,-0.0841995281167978,-8.635664343179387,319.6200150103306,0.9943762359962358,0.1753538976416965
2018-12-01,0.02510368063769345,1.21,KERVILCO,0.0,287.9460828624419,25.39679644157089,-4.9948264628510906,-16.0122877587606,175.5266847303594,0.6794516046316327,0.0960779999567533
2018-12-02,0.02531114907271571,1.22,KERVILCO,6.239899821870282,189.43435986855792,31.63662117855913,-7.29513561414215,-16.660270237802873,166.25328132411315,0.4679944143480225,0.0705660386321228
2018-12-03,0.03381735490862837,1.63,KERVILCO,1.3361209306315154,242.954110625056,32.972449521804855,-7.467635640478869,-17.487450021994672,154.92334755159396,0.4038933862032565,0.0473764596158548
2018-12-04,0.019294564457070174,0.93,KERVILCO,0.0,298.14511417473847,32.972449521804855,-7.679440615185168,-19.4217583570404,131.29560542213738,0.7117234039201917,0.1117593418337085
2018-12-05,0.02717836498791605,1.31,KERVILCO,0.0,339.6833630214296,32.972449521804855,-0.7924881035980259,-16.05274669269822,174.743395882761,0.9970982721500806,0.1965838082439431
2018-12-06,0.02697089655289379,1.3,KERVILCO,0.0,246.77424403548565,32.972449521804855,-0.5315806431631543,-9.84997237769979,289.3616536021658,0.8918139089530752,0.1869205684627611
2018-12-07,0.030497859948272206,1.47,KERVILCO,0.0,287.51809907928254,32.972449521804855,-0.2923872728024834,-11.721000610613824,249.5208909674924,0.709936443600876,0.1405507302297431
2018-12-08,0.030705328383294466,1.48,KERVILCO,0.0,283.79138113471674,32.972449521804855,-1.3758111232810797,-12.711521054650266,230.07927146257376,0.8338491175857896,0.1367222383813725
2018-12-09,0.03112026525333899,1.5,KERVILCO,0.0,314.2306681064269,32.972449521804855,-1.5676170510263858,-14.754178547104688,194.70309486324425,0.8615154255103333,0.1471867828458931
2018-12-10,0.017634816976892093,0.85,KERVILCO,0.0,345.5000421230118,32.972449521804855,1.4795161548031657,-14.992668814073769,190.85522572493065,1.447040019319053,0.3325885999127754
2018-12-11,0.02053937506720373,0.99,KERVILCO,0.0,289.1532302398951,32.972449521804855,1.7677212055342515,-10.103095434084183,283.64919855362103,1.4854048028102846,0.3147945154425682
2018-12-12,0.019087096022047913,0.92,KERVILCO,0.0,311.67719167423934,32.972449521804855,-0.3529702843189234,-13.844826161185066,209.8090767403585,1.257445682831039,0.2110938074732992
2018-12-13,0.01825722228195887,0.88,KERVILCO,0.0,320.4197047793614,32.972449521804855,-3.2089744118928927,-17.288835688123836,157.64168597862405,1.2432731060310391,0.2036651017262152
2018-12-14,0.02531114907271571,1.22,KERVILCO,0.0,337.02294386286485,32.972449521804855,2.864830787866303,-13.102646506220244,222.88972088057,1.3597184582631854,0.3654480717082274
2018-12-15,0.022614059417426332,1.09,KERVILCO,0.0,297.5299661443468,32.972449521804855,3.2736384741086018,-9.2933533119404,302.3563112457765,1.6861136096403937,0.3626504977575884
2018-12-16,0.08070522122365911,3.89,KERVILCO,0.0,318.62033038910363,32.972449521804855,4.739598346079436,-9.582317721248284,295.53534869526334,1.2620278886144356,0.4163628520396248
2018-12-17,0.07240648382276872,3.49,KERVILCO,0.0,265.36719182309514,32.972449521804855,2.57441748799526,-8.054009882234578,333.1636839189378,1.2718312110660015,0.3338324859158689
2018-12-18,0.025518617507737967,1.23,KERVILCO,0.0,262.8290888313557,32.972449521804855,1.3846707150567192,-9.147307943271953,305.80780413978204,1.210245909474582,0.2195980159685991
2018-12-19,0.023443933157515365,1.13,KERVILCO,0.0,234.3309396121322,32.972449521804855,-1.83908255290064,-10.879710512166648,266.64036501411965,1.137010397994297,0.1671495126344444
2018-12-20,0.025518617507737967,1.23,KERVILCO,0.0,304.2332220187636,32.972449521804855,1.1543279779991718,-11.687079640062532,249.9286995966112,1.6933246741203314,0.3016595090918404
2018-12-21,0.03112026525333899,1.5,KERVILCO,0.0,283.3442643355905,32.972449521804855,2.158765431059518,-9.259499838465585,303.1633695597531,1.6930451467744818,0.321001303861004
2018-12-22,0.05290445093067627,2.55,KERVILCO,1.9930125477508287,254.9860016724214,34.96557526824708,-2.974286700489404,-14.880104833028309,192.6537718108829,0.8913779988935011,0.1392745663587977
2018-12-23,0.08132762652872588,3.92,KERVILCO,0.0,300.0673905833066,34.96557526824708,-2.0165491912044526,-14.522896045194695,198.4082969540364,1.2035373268157272,0.245159561639181
2018-12-24,0.03817419204409583,1.84,KERVILCO,0.0,251.1544776193704,34.96557526824708,-1.7417690079265138,-11.5259618271068,253.20083065920912,0.879451604249422,0.1613360636164604
2018-12-25,0.0346472286487174,1.67,KERVILCO,0.0,266.68989209382056,34.96557526824708,0.3571478461505243,-10.124437103025222,283.12896768121146,1.088582755152642,0.2262007880379866
2018-12-26,0.04024887639431842,1.94,KERVILCO,0.0,298.1266663561392,34.96557526824708,1.122665466029165,-11.001406965261769,264.39558012862915,0.8196632321918395,0.14633057094112
2018-12-27,0.1956427342259911,9.43,KERVILCO,3.667158523409909,207.35618929681928,38.63261456004175,-4.852238527411713,-15.66890945020743,180.7461577042864,0.6186283337639908,0.1093760600974219
2018-12-28,0.05705381963112147,2.75,KERVILCO,2.7720089172000746,143.72557912535018,41.40543208306794,-11.247858605993034,-18.0084809068475,148.86177211153552,0.258047993650645,0.02213004509452
2018-12-29,0.04066381326436294,1.96,KERVILCO,0.0,297.2528091526631,41.40543208306794,-8.44619016690816,-20.24069784319994,122.3300040091046,0.6560114510170197,0.0971425239516532
2018-12-30,0.03195013899342803,1.54,KERVILCO,0.0,328.92946751163487,41.40543208306794,-2.138979397467943,-16.423609998030916,169.41065670588597,0.7821902780143131,0.1261132753813246
2018-12-31,0.03506216551876192,1.69,KERVILCO,10.515062394290831,183.8305474445985,51.91989060440922,-8.793398575514457,-17.928688152709675,149.27289146171245,0.7287611087139492,0.1365445409350568
2019-01-01,0.046472929444986225,2.24,KERVILCO,0.0,320.0067919702927,134.38365931658652,-8.766041368237154,-21.271811342006128,111.8088239893406,0.3501514182025784,0.0407690256623288
2019-01-02,0.04688786631503073,2.26,KERVILCO,0.0,372.358367383724,134.38365931658652,-5.356314289292569,-22.045907986683364,104.45012151547974,0.5972047654873388,0.1150534075540829
2019-01-03,0.041286218569429725,1.99,KERVILCO,0.0,372.6427185834456,134.38365931658652,-0.1780376692628957,-16.969425969534655,161.81875410546792,1.1538118588889108,0.2058766753578308
2019-01-04,0.03817419204409583,1.84,KERVILCO,0.0,358.972384733835,134.38365931658652,3.0751948447549764,-12.397019132314748,236.02192758719684,1.4318924394805383,0.3209680235701066
2019-01-05,0.044813181964808144,2.16,KERVILCO,0.0,330.6114305997189,134.38365931658652,2.4822977607505923,-10.69745061858586,270.5202665326123,1.1933812646000108,0.3295960195923142
2019-01-06,0.045228118834852664,2.18,KERVILCO,0.0,275.1935420412537,134.38365931658652,-0.6765728246228849,-10.75670261477628,269.320277800485,0.7161492132842255,0.1212305749077993
2019-01-07,0.045435587269874914,2.19,KERVILCO,0.0,265.410324537926,134.38365931658652,-2.800422279604335,-12.517683934040392,233.7116927219617,0.7969551706432305,0.1185354890744939
2019-01-08,0.04253102917956328,2.05,KERVILCO,0.0,357.19111142243105,134.38365931658652,2.8008622199516133,-12.000425285556934,243.7027964122776,1.1811221022482288,0.228041659355707
2019-01-09,0.04232356074454102,2.04,KERVILCO,0.0,322.10222746351553,134.38365931658652,3.71582042631034,-8.646090039984445,318.10597092669525,1.2532195247694138,0.3353256152636645
2019-01-10,0.04107875013440746,1.98,KERVILCO,11.919239007630518,245.9398722844585,146.30281155854632,3.5543955387614865,-9.192638502894992,304.7566271818704,1.2881368203455277,0.2877870937368961
2019-01-11,0.04419077665974136,2.13,KERVILCO,18.700126392131818,157.80425012657122,165.00215740977563,-2.4709816727885068,-9.54407072979648,296.7150676511877,0.4918139257298853,0.0553429164816776
2019-01-12,0.04751027162009752,2.29,KERVILCO,4.653925985073092,170.3228606817223,169.6567249029616,-4.676318592903979,-12.440854862174165,235.1859546336537,0.3892283184723286,0.0472223886021339
2019-01-13,0.04751027162009752,2.29,KERVILCO,0.0,321.7338522375731,169.6567249029616,-4.00806263403061,-15.450791022300816,183.7330793749056,0.5230208700189003,0.0702815202877809
2019-01-14,0.04813267692516429,2.32,KERVILCO,0.0,376.5969844753503,169.6567249029616,-2.052133025970241,-16.595138972454002,166.98457092547162,0.6688895536291793,0.1399587370361794
2019-01-15,0.04502065039983039,2.17,KERVILCO,0.3655296025635268,355.82639024055425,170.02263374020154,0.1678053967781522,-12.979294521289512,225.1266646084185,0.91823898912694,0.1836351528344768
2019-01-16,0.04273849761458554,2.06,KERVILCO,3.033969920886138,221.01054128290343,173.05657126887584,-0.9039233376482054,-10.581713429140276,273.0441782945231,0.7871817830679904,0.1232255164032165
2019-01-17,0.04253102917956328,2.05,KERVILCO,4.630176708490488,231.71272321753543,177.68719988483974,0.581872816558841,-10.054308986121148,284.7037083446586,1.0959169671764069,0.1968230666086751
2019-01-18,0.04170115543947423,2.01,KERVILCO,0.0,249.30600844927147,177.68719988483974,-2.983388907328005,-11.030539422950618,263.4227132610322,0.7168580156103166,0.09240491161001
2019-01-19,0.03941900265422939,1.9,KERVILCO,0.0,365.7066995100843,177.68719988483974,-2.138934479121229,-15.158102878250538,188.2608242039356,1.140780686451502,0.1747958478679761
2019-01-20,0.03713684986898453,1.79,KERVILCO,0.0,359.1557503936017,177.68719988483974,2.0618861255017085,-10.512426852243747,274.53818183668653,1.3707031379154315,0.2625087358996911
2019-01-21,0.03713684986898453,1.79,KERVILCO,4.425331930722109,261.778894503713,182.1117856749036,-0.8808139535979621,-12.959980693451678,226.6145311530579,1.0662906581596,0.1773192242679472
2019-01-22,0.03672191299894,1.77,KERVILCO,0.0,335.83206125169096,182.1117856749036,-6.536371150392373,-17.587831917366355,153.578889232218,0.6279325173173367,0.085267047103343
2019-01-23,0.034854697083739665,1.68,KERVILCO,0.0,396.74013567702326,182.1117856749036,-3.696287981004257,-17.836172462235652,150.38343657639928,0.9977305427132652,0.1399647264773686
2019-01-24,0.015145195756624973,0.73,KERVILCO,0.0,319.3540286216191,182.1117856749036,-5.483842824065607,-15.789749776657356,178.65408170936888,0.8404146244587718,0.1102169646644839
2019-01-25,0.0,0.0,KERVILCO,0.0,365.7250405765684,182.1117856749036,-4.960890146139785,-17.137298214396303,159.525302614421,0.8864663475278031,0.1235636079277355
2019-01-26,0.0,0.0,KERVILCO,0.0,420.3292325349154,182.1117856749036,-1.7323906031437497,-16.95505209192215,162.02115519268702,1.09943431010084,0.159646934135042
2019-01-27,0.0,0.0,KERVILCO,0.0,421.22352507024686,182.1117856749036,0.9926428390098276,-14.15782066120022,204.45656802178164,1.3632924010648833,0.2098975072514653
2019-01-28,0.0,0.0,KERVILCO,0.0,394.50217974576685,182.1117856749036,-3.7618308874546114,-16.96493491759606,161.86570861660024,0.7875910888935723,0.1010994635764594
2019-01-29,0.0,0.0,KERVILCO,0.0,464.7650469472487,182.1117856749036,-1.1122937689747516,-19.644791899082524,128.79710754128467,1.213746640088059,0.1975851074534999
2019-01-30,0.0,0.0,KERVILCO,0.0,445.1555036024535,182.1117856749036,-1.0857505564882868,-17.26690228646823,157.79055078971138,1.329000688786079,0.2186652681897243
2019-01-31,0.0,0.0,KERVILCO,0.0,440.0414755629137,182.1117856749036,2.0529506496532464,-13.692558628870708,212.41994487006767,1.6751322835095734,0.2973312066832555
2019-02-01,0.0,0.0,KERVILCO,0.0,447.6817181959696,182.1117856749036,3.790875515244868,-12.3809803435935,236.3264200919472,1.67094939583562,0.3246055135764297
2019-02-02,0.0,0.0,KERVILCO,0.0,438.2190024131015,182.1117856749036,2.186815078363796,-12.900072528964406,226.5918501281789,1.4802535642248984,0.263902699301546
2019-02-03,0.0,0.0,KERVILCO,0.0,350.6945241896555,182.1117856749036,2.1449868530061056,-8.38623306500623,324.6561679901656,1.4076769485643734,0.2518415377964644
2019-02-04,0.0,0.0,KERVILCO,1.416670324960995,338.97331465321633,183.5287613826981,2.252689758758054,-7.71256102778099,342.37790247342866,1.3676683048191045,0.2495301292291168
2019-02-05,0.0,0.0,KERVILCO,0.0,341.4867727188202,183.5287613826981,-0.083373267857488,-9.746609071634651,293.89187843201154,1.2721273909868338,0.2035250086062744
2019-02-06,0.0,0.0,KERVILCO,3.573032531907747,279.58036413373964,187.10169646440937,-5.460254903704604,-15.968134496704774,177.0619731038737,0.6787028743567705,0.0788782409390654
2019-02-07,0.0,0.0,KERVILCO,0.0,349.51909075687456,187.10169646440937,-11.205325951985143,-20.939785746519547,115.11115654880034,0.7079132159380412,0.0854736950833225
2019-02-08,0.0,0.0,KERVILCO,0.0,482.06479612811705,187.10169646440937,-4.189453916467806,-20.169184400056995,123.09236210495584,1.1169911429971784,0.1886476324083071
2019-02-09,0.0,0.0,KERVILCO,0.0,414.5628266815799,187.10169646440937,-2.4217590146434413,-14.467285959118682,199.3319985261912,1.2920268817232132,0.1995597499752198
2019-02-10,0.0,0.0,KERVILCO,0.0,450.7138035343173,187.10169646440937,-1.1082582950065434,-14.919318439710482,192.04903028580253,1.354963207720108,0.2175082352551273
2019-02-11,0.0,0.0,KERVILCO,0.0,410.4053709270008,187.10169646440937,-4.137860627207065,-16.016326651653003,175.3266120919023,1.1079098953926554,0.1446284636052324
2019-02-12,0.0,0.0,KERVILCO,0.0,469.1774786655005,187.10169646440937,-1.9480832606318,-16.621665112591682,166.62407859885272,1.3771022609345616,0.2080706128431141
2019-02-13,0.0,0.0,KERVILCO,7.710677201472354,321.7133485846683,194.81252145933823,1.4259006363020172,-11.250801320250686,259.08916939388257,1.868952772886376,0.319706501229774
2019-02-14,0.0,0.0,KERVILCO,17.270229330142524,157.6876736019206,194.878360649658,0.3307939810314957,-5.066991756793123,419.3208390422157,1.2750790223698945,0.1909879870887053
2019-02-15,0.0,0.0,KERVILCO,6.05325547500258,293.620168565002,200.93240894724983,1.102219229851361,-9.472916407821732,298.21577480372406,1.0681408354555413,0.1287351509777515
2019-02-16,0.0,0.0,KERVILCO,0.0,475.42636441287937,200.93240894724983,-5.320154087027236,-19.0289298624315,136.05314036638407,0.8163289009110554,0.0929603009893144
2019-02-17,0.0,0.0,KERVILCO,5.593962914979159,395.2827466002701,206.52600644440955,-5.9477245212374825,-20.56067357922208,119.06976723960544,0.9257661951373276,0.1294712322482666
2019-02-18,0.0,0.0,KERVILCO,10.89352936241846,258.5746896779381,217.41948462191093,-8.886894908047672,-17.496955233069926,154.95677632296335,0.6373964330348032,0.053932647535632
2019-02-19,0.0,0.0,KERVILCO,6.749212682284851,339.6383396709887,224.16867831060284,-7.356596144164989,-19.440931057296083,131.1617245921192,0.6737346525362998,0.0723140654138781
2019-02-20,0.0,0.0,KERVILCO,0.0,452.7249249121951,224.16867831060284,-9.105384173676804,-20.92429333013059,115.28163442465392,0.7321653242043928,0.0834837447018723
2019-02-21,0.0,0.0,KERVILCO,3.209212004882532,303.3726198746635,227.37786015112,-7.107577453020279,-15.729516502021896,180.04646736371737,0.8840238204086004,0.0968919516694192
2019-02-22,0.0,0.0,KERVILCO,9.248625679875506,214.32237159312896,236.62613033855635,-3.9024658001794936,-10.489789695716896,275.1495051064558,1.0157565540678073,0.1074420147423611
2019-02-23,0.0,0.0,KERVILCO,0.0,416.4181139682171,236.62613033855635,-5.668814695518922,-15.588510579124463,181.6874553671153,0.9000931729580466,0.0921503445412179
2019-02-24,0.0,0.0,KERVILCO,0.0,556.7834966882391,236.62613033855635,-3.170259558921654,-18.85401550121092,137.88317627113585,1.1878073996844771,0.1592961972813841
2019-02-25,0.0,0.0,KERVILCO,0.0,559.286046231782,236.62613033855635,0.4456440728358706,-15.326212093804797,185.6807686124467,1.551376006392282,0.23659511846848
2019-02-26,0.0,0.0,KERVILCO,0.0,517.35431308422,236.62613033855635,3.056422085401988,-10.323494403430743,278.72542865483183,1.7938437888651726,0.2826009099083667
2019-02-27,0.0,0.0,KERVILCO,0.0,500.66481176336185,236.62613033855635,4.622750337895591,-7.901127058298736,337.18393142363544,1.924152239575481,0.3128182119047586
2019-02-28,0.0,0.0,KERVILCO,4.167360830011869,360.362573256608,239.7321544102768,4.0877980952540405,-6.518552807554708,375.6508231924512,1.8233735835007563,0.2719204054559583
2019-03-01,0.0,0.0,KERVILCO,1.3458021147977626,375.1083294507737,240.05053162426407,3.463052138009328,-5.009960065454952,421.9435847131574,1.6435426584254376,0.2256756828312731
2019-03-02,0.0,0.0,KERVILCO,11.441602285910092,217.18688425700884,239.30141938839063,1.7548960113546412,-4.217930185826963,446.99726667058576,1.3017070958635857,0.1527759488559829
2019-03-03,0.0,0.0,KERVILCO,9.754025153441622,242.88140288716625,249.0559667055589,-0.5304612130080896,-6.882296104382914,364.9347523801009,1.017573466569048,0.0852597250065221
2019-03-04,0.0,0.0,KERVILCO,0.0,514.6374445161164,249.0559667055589,-1.331975638263518,-12.370353722595334,236.5679697993433,0.8963994510732893,0.0893990228557613
2019-03-05,0.0,0.0,KERVILCO,0.0,594.0910700567986,249.0559667055589,2.573592219342562,-11.766974202638728,248.3001122822647,1.486436394450153,0.1854766874569259
2019-03-06,0.0,0.0,KERVILCO,0.6276087347891744,470.1405835248943,248.6197258641226,5.271265183402428,-4.9504522452485045,423.1836829264032,2.1432830540734256,0.3302988228892208
2019-03-07,0.0,0.0,KERVILCO,7.033461131096235,258.0152645836551,248.43457682049976,1.295863696176367,-5.437207080779116,407.5658137706834,1.4800505728409186,0.1780606288674735
2019-03-08,0.0,0.0,KERVILCO,3.5376706312176456,423.3312653959868,251.94977724371665,3.244894677304095,-9.397600405045871,302.15727566674656,1.7412565276252336,0.2263608505436594
2019-03-09,0.0,0.0,KERVILCO,0.0,495.6723780734048,251.94977724371665,-0.5253961603387027,-10.579551420585954,273.3910189891336,1.480137099394929,0.1754444103837628
2019-03-10,0.0,0.0,KERVILCO,5.230522762483093,472.4780188295784,257.18034113430514,4.188009735835871,-11.253197916438427,259.3113335737044,1.8585471218070484,0.2834671050808973
2019-03-11,0.0,0.0,KERVILCO,16.126373487678624,314.71431066068703,257.19401721358355,2.286432711057401,-5.746025746033151,398.0260190072305,1.591141735716813,0.2106708615551192
2019-03-12,0.0,0.0,KERVILCO,18.70889883414905,275.4777168344253,256.1690022332519,3.071304780925745,-3.558573754336536,469.7669274580625,1.2717779873056203,0.1197946831449598
2019-03-13,0.0,0.0,KERVILCO,10.708852946502406,463.4312997524571,266.8770371074943,-1.1334983915157997,-14.690562371870296,197.638698356877,0.5841802276115817,0.0219756410469001
2019-03-14,0.0,0.0,KERVILCO,0.0,613.3766125845343,266.8770371074943,-2.5094106650119232,-15.214366570641204,188.4026595151809,1.1820737985595764,0.1327316878112274
2019-03-15,0.0,0.0,KERVILCO,0.0,686.2978808990214,266.8770371074943,1.567973775699267,-15.437750463386388,183.9426389480128,1.6137466461010843,0.2100635568360386
2019-03-16,0.0,0.0,KERVILCO,0.0,680.4403979441818,266.8770371074943,4.94393097450283,-12.016179796471295,243.1856749404716,1.723889399818849,0.3062989611651813
2019-03-17,0.0,0.0,KERVILCO,0.0,672.8223933091416,266.8770371074943,6.465393493085935,-9.988969087767316,285.2932891261776,2.1137465992361366,0.3651093179088858
2019-03-18,0.0,0.0,KERVILCO,0.0,634.5897559557279,266.8770371074943,5.358197051821635,-8.718091898839416,315.96753641063617,2.056633714903477,0.2957964802954798
2019-03-19,0.0,0.0,KERVILCO,0.0,649.9773412339323,266.8770371074943,3.830499820215588,-10.749134117035831,269.1019261589201,1.7219027623864946,0.2258756729004319
2019-03-20,0.03195013899342803,1.54,KERVILCO,0.0,702.4047420491935,266.8770371074943,6.89177765149189,-11.463235167845172,252.50457825415867,2.164922923411964,0.3821287132272276
2019-03-21,0.04419077665974136,2.13,KERVILCO,5.177187460646456,432.8414843468092,271.7555542972171,4.873009248952621,-7.039073562000062,360.8950466701724,2.3402182754710696,0.3416109313814419
2019-03-22,0.039626471089251644,1.91,KERVILCO,2.2324651476904576,385.1769642659319,273.0277962039932,1.9163854734931904,-6.516018113274056,376.0031989481813,1.921882776399884,0.241831551708807
2019-03-23,0.0356845708238287,1.72,KERVILCO,0.0,530.2137597042063,273.0277962039932,2.268529162746257,-7.897376124971758,337.4098159197481,1.9484875464073648,0.2250134739886583
2019-03-24,0.0346472286487174,1.67,KERVILCO,2.500636928240427,429.9944268388759,275.52848419101105,4.731654207098167,-6.862052192251947,365.5123305761067,2.0747861865475152,0.2949905193686856
2019-03-25,0.03817419204409583,1.84,KERVILCO,0.0,671.6494194529132,275.52848419101105,6.77329903475469,-8.554833095548382,317.91819550075434,2.443266421712174,0.3491111738212272
2019-03-26,0.04792520849014204,2.31,KERVILCO,0.0,685.2490053184816,275.4114090092253,10.44053407147151,-5.722200586134842,389.4912165442204,2.8637249777667813,0.5731845898712097
2019-03-27,0.059128503981344074,2.85,KERVILCO,0.0,667.3884577777027,273.72929532876,13.27337291557965,-1.9952793610297896,509.6429971565024,3.3404446004024235,0.7034318158025256
2019-03-28,0.07614091565316938,3.67,KERVILCO,0.0,642.059294978972,271.9924987100379,12.106885281137842,-1.8635775836183444,518.8126449298076,3.607267634554682,0.6694941933109602
2019-03-29,0.12614080849353404,6.08,KERVILCO,0.0,640.4156076576559,271.9924987100379,3.912756288369156,-9.412360965065115,300.10314491782015,2.09232970301726,0.2716442039182811
2019-03-30,0.13029017719397923,6.28,KERVILCO,0.9819117513084876,551.6899133868665,272.97438154575696,1.113884063028061,-10.366424758987048,278.5785022278737,1.6488935282050206,0.190054241759377
2019-03-31,0.07323635756285773,3.53,KERVILCO,4.391464188524872,306.7553052023474,277.364836500463,-2.128637967080504,-9.32558117755094,303.2169619670649,1.482839169313752,0.138156797593207
2019-04-01,0.07219901538774644,3.48,KERVILCO,0.0,636.3463596809739,277.364836500463,4.23268345477462,-8.921648511473725,310.07705399254706,2.3547336312166403,0.2923233789989608
2019-04-02,0.07738572626330295,3.73,KERVILCO,0.0,652.8600601166335,277.32922127983824,7.666434047376925,-6.297912862470576,378.5488797045918,2.5311969889209567,0.3988080265738118
2019-04-03,0.054771666845876615,2.64,KERVILCO,0.0,480.8667903205907,276.95784023544263,3.904586208708248,-5.1172959349055525,417.4888845436554,2.1982130246655736,0.2920288828701701
2019-04-04,0.06721977294721222,3.24,KERVILCO,0.0,668.5498921628969,276.51102542385297,9.530209300244405,-4.936195081380959,411.70723664728473,2.7242986928372974,0.4327849248836791
2019-04-05,0.08340231087894846,4.02,KERVILCO,0.0,599.735656218332,275.0656517531241,9.563395905790626,-2.556620080159003,499.7292118250864,3.0471831402212635,0.5339426154590662
2019-04-06,0.099792317245707,4.81,KERVILCO,0.0,611.4354433299168,273.97920792089565,9.099918484961522,-3.41300456404333,468.537978919317,2.842417895403176,0.4709470479979317
2019-04-07,0.12551840318846724,6.05,KERVILCO,0.0,686.3351022378167,273.29042159345147,11.027429338517209,-4.360844226166085,421.1485765895162,3.469165748202866,0.5445652414703485
2019-04-08,0.16597474801780793,8.0,KERVILCO,0.0,677.0872474699097,271.9729220782028,12.321123803666712,-2.862274122707841,467.92944959165936,4.019556793364142,0.6829260192063482
2019-04-09,0.25311149072715705,12.2,KERVILCO,0.0,669.8660980394202,270.2747237324926,12.809318094665146,-1.9571741265919933,502.2153555731786,4.00044925065847,0.6778519831924827
2019-04-10,0.27385833422938305,13.2,KERVILCO,4.285838081215405,446.8104850721061,274.2925937192174,3.826154189492053,-8.160876153864237,332.41516499079665,2.0411933040123835,0.242566304767609
2019-04-11,0.2385887002755989,11.5,KERVILCO,0.0294582542137498,496.9852126557784,274.32206858651165,-2.219976375325817,-11.564196557158624,253.52679256451788,1.5629097213880312,0.1705174543694158
2019-04-12,0.28423175598049605,13.7,KERVILCO,0.0,684.2507901403227,274.32206858651165,3.143858778009017,-11.583707686061809,246.5960113026768,2.022275456600406,0.2716641746106105
2019-04-13,0.2365140159253763,11.4,KERVILCO,0.0,652.6887139255034,274.32206858651165,3.3204016568447434,-10.247794763160696,273.25013484563226,2.0538717678932383,0.2743848803219814
2019-04-14,0.2323646472249311,11.2,KERVILCO,0.0,718.1964354099822,274.32206858651165,7.951584311175205,-8.364818094621732,293.712236471761,3.229160414389145,0.4414491986820597
2019-04-15,0.23443933157515373,11.3,KERVILCO,0.0,641.9912690113819,272.50023604738885,11.717707603506383,-1.66197464039336,489.6890475207854,3.892546006143322,0.6404791880175976
2019-04-16,0.26970896552893786,13.0,KERVILCO,0.0,537.8541945926221,270.61957919852705,8.838387084155627,-1.5229822682154592,524.0134886730564,3.3927522815883218,0.524568892463242
2019-04-17,0.27385833422938305,13.2,KERVILCO,0.0,646.013795204565,269.71571183119767,9.161959992840004,-3.8533456430495168,420.816417987452,3.176090643340938,0.4683777488782233
2019-04-18,0.30705328383294467,14.8,KERVILCO,0.0,671.7667100531961,269.3288915917932,8.90374993460773,-5.079969052375724,372.3907856562464,3.6311171101173487,0.501849850578152
2019-04-19,0.3651444456391775,17.6,KERVILCO,0.0,736.7065193415175,267.8930768199636,14.174447782305188,-2.5812405726147283,409.6699424658094,4.322614871770515,0.7695457797900026
2019-04-20,0.4149368700445198,20.0,KERVILCO,0.0,693.1907760083413,265.9868365106225,13.348172426961597,-1.4625396792184362,460.10696915950894,4.069222341222156,0.8154261061674837
2019-04-21,0.42738497614585547,20.6,KERVILCO,0.0,592.261659996731,263.9849033732093,10.35377063999073,-1.23344014927312,512.7898393572398,3.5967321976548754,0.5738398079251154
2019-04-22,0.40663813264362947,19.6,KERVILCO,8.25653420165511,355.3198695645341,262.2698991025357,6.951730073082448,-1.9175215447838785,529.6315730604166,2.9038401352324263,0.4384166873751738
2019-04-23,0.4045634482934068,19.5,KERVILCO,3.166706597752265,460.8638511033929,261.041381026817,9.06917142071489,-3.074122661358307,484.986606482765,2.5119296818548174,0.3442967018933626
2019-04-24,0.4419077665974136,21.3,KERVILCO,0.0,686.9142773366008,259.38062863322784,12.430706140288995,-2.043777913286549,453.2974136899401,3.679361749705348,0.5629786085165711
2019-04-25,0.502073612753869,24.2,KERVILCO,0.0,652.8608297311399,257.0315592033583,12.836083685029612,-0.4076420063409702,519.8041891152799,3.97799409389861,0.6616917822445171
2019-04-26,0.6141065676658893,29.6,KERVILCO,4.786295295241652,463.2206881348176,254.71231314805195,11.679459937300871,-0.4787584422583586,582.1388599138951,3.722614857667394,0.5929313464623467
2019-04-27,0.7759319469832521,37.4,KERVILCO,2.7488489545786794,478.1924347038584,251.83643102415795,11.781701457920557,0.847278292133709,628.3136532579675,4.051156410389165,0.5785414743298902
2019-04-28,0.8734421114437143,42.1,KERVILCO,1.4958088082928598,552.4613212673547,249.045228511108,11.977445291475563,0.6465621778021796,601.8843315301976,3.9160626833896894,0.5773784518162547
2019-04-29,0.8921142705957177,43.0,KERVILCO,10.58963495793824,399.2822666656301,247.3480730371894,7.535146905143687,-1.9597744007504176,529.9855412607651,2.71303786695438,0.326749862822684
2019-04-30,0.8651433740428238,41.7,KERVILCO,8.179613998228135,289.24838787448385,245.962491672482,3.8241429736725614,-2.6993111653743047,501.7345288826866,2.0863498697574125,0.2045416143066093
2019-05-01,0.6763470981725673,32.6,KERVILCO,3.409821959534547,351.26866602319274,246.4428001244624,2.0401767107867066,-5.104642104620165,420.1176244687418,2.034854085285697,0.166909917175382
2019-05-02,0.5726128806614375,27.6,KERVILCO,0.0,587.5257449197533,246.0511697933744,5.234191894635631,-5.24177099462714,409.3440716181662,2.5420618513047724,0.3083335012985917
2019-05-03,0.522820456256095,25.2,KERVILCO,0.0,760.8837887314385,245.8337540049104,11.034664349335255,-5.631978626897986,357.9232708813963,3.735672630377846,0.5377987509682066
2019-05-04,0.5103723501547593,24.6,KERVILCO,0.0,721.3516111010533,244.8960269685396,11.100772328656204,-3.769304841200463,419.0166762422663,3.9827892661773023,0.6057798364036217
2019-05-05,0.5477166684587661,26.4,KERVILCO,0.0,686.2616785107896,243.0682770107468,12.165836729474494,-1.6483188547559204,493.90121258379,4.01285486960585,0.6332810894073827
2019-05-06,0.6203306207165571,29.9,KERVILCO,0.0,663.448267492382,240.5588729742628,13.113893758920993,-0.0243053474725988,556.287882094986,4.069971067671935,0.7099534186232822
2019-05-07,0.7614091565316939,36.7,KERVILCO,0.0,598.9859759973799,238.3213901365544,10.202717730607937,-0.6728335143404778,565.5604301443244,3.5979268323014124,0.5358347416445721
2019-05-08,0.7842306843841423,37.8,KERVILCO,28.518044012754626,512.2788194507407,239.8630213428228,9.012528374652804,-4.339985369810871,444.0081605350496,2.925217139860155,0.369043624531802
2019-05-09,0.8029028435361459,38.7,KERVILCO,18.13902927599376,244.8125648662289,248.4431097571344,-0.6179977421560197,-5.827984401134125,396.4182838687985,1.273109037540292,0.0654753583587002
2019-05-10,0.7925294217850328,38.2,KERVILCO,12.168828359281266,391.2967401899113,250.0794124074564,4.079083225872399,-4.589383388453405,436.0617696558917,2.271924409972329,0.1641556042419794
2019-05-11,0.7489610504303583,36.1,KERVILCO,0.0,696.3854037166764,249.2608308584249,9.219696522298534,-4.0533489721760985,447.990128576464,3.049079918717788,0.333580578289561
2019-05-12,0.699168626025016,33.7,KERVILCO,0.0,771.2601185934759,248.22639129065925,13.284755271951484,-3.535936243343439,442.82114484762303,4.118039305747788,0.6039805593540106
2019-05-13,0.7282142069281323,35.1,KERVILCO,0.0,765.3348434776766,246.32214237033008,15.38044592133894,-1.4667884575789485,508.69161950847297,4.63748960178278,0.7463814869688176
2019-05-14,0.8817408488446047,42.5,KERVILCO,0.0,714.1138973839688,243.09681416652728,16.36729832024968,1.678515860203011,648.0723739166529,4.631889127938429,0.8895970221260164
2019-05-15,1.0933586525673098,52.7,KERVILCO,0.0,731.657444439586,240.031766000038,16.728819622834315,1.2979261907165471,617.4265442128102,4.804618756618996,0.9013736717280704
2019-05-16,1.251034663184227,60.3,KERVILCO,0.0,636.3167249972738,236.2896207253639,14.90379486783428,2.9118195695768554,718.4563353992551,4.702831848287087,0.7613640137767756
2019-05-17,1.5145195756624974,73.0,KERVILCO,2.8785458144830285,433.46044953864094,235.0618740027329,7.135914595114175,-2.918874921494912,495.173747876088,3.0188346455440014,0.3451292790991427
2019-05-18,1.429457517303371,68.9,KERVILCO,0.0,611.7011198963064,234.6456262663968,5.434584536705871,-5.267569139584432,414.4685539272772,2.9622674818455623,0.3358896559227733
2019-05-19,1.273856191036676,61.4,KERVILCO,0.0,622.9754404288427,234.01193573431172,6.448807687323995,-4.498541488341535,433.6338493563221,2.9717447312317504,0.3678729495114882
2019-05-20,1.0850599151664193,52.3,KERVILCO,4.207168798923319,442.8009389510653,233.6698063069749,5.715340929036767,-4.28000765058079,446.3451675608498,2.759222624603475,0.2911909791818178
2019-05-21,1.0124459629086282,48.8,KERVILCO,0.0,613.5870801233768,233.18772607631783,5.527414390911561,-4.941272834657112,420.1930872881093,2.5056038172581188,0.2555106303600903
2019-05-22,0.8921142705957177,43.0,KERVILCO,0.0,664.4221461617464,232.53528044339697,7.194587509103164,-4.7101257809196,418.5121344678403,2.484083768103684,0.3389278218531457
2019-05-23,0.7800813156836973,37.6,KERVILCO,0.2085032133662416,602.1510394619592,231.8249543777643,6.320690797006489,-4.312685782483111,430.10660971299166,2.559169415693577,0.2558390758275858
2019-05-24,0.7053926790756836,34.0,KERVILCO,0.0,771.7199353120367,231.6184135543134,10.27918004245434,-5.905410124796933,339.2085534059871,3.9443079445755695,0.5177967380342426
2019-05-25,0.6867205199236803,33.1,KERVILCO,0.0,763.5753779711373,229.84090855220705,14.5563814664878,-1.766681635515856,443.7779305393234,4.863046246365792,0.8141369770213548
2019-05-26,0.755185103481026,36.4,KERVILCO,0.0,747.8829209521061,227.82710319225305,14.348090252357885,-1.2068197461002732,467.3087234002003,5.059671905583332,0.8168224092212312
2019-05-27,0.9045623766970532,43.6,KERVILCO,0.0,690.1805667527475,226.48501166790868,10.395903294695218,-2.803170271532448,446.4603313618558,3.518728202561374,0.5299144809154667
2019-05-28,0.9128611140979436,44.0,KERVILCO,0.0,676.7403638261571,225.98516682076465,7.631317094036323,-4.99401650165846,393.7390186814658,3.414824799259057,0.4171148967500542
2019-05-29,0.9273839045495018,44.7,KERVILCO,5.7772396770175325,452.3571823408019,224.95618500325065,7.447248358495787,-3.5497154972048763,469.422258717594,3.399267912990009,0.4110868201748169
2019-05-30,0.9170104827983888,44.2,KERVILCO,0.0,682.0866606521517,223.3407783303927,11.284826102508587,-2.1530268599691817,466.72306908069936,3.8396292823130014,0.5794299737341468
2019-05-31,0.8755167957939368,42.2,KERVILCO,0.0,712.2876600075282,221.0852771682996,14.266125895227994,-0.6308272602701362,497.2168147106868,4.305667037658575,0.7216678269789871
2019-06-01,0.9190851671486113,44.3,KERVILCO,0.0,704.914216626413,217.55273556189616,17.316858700533945,2.410674182005102,588.369519296444,4.862151041605609,0.9349442538134188
2019-06-02,1.2219890822811108,58.9,KERVILCO,3.2360580498507923,470.137115008327,213.71669968222344,15.45650794001404,3.13358656386838,734.837507235421,4.553469122906049,0.7559056270698126
2019-06-03,1.4149347268518127,68.2,KERVILCO,3.1296785522556902,523.1592443846438,210.5022764150397,15.377998726843428,1.6536511256554487,643.647994285772,4.676014073378774,0.7704419221585609
2019-06-04,1.5850588435700657,76.4,KERVILCO,0.0,631.2649851453699,206.72143642359148,15.375239114754056,3.00172173854321,650.9785221426474,4.639063558270342,0.8445908586013607
2019-06-05,1.7925272785923256,86.4,KERVILCO,4.652039529535363,417.9161991229696,203.127068618384,13.24253534149646,2.557828674292288,722.8838185351016,4.12578948266629,0.7116135914176325
2019-06-06,1.9481286048590207,93.9,KERVILCO,0.0,739.630353888705,200.0191185249473,18.021373974575205,1.4004276078876807,520.4341587796433,4.97808726706373,0.8833925635766035
2019-06-07,2.3028996287470846,111.0,KERVILCO,1.1642055171709695,649.9954985744612,195.63298518702663,17.755612117693325,4.443514699051455,684.4956422409543,5.169578363231278,0.93389037257522
2019-06-08,2.614102281280475,126.0,KERVILCO,0.0,677.877367205812,191.16584098140345,19.256664697502963,4.635140913155056,673.3497346909343,5.798176394870033,0.9938917285328692
2019-06-09,2.8008238728005086,135.0,KERVILCO,0.0,618.3488307141855,188.24298785539776,13.636814452142731,0.9592369647976092,560.6230559314629,4.396599103105607,0.6208412365032187
2019-06-10,2.7593301857960566,133.0,KERVILCO,0.0,722.9533380959892,185.9000481671048,16.08832683987215,-0.421030913599594,434.8004970153848,5.037190146051283,0.7848344418888366
2019-06-11,2.427380689760441,117.0,KERVILCO,0.0,724.7294837383218,182.68107849063784,18.443423569299608,1.7283857440393922,455.3616577404353,5.969555155433023,1.0087088666352246
2019-06-12,2.095431193724825,101.0,KERVILCO,0.0,703.3089844269949,179.15805670736734,18.216912654159373,2.4640893717501733,465.13948452243017,5.329316823622387,0.9686163573557676
2019-06-13,2.0311159788679247,97.9,KERVILCO,0.0,704.2279122541648,175.12433112137708,19.671767561452604,3.7309310867133374,500.0365476559722,5.870982633232537,1.085039093214273
2019-06-14,2.0726096658723767,99.9,KERVILCO,0.0,638.7493698903596,170.91059122805643,17.82411065935783,4.215492016995182,566.2527004223033,5.590885512249899,1.005791500584147
2019-06-15,2.0186678727665885,97.3,KERVILCO,0.0,592.2206797100123,167.47431267286458,14.38083190890359,2.3506548808127263,540.4549610470143,4.486536229090353,0.7632804387881432
2019-06-16,1.9170083396056818,92.4,KERVILCO,4.947263992462281,478.5788623238202,163.53946321220283,17.171080176133945,3.5450564193620875,651.0669096585282,4.716278942875894,0.852935004462807
2019-06-17,1.8485437560483355,89.1,KERVILCO,4.538028026927487,390.7363930861807,159.5414975979123,14.163665105267444,3.743509380247212,748.1747174862959,4.494525972227778,0.7020085874220594
2019-06-18,1.7136892732838667,82.6,KERVILCO,4.520322779824319,404.2613341610849,155.88117548185778,13.812842852771553,2.9270819581491945,708.0235935091985,4.319579988314401,0.57372366238095
2019-06-19,1.6141044244731821,77.8,KERVILCO,0.0,655.244273514729,152.49565896649622,16.788612350108938,2.2906485665642258,524.713345411149,5.086829044518107,0.7666520282637562
2019-06-20,1.5788347905193976,76.1,KERVILCO,0.0,649.1864106064448,148.4434701611463,18.570638571407216,4.078886895952342,576.4318997182329,5.816352145397575,1.0379514714127698
2019-06-21,1.4937727321602714,72.0,KERVILCO,0.0,648.6032799091805,145.19446801009508,16.826136948610046,2.346870324445208,525.8477776074131,5.340550989903315,0.8475252025369631
2019-06-22,1.4273828329531482,68.8,KERVILCO,3.638117206048651,425.5091161807559,143.02190989996822,11.440653888093337,-0.419341453125556,556.6420060679154,3.735672630377846,0.4639160066058579
2019-06-23,1.226138450981556,59.1,KERVILCO,0.0,595.0843364487971,141.64998087282885,10.179459939752418,-2.461056198995564,412.8444670539169,4.183358276653186,0.5247522434582629
2019-06-24,1.0622383873139707,51.2,KERVILCO,0.0,686.7820123189667,139.1000761584646,16.89165555145938,0.454060763428086,433.9312298649588,5.275924187913114,0.9031496569521714
2019-06-25,0.9771763289548443,47.1,KERVILCO,0.0,667.2573259573309,135.8832884936606,17.90090349753452,2.27430733893462,498.0406154355712,5.286063655799831,1.1030927340538703
2019-06-26,0.8983383236463853,43.3,KERVILCO,0.0,681.9157380288793,131.94719736872847,20.85746101398308,4.131660531084533,542.6608048269848,6.297141488532783,1.3954786958521812
2019-06-27,0.8879649018952723,42.8,KERVILCO,0.0,672.0632291295393,127.62557954793132,21.813033828806443,5.373058133710663,594.3732111343336,6.452284538687567,1.3786928929932234
2019-06-28,0.9232345358490566,44.5,KERVILCO,0.0,647.794230090422,122.5140367094552,23.25484935802009,7.371009290620995,689.8437425907206,5.990229946242597,1.4944411211492044
2019-06-29,0.9502054324019503,45.8,KERVILCO,0.0,610.5187702258294,117.0474927416261,22.877964476698715,8.343271777092815,767.1392695934164,5.647356119660794,1.4834684518358556
2019-06-30,1.0103712785584058,48.7,KERVILCO,0.932821529976148,579.8938057469053,112.07194579329524,21.551809620394696,7.196981799562442,731.4342002120974,5.209317425864971,1.134723656471309
2019-07-01,0.9958484881068477,48.0,KERVILCO,0.0091467840747465,606.7415550333234,107.76546404620446,19.94634053324,5.656199456237085,649.2727993027089,4.810508862727375,0.931111111251698
2019-07-02,1.0622383873139707,51.2,KERVILCO,0.0337559480658545,607.9758840279549,103.45986298530028,20.40731190024572,5.678308548822106,645.5430849932235,4.743253070754119,0.9447758773282334
2019-07-03,0.9916991194064023,47.8,KERVILCO,0.5312984578879454,591.1067526533835,98.946853862317,20.79250864503245,6.410744738171793,689.4858951107177,5.522824614128374,1.154215501713906
2019-07-04,0.8734421114437143,42.1,KERVILCO,0.0,621.0293486648055,94.35753157870636,22.60170648054436,6.959551757331904,684.8581304929409,5.80390665899366,1.3600968341693158
2019-07-05,0.8112015809370362,39.1,KERVILCO,0.0,616.6963249105755,89.88887658501531,22.32436653616536,6.684774202743684,677.7281223218545,5.586140278020338,1.3250424116924282
2019-07-06,0.7468863660801357,36.0,KERVILCO,2.3717486935008423,454.7628619491803,86.29310626112171,18.28187818626554,4.658986044332298,730.9627874130096,4.667365450965543,0.8254091375275011
2019-07-07,0.7344382599788,35.4,KERVILCO,1.54836111546975,494.7619825380106,82.60828643917647,19.412244837596127,5.084606185688846,718.7530806414088,4.3585105963719,0.911190301297901
2019-07-08,0.7385876286792453,35.6,KERVILCO,3.629719136308773,398.5530809091017,79.0653116128686,17.4681906957348,4.775340251599542,791.590642101868,4.525463376758158,0.7423709706694293
2019-07-09,0.6908698886241255,33.3,KERVILCO,0.0,637.2741947941431,75.78360180311473,21.019891780845526,3.861658193605648,572.3276847074411,5.754597083522035,1.2019846312440632
2019-07-10,0.6182559363663346,29.8,KERVILCO,0.0,595.4994732140584,71.64468443452925,22.601436615815352,7.090627596773508,724.9458126304099,4.859861631210321,1.2355192841469895
2019-07-11,0.5912850398134407,28.5,KERVILCO,0.0,618.5073115835728,67.742060410116,24.10884961053372,7.241059220994333,706.661975337727,5.280586292246157,1.3253252676356746
2019-07-12,0.5767622493618825,27.8,KERVILCO,0.0,578.7462761303831,63.64845726778298,23.254275450710136,8.08450536536542,787.2583795678045,5.254327623734107,1.4139626082404195
2019-07-13,0.5414926154080985,26.1,KERVILCO,2.4286246731778656,417.319561128406,59.57678049572503,22.753155628308573,8.577581477329456,975.5205120553684,5.044291351215283,1.2708718574331517
2019-07-14,0.5103723501547593,24.6,KERVILCO,1.2724485019055356,483.7633429166105,55.664543238294215,21.444635404786283,8.174370294227993,895.87571002546,4.856457412272642,1.1520045956995346
2019-07-15,0.4999989284036464,24.1,KERVILCO,2.3858510549403813,461.3700199691449,52.43747805609267,23.20393560469907,6.779776018148476,838.5194620662614,5.254883320278971,1.1820215406340415
2019-07-16,0.5041482971040916,24.3,KERVILCO,0.2161475496360979,568.6527473191004,49.28597651894236,23.119150434094617,7.677320203234964,797.9659372787778,5.303247752219311,1.25778944336798
2019-07-17,0.48547613795208816,23.4,KERVILCO,0.2941369619795076,512.1980347977532,46.05241140015435,22.70088653968125,8.48252668387402,899.1381602366476,6.380346726912643,1.3373431801530171
2019-07-18,0.44398245094763616,21.4,KERVILCO,0.0,561.7554763794454,42.89609339532272,24.57697903192411,8.646532513925445,852.6799779729931,6.8805064495730655,1.611929042760372
2019-07-19,0.4107875013440746,19.8,KERVILCO,0.0,589.5642918472518,40.01120597145522,25.478819676593734,8.050009979804557,792.4337986933446,6.960270962180888,1.7515337224062346
2019-07-20,0.39419002654229385,19.0,KERVILCO,1.823673089230256,465.2631517488792,37.40161427366671,23.399755419131687,7.90298028355775,912.4818472069978,5.844371186576587,1.3756197815286368
2019-07-21,0.37344318304006785,18.0,KERVILCO,0.0,567.5409787878024,34.91597852467388,24.14572757656081,7.528603696167791,796.5418984889589,5.269578349597839,1.333991873701069
2019-07-22,0.3526963395378418,17.0,KERVILCO,0.0,504.9695401707884,32.725372415862935,20.619487545096835,6.803278433297154,803.662469594333,4.905204513831363,0.8519992703788671
2019-07-23,0.3630697612889548,17.5,KERVILCO,0.0,516.6231222067341,30.521139486386005,21.254376567543407,6.750399335545947,778.6798010561408,4.936930549263358,1.0069375503027898
2019-07-24,0.3526963395378418,17.0,KERVILCO,0.687857640721406,534.4434878268793,28.552144197323823,22.973143985023835,6.760750709177116,757.2614152538991,5.182030516009392,1.151253539878578
2019-07-25,0.33194949603561585,16.0,KERVILCO,10.25663038480818,349.3446671440616,26.58291118264233,20.59638743638429,7.804277730318937,1009.74045139092,4.586140278020337,0.8887038722057627
2019-07-26,0.3236507586347255,15.6,KERVILCO,3.2490386374401123,380.6387972884247,24.785860421516656,21.11629430217349,7.094355892894675,945.2496340246648,4.525676320211721,0.9111899685127391
2019-07-27,0.3029039151324994,14.6,KERVILCO,0.7290702420643081,498.1751837641392,23.163663930589244,21.874631144251435,7.012963984096783,835.469714455397,5.0268311227626645,0.9392818820773656
2019-07-28,0.28838112468094124,13.9,KERVILCO,0.0,512.2403513798678,21.621576991352093,21.20360220573074,6.793639810147736,808.3896467436025,4.987917246324584,0.9684043902552848
2019-07-29,0.29045580903116386,14.0,KERVILCO,4.628833643747707,467.28574099202257,20.070071267857937,22.07939728817517,6.942929034772433,826.416812981652,5.05330609981718,1.101011288657545
2019-07-30,0.2821570716302735,13.6,KERVILCO,1.0867575125646118,499.0791832443197,18.54202586109557,21.29795784153862,7.233810868510301,801.8941507018636,4.743728984878335,1.1085331809567929
2019-07-31,0.24896212202671192,12.0,KERVILCO,0.0,508.1305178647066,17.031016653173005,21.913257918133013,7.455792836970623,795.9469201856357,4.537279943972236,1.1290163643201223
2019-08-01,0.25311149072715705,12.2,KERVILCO,6.116587468103768,334.3456497987031,15.568722761386226,20.199724160035384,7.926339215674713,1013.3478046244726,3.942128364553724,0.6872576554769015
2019-08-02,0.24066338462582149,11.6,KERVILCO,3.913010879537357,394.85605076025706,14.184469714161285,22.091401652509763,7.543458475217198,934.8175673742334,4.532275156508128,0.8074456740626043
2019-08-03,0.2572608594276023,12.4,KERVILCO,1.4762170939020085,384.74077898952,13.087895776452068,19.390346438368017,7.665868362481216,970.913432560968,4.433320023938864,0.8312778256843222
2019-08-04,0.2448127533262667,11.8,KERVILCO,1.0053209504535017,409.213033419156,12.18105483844131,19.844342961659954,7.548677575238743,944.6839354847248,4.181381689498938,0.8033383241517267
2019-08-05,0.2199165411235955,10.6,KERVILCO,0.0,500.08962110298745,11.337303282087891,22.07041694242773,7.562362651714513,852.8921397751427,4.430128785426247,0.8259415597805526
2019-08-06,0.2064310928471486,9.95,KERVILCO,1.1276130590822524,462.196130058515,10.432617525670224,23.451342124668585,8.544164584538356,944.4711916052933,4.634804169582903,1.0670999198014488
2019-08-07,0.2053937506720373,9.9,KERVILCO,0.0,483.07941038097385,9.61238692586765,21.98881965305385,8.205647080969104,813.3633298368362,4.356550587119725,1.0381075351223414
2019-08-08,0.21784185677337292,10.5,KERVILCO,0.9129336864943276,376.2232040096047,8.790421916065485,18.73801305793788,7.936656000324502,861.7932606345747,4.166034394153752,0.7110372389605715
2019-08-09,0.2074684350222599,10.0,KERVILCO,6.676197132530007,317.535010116794,8.063632146748311,19.336035768631344,7.834202184680616,881.5569174574449,4.448540800744605,0.8489161801474657
2019-08-10,0.2095431193724825,10.1,KERVILCO,1.3694649123498113,391.0444075840927,7.4223217734250895,18.936659313732648,7.00730026589825,785.0569988742122,4.095454370609351,0.7966640067018809
2019-08-11,0.2095431193724825,10.1,KERVILCO,2.641081836837599,233.7941176239407,6.726120573625975,15.26945162243123,7.178744804299432,988.8514742243688,3.2262952866195183,0.4629802588787591
2019-08-12,0.18008260159932157,8.68,KERVILCO,0.0,519.9556250731993,6.109863220707184,20.22196204513724,5.326661690011929,580.1370529870949,4.731340033469085,0.8534248397217897
2019-08-13,0.1593357580970956,7.68,KERVILCO,0.0,526.999000728303,5.560839909300632,20.690732974465977,5.200111154335588,567.6571414746055,4.886140256415017,1.1712708247052637
2019-08-14,0.1526967681763833,7.36,KERVILCO,0.0,537.0042703730157,4.991224907840185,22.17779476294871,5.979154097244891,582.658661911307,5.165957911756922,1.2257236013424058
2019-08-15,0.14190840955522577,6.84,KERVILCO,0.0,520.3387083236574,4.471644239760307,22.52351143963821,7.022254506647757,641.0413049788831,5.791594257013903,1.3913946183547938
2019-08-16,0.13734410398473607,6.62,KERVILCO,0.0,503.57579217990553,4.045801161033547,20.65659604614132,5.938470253114997,609.136259015192,5.301081437024615,1.2344091738314844
2019-08-17,0.136514230244647,6.58,KERVILCO,0.0,510.7569263721401,3.703845515528367,20.469411982025733,5.327366157496957,580.3175281546113,5.4447406268683896,1.18589430081698
2019-08-18,0.12717815066864532,6.13,KERVILCO,0.0,544.3482524979346,3.3379574759479125,23.2239502718324,6.167649968214458,569.860850369679,5.411996333255002,1.446394790064249
2019-08-19,0.11929435013779945,5.75,KERVILCO,0.0,507.1068465976818,2.915387894420124,23.25595357686144,8.098587073342328,666.4810164760923,4.88249979182284,1.5181591232375715
2019-08-20,0.11369270239219843,5.48,KERVILCO,0.0,531.7868952969974,2.488136098680867,24.76307520473356,8.221350720557812,638.2336406019111,5.124478434434189,1.6170303880789532
2019-08-21,0.11638979204748781,5.61,KERVILCO,0.0,487.1308293966665,2.131930708309993,20.530089238658608,6.404176570211553,631.8003603814111,4.280909149274902,1.1562856501527117
2019-08-22,0.11867194483273266,5.72,KERVILCO,0.0,492.8019825900869,1.8566274111578185,19.489497861982457,5.005513304533655,575.2589544439896,4.268207348720757,1.0161728493814517
2019-08-23,0.11037320743184227,5.32,KERVILCO,0.0,456.116533595565,1.6042108455476565,18.982510716882363,5.9558879951879975,654.1074983624032,4.58495562639313,1.1200545650604172
2019-08-24,0.10103712785584057,4.87,KERVILCO,0.0,507.09532037723375,1.3519473729453024,21.593582868472907,6.133927310145018,598.6558116511583,5.684276742342687,1.233008903001796
2019-08-25,0.0931533273249947,4.49,KERVILCO,0.0,499.2322478534133,1.064314337785278,23.2580842640169,7.973200548405632,678.2391654097707,6.267811377740083,1.3754111328068197
2019-08-26,0.08713674270934915,4.2,KERVILCO,0.0,507.673309270318,0.8155625327835981,22.964336600273025,7.150150087208114,636.1555876677131,6.028291937872591,1.332618554754506
2019-08-27,0.08443965305405979,4.07,KERVILCO,0.0,494.0868793660316,0.6081288469710061,21.19857146901729,6.128124843139283,617.3393601015806,4.954051465576556,1.1947149694856485
2019-08-28,0.08257243713885945,3.98,KERVILCO,0.0,527.7799118898589,0.4420694865179492,22.782597941958144,5.677472620564789,532.1559620800401,5.676849385846385,1.4480097240419627
2019-08-29,0.07987534748357007,3.85,KERVILCO,0.0,505.3646732764586,0.2893823828222288,22.735111372208493,6.655226115422585,592.3873302988682,5.174027462179525,1.4444254755652497
2019-08-30,0.0771782578282807,3.72,KERVILCO,0.0,508.0708020394869,0.191790951384843,22.697255710925376,6.323489076726026,578.4140076534607,5.06893949956768,1.3233652693043736
2019-08-31,0.07759319469832521,3.74,KERVILCO,0.0,487.4771044447016,0.0989028669102593,22.621084487195034,7.189241268730719,637.0546856273696,4.514651739197856,1.4354993086091925
2019-09-01,0.07800813156836972,3.76,KERVILCO,0.0,486.9032432624955,0.0255924922163,23.79992007698292,8.162060461735821,655.7289416382449,4.956457344863916,1.6653219681246938
2019-09-02,0.07219901538774644,3.48,KERVILCO,0.0,511.4661179733874,0.0,24.745928600748343,7.446321243636999,575.5842750236792,4.768363748912641,1.7951652183179188
2019-09-03,0.06908698886241256,3.33,KERVILCO,0.0,472.97003461628265,0.0,23.53100963986173,8.340244558439776,665.248615267051,4.881375032980104,1.5550417887074024
2019-09-04,0.0744811681729913,3.59,KERVILCO,0.0550301158603925,429.3428854855844,0.0,21.26648964053133,8.01113239897138,688.3173520481494,4.448367818517142,1.1821157162306353
2019-09-05,0.07738572626330295,3.73,KERVILCO,4.063585232126983,344.5953279408729,0.0,22.53584509215447,7.519417607920335,773.3634599643335,4.213487034783992,1.3303474047700403
2019-09-06,0.08112015809370363,3.91,KERVILCO,3.353591574082925,300.50708706951514,0.0,20.350977678766416,8.133899393313651,901.346048899488,4.495993476069346,1.0778393384494034
2019-09-07,0.08112015809370363,3.91,KERVILCO,2.3567804739775218,322.50601214466985,0.0,18.835146871558337,6.52161857183791,806.6856676698117,4.29007347629517,0.9965355579779512
2019-09-08,0.08340231087894846,4.02,KERVILCO,4.299816670883817,297.11766492324364,0.0,17.76908761150433,5.489554411527709,796.926568792607,3.643589189185791,0.8319004444285624
2019-09-09,0.08298737400890396,4.0,KERVILCO,0.0,438.3016582289844,0.0,19.09562049721772,5.164871048559971,642.2343039111347,4.375055769311701,0.9453888339911604
2019-09-10,0.07178407851770192,3.46,KERVILCO,0.1540248235812508,407.5501640019992,0.0,18.149677224787755,5.355983152250207,687.0190229080455,4.610804991112631,0.9974999178079104
2019-09-11,0.07427369973796906,3.58,KERVILCO,0.0,401.9940156066151,0.0,16.372082063375917,3.907889929711412,638.247462181723,4.148936783913182,0.7412425463721104
2019-09-12,0.0668048360771677,3.22,KERVILCO,0.0,471.6007403208412,0.0,16.343968215256403,0.4827380112267059,456.78598375457847,4.190872143463011,0.85993144406538
2019-09-13,0.06286293581174475,3.03,KERVILCO,0.0,499.9688342724272,0.0,19.526895641221422,1.5107384139434474,458.1566419230456,4.739276476522988,1.169164742730365
2019-09-14,0.06182559363663345,2.98,KERVILCO,0.0,491.3916153188181,0.0,20.330165994166936,2.6495996782226,499.98808974308287,5.099923472417015,1.3355755119933683
2019-09-15,0.06037331459147764,2.91,KERVILCO,3.550616618865048,284.2886300473035,0.0,17.36287716910635,5.044410207863359,795.8285461326263,3.5356493977150687,0.9955349165224398
2019-09-16,0.08651433740428238,4.17,KERVILCO,1.0224701425945188,285.4591766283288,0.0,15.647131896694152,5.853991220122046,839.0379297983145,3.3247745622355187,0.6839935459323759
2019-09-17,0.07987534748357007,3.85,KERVILCO,0.3806735221520307,325.4740593142131,0.0,15.241260898120792,5.213563617614778,750.1085314714336,3.9984858817996463,0.7471994342456771
2019-09-18,0.07261395225779096,3.5,KERVILCO,0.0,425.5459136470362,0.0,17.93558819717403,4.023407214382343,583.3089521840379,3.875291969719744,0.8608319124089815
2019-09-19,0.06535255703201187,3.15,KERVILCO,0.0,430.4971598270732,0.0,18.046796448603395,3.9114139595347823,575.0431857080351,4.183138631155065,0.9627346862061028
2019-09-20,0.06514508859698961,3.14,KERVILCO,0.0,405.10502241607554,0.0,15.832864085995878,2.7755222714628416,565.2286953315028,4.300009948402581,0.8353542328745642
2019-09-21,0.06348534111681153,3.06,KERVILCO,0.0,430.7904766791475,0.0,15.579740106180813,1.321059862782541,479.7704226555497,4.111989628927097,0.8743579187792573
2019-09-22,0.06224053050667798,3.0,KERVILCO,0.0,484.8870467690277,0.0,16.5662254482842,-1.2230055631526062,364.7981108689937,4.266160760012005,0.9286855548647
2019-09-23,0.06348534111681153,3.06,KERVILCO,0.0,406.7976594025996,0.0,14.296116604804524,0.8968739804997509,491.544781925333,3.0697580609066613,0.837521217078886
2019-09-24,0.0657674939020564,3.17,KERVILCO,0.0,465.5123218415659,0.0,17.89639647895337,0.9903810165939282,436.21954815485526,4.258117774549108,1.0091650864593298
2019-09-25,0.062033062071655716,2.99,KERVILCO,0.0,466.493313151903,0.0,20.06665809929405,2.7111121109728296,481.78181595377225,4.772826133688805,1.196734869653883
2019-09-26,0.05975090928641085,2.88,KERVILCO,0.0,435.11383303413487,0.0,19.265392300483686,3.783844812662685,552.2118575312026,4.588103577529828,1.0215317305322615
2019-09-27,0.05975090928641085,2.88,KERVILCO,0.0,415.6873060050439,0.0,17.641072169289902,3.2559495338611826,558.7702167352692,3.758999674868685,0.7666400529168766
2019-09-28,0.06286293581174475,3.03,KERVILCO,0.0,423.3182825433335,0.0,17.165731888024297,2.3469415383348298,522.5794772371264,4.036122004794052,0.8387191847161619
2019-09-29,0.061618125201611196,2.97,KERVILCO,0.0,338.7502481001618,0.0,15.55953938947304,4.566892629105939,699.7259338181894,4.501194656440683,0.8718807857558873
2019-09-30,0.05809116180623278,2.8,KERVILCO,0.0,395.1932362454936,0.0,17.503450420619938,4.006908935348719,609.4949612158762,4.931073882893903,1.040789985386196
2019-10-01,0.05746875650116599,2.77,KERVILCO,0.0,383.3779764606062,0.0,16.255072048605278,3.24929818590248,596.1086016432793,4.279458239274408,0.896466326137965
2019-10-02,0.05705381963112147,2.75,KERVILCO,0.0,434.0296630361768,0.0,13.904416446356382,-1.7849296119573226,395.91790795044574,4.150786969718124,0.8239046959173925
2019-10-03,0.06016584615645537,2.9,KERVILCO,0.0,435.6386109088997,0.0,15.748358105062897,-0.319066587119773,431.0018381593089,3.389025288807773,0.9601524201951956
2019-10-04,0.06742724138223447,3.25,KERVILCO,0.0,381.574341706867,0.0,14.539338461218458,1.355434427177731,533.4112626180756,3.923160656768468,0.7603567221835825
2019-10-05,0.0668048360771677,3.22,KERVILCO,0.0,416.6102067311987,0.0,13.633454756190751,-1.4178293566430713,412.823649372889,4.112382267942478,0.7820971091790649
2019-10-06,0.06390027798685606,3.08,KERVILCO,0.0,387.59651446240144,0.0,10.554661084568592,-3.1350786936969,388.9294939376578,3.446234777974892,0.7186136906037754
2019-10-07,0.06493762016196736,3.13,KERVILCO,0.0,444.86083268632143,0.0,14.591343394214707,-3.127371460359025,330.818341218407,3.557738496643871,0.9648331233453148
2019-10-08,0.07219901538774644,3.48,KERVILCO,0.0,423.8844448365188,0.0,14.93505413809702,-1.5856430757573747,381.9299661390658,4.02389276413659,0.9117872939324492
2019-10-09,0.07427369973796906,3.58,KERVILCO,0.0,395.5748353612662,0.0,14.239020670818167,-0.5359781691134187,436.071511531796,3.734834059578525,0.8333243336071732
2019-10-10,0.07655585252321391,3.69,KERVILCO,0.0,415.6003708409247,0.0,4.024019844396901,-11.953590889912604,205.9341643604676,1.4971481752151274,0.2032311740528922
2019-10-11,0.08257243713885945,3.98,KERVILCO,0.0,432.078113914516,0.0,5.166059373101513,-12.653568954159317,188.4224181663796,2.499237977027545,0.4214897969809115
2019-10-12,0.08630686896926013,4.16,KERVILCO,0.0,437.5951852452231,0.0,10.33060232720507,-8.503408187994932,234.804557982326,3.5167615193978903,0.7227024124119391
2019-10-13,0.08962636392961629,4.32,KERVILCO,0.0,427.24658593797926,0.0,11.788012063490177,-6.439711125844062,269.9876090122703,3.231007258787572,0.7611873213243041
2019-10-14,0.08215750026881492,3.96,KERVILCO,0.0,402.59156854205617,0.0,12.39672692120125,-4.078448984984815,324.78575809551484,3.412116062065549,0.7597527592310132
2019-10-15,0.08257243713885945,3.98,KERVILCO,0.0,406.06389848114327,0.0,12.797194747186008,-4.344485702691097,315.36407117960096,3.384103673297251,0.7734504741843435
2019-10-16,0.08174256339877041,3.94,KERVILCO,0.0,394.9721105397273,0.0,15.153560250179371,-1.7025014149805875,378.88487878000814,3.647512540187,0.9425370152280408
2019-10-17,0.08153509496374814,3.93,KERVILCO,0.0,345.6960863441737,0.0,13.546584821478088,-0.3265628431574137,463.5586479902705,3.2140261690801712,0.8935978812134601
2019-10-18,0.0848545899241043,4.09,KERVILCO,0.0,296.5781894579875,0.0,6.870126480001181,-4.516302273208492,395.17552170485794,1.8995707606972567,0.3143173251207456
2019-10-19,0.08049775278863684,3.88,KERVILCO,0.0,324.55085755663936,0.0,7.05627168823148,-5.599597002463366,346.03237113281136,2.534923987588385,0.4397314570427402
2019-10-20,0.08547699522917108,4.12,KERVILCO,1.3824994109053053,259.1197248480888,1.3824994109053053,0.595866356123354,-9.434259120344796,293.0282339216853,1.6457156068072545,0.214045791947335
2019-10-21,0.08838155331948272,4.26,KERVILCO,0.0,270.9050205019103,1.3824994109053053,-0.5480559699271809,-10.54619583136738,268.20190670417986,1.5185684075645434,0.200265880032106
2019-10-22,0.11784207109264362,5.68,KERVILCO,0.0,351.18538004537004,1.3824994109053053,6.488897548345143,-7.42076105211607,297.1640928393533,2.234451393308205,0.3378250304360242
2019-10-23,0.09709522759041762,4.68,KERVILCO,11.195692693305324,292.94577812232154,11.632977249769043,7.590858208463139,-7.337504569839383,322.20413519520486,2.12305080182564,0.3404462422266535
2019-10-24,0.09771763289548442,4.71,KERVILCO,0.0,353.53059682065066,11.632977249769043,0.5217962799849982,-12.02062863298536,225.59889826800463,0.9930118846994866,0.1394356257941043
2019-10-25,0.12116156605299978,5.84,KERVILCO,0.0,445.7791271826014,11.632977249769043,8.272905400769572,-10.914867075139137,190.17102802067544,1.960387323613627,0.3656620385950209
2019-10-26,0.12634827692855627,6.09,KERVILCO,0.0,380.5118063543685,10.948463647584788,10.44683107720933,-4.243551645789551,335.3531872901436,2.5965491756338173,0.5001168032927559
2019-10-27,0.10580890186135254,5.1,KERVILCO,10.572823201997924,283.6463043389592,21.41427371999452,7.314054790048852,-7.178608342965015,327.051707185472,1.672313732801946,0.2867704877621013
2019-10-28,0.09128611140979437,4.4,KERVILCO,9.672252172543274,217.2728408514405,31.086384799594608,-3.615413455879498,-13.372682392075555,219.69528746981777,0.4537519627587578,0.0180340084485274
2019-10-29,0.12634827692855627,6.09,KERVILCO,7.287030374915354,255.4153575696016,38.37264059806266,-5.361445552707494,-17.39560315968459,157.17122048218715,0.4395860406712667,0.0099707162258409
2019-10-30,0.16265525305745177,7.84,KERVILCO,0.0,369.3132468514871,38.37264059806266,-8.427282961762602,-21.8367355536837,106.4570321769216,0.425766204048471,0.0335659377676314
2019-10-31,0.2261405941742633,10.9,KERVILCO,0.0,458.0622729953644,38.37264059806266,2.958210702259956,-18.83739905116015,124.39110100455366,1.8400518952746991,0.3064184215892069
2019-11-01,0.28008238728005086,13.5,KERVILCO,0.0,377.5077872692513,38.37264059806266,2.7827326897257167,-11.917027704418448,229.21785690309144,1.8728527772335768,0.3197564202417556
2019-11-02,0.18506184403985584,8.92,KERVILCO,0.0,415.3067483002287,38.37264059806266,6.323682075514578,-11.503149297676853,216.4450982518968,2.332784264675809,0.4776087337922926
2019-11-03,0.12593334005851178,6.07,KERVILCO,0.0,353.26467157931137,38.37264059806266,7.089963732057395,-6.777492266201756,329.45591501405625,2.692156652813804,0.5294189855755357
2019-11-04,0.12323625040322239,5.94,KERVILCO,0.0,325.39388852143094,38.23396039933383,6.8814182591547,-5.669116840255916,369.64143951396727,2.4875445219685868,0.4900725389422643
2019-11-05,0.1624477846224295,7.83,KERVILCO,0.0,337.20563860711707,37.94226920866123,7.975545555243082,-5.306440363723362,369.6947544906895,2.3504175969453227,0.5305051380786828
2019-11-06,0.15103702069620523,7.28,KERVILCO,0.0,345.8480499756047,37.7910651705562,8.172394248499957,-5.64038068868726,356.88793641060846,2.171728052750534,0.5264906347976114
2019-11-07,0.13817397772482512,6.66,KERVILCO,0.0,326.2847172867648,37.45340346677551,7.605185497319229,-5.196486983226742,377.23315105328425,1.701613929465204,0.4702578908419048
2019-11-08,0.13775904085478058,6.64,KERVILCO,0.0,359.62027037048904,37.4478362477491,8.610738393570248,-6.322493451101237,313.34424167970855,2.736354851944072,0.6196086680096542
2019-11-09,0.14937727321602715,7.2,KERVILCO,0.0,376.0335586556485,36.82256169046388,11.824735313242376,-4.510741750815799,333.28976293736946,2.578865933158839,0.799416999825463
2019-11-10,0.13962625676998092,6.73,KERVILCO,0.0,318.7390591126108,35.682992942289346,9.41762637339917,-3.287028060380379,399.7208761178588,2.6164619839571075,0.6516598507686088
2019-11-11,0.12136903448802204,5.85,KERVILCO,0.0,326.8286539287022,35.682992942289346,3.1230541348587746,-9.823880076705905,258.88850950759206,1.477870947548818,0.2823500040188307
2019-11-12,0.12759308753868984,6.15,KERVILCO,0.0,355.0005339108737,35.682992942289346,5.444970893124401,-9.407476966827192,251.98145818124817,2.085880630218877,0.5173944236821555
2019-11-13,0.2240659098240407,10.8,KERVILCO,0.0,350.3526370546862,35.682992942289346,6.975314300130328,-7.717165173383359,283.359297843873,2.667295607008009,0.5568463512763919
2019-11-14,0.18132741220945517,8.74,KERVILCO,0.0,340.0731550066061,35.682992942289346,6.813499408650329,-7.26549066284493,298.7781378925114,1.909869853178676,0.4871757999580715
2019-11-15,0.16493740584269662,7.95,KERVILCO,0.0,309.0584548676512,34.749897979538815,8.596240715886752,-3.779154781612762,397.712859867758,2.387294948967812,0.6676313505794025
2019-11-16,0.15456398409158364,7.45,KERVILCO,0.0,308.010803821309,34.561180635679314,6.915588172377573,-5.549499866565824,353.8236987132456,2.3064623407974665,0.4951316064895478
2019-11-17,0.12863042971380115,6.2,KERVILCO,0.0,319.07271542491543,34.53661534399928,7.167532548230523,-6.083079098282602,335.1427517378375,2.577910868825067,0.515482339105179
2019-11-18,0.13340220371931313,6.43,KERVILCO,0.0,306.3181967521871,33.60910124486942,8.897713532460038,-3.791910771653044,398.4987604771434,2.424245474517122,0.5521300401218655
2019-11-19,0.12302878196820012,5.93,KERVILCO,0.0,297.5226464446883,32.90135433696788,7.887791409571356,-4.315098006103858,394.13168646625945,2.049762048660541,0.5701314386288174
2019-11-20,0.1195018185728217,5.76,KERVILCO,3.037935506301428,104.44981505911998,31.304972732107974,2.599836944449425,-2.198256633074716,519.7737990435792,1.1164753361889337,0.2235007166749927
2019-11-21,0.08921142705957176,4.3,KERVILCO,12.753103085807602,106.78517054454694,35.09487728870101,-0.4544903733979085,-5.6316521814756415,402.0295953747117,0.57479951690685,0.0571947680220163
2019-11-22,0.10518649655628579,5.07,KERVILCO,4.893318039681256,169.55993212062367,39.98830831082212,-2.025255731969536,-9.423818160577497,299.9089172364298,0.7027320227112528,0.0876167170266556
2019-11-23,0.1655598111477634,7.98,KERVILCO,0.0,320.3275619425087,39.98830831082212,1.2450144714404827,-11.974458729557131,243.0395511310988,1.3457821726834718,0.2757156158422045
2019-11-24,0.17842285411914352,8.6,KERVILCO,0.0,328.3919424726176,39.98830831082212,3.12375396190398,-10.597042326736617,270.7187184308446,1.946580789326503,0.3811364073972885
2019-11-25,0.1541490472215391,7.43,KERVILCO,7.029763402853476,204.2499069315928,47.01776380635099,1.013369940679239,-9.46950281614837,298.30330894754314,1.2885527883780823,0.2472253822965164
2019-11-26,0.05850609867627729,2.82,KERVILCO,4.147649297729784,232.3170461569296,51.16585354403385,-5.882793576287922,-18.321288742418844,144.5309408161907,0.5036504704628304,0.0614894679062457
2019-11-27,0.07593344721814713,3.66,KERVILCO,2.3297118313764527,268.6760900816755,53.495831369001,-4.69637115673235,-18.28690125756501,145.31596288217378,0.7369438691296476,0.1134804152960107
2019-11-28,0.27385833422938305,13.2,KERVILCO,5.088656279272035,180.57328650658712,58.58442644498373,-1.2864926242309276,-10.326428046564008,279.85981063535587,0.8193304605707901,0.1215490340159592
2019-11-29,0.2448127533262667,11.8,KERVILCO,12.602873445703628,217.4447878816989,71.18762670441245,-0.9691208242142304,-12.305308293456877,238.98695856164,0.4182689479787094,0.038248311223885
2019-11-30,0.1717838641984312,8.28,KERVILCO,0.0,193.9748710734385,71.18762670441245,-8.585551270160943,-15.538703525162772,182.5015031900197,0.7287744149694125,0.0914345614537475
2019-12-01,0.11887941326775495,5.73,KERVILCO,0.0,336.5802491030549,71.18762670441245,-2.2046757252828453,-15.985017443745749,175.7432566175588,1.2861901278591157,0.2302808582352337
2019-12-02,0.14688765199576,7.08,KERVILCO,0.0,302.9067502400868,71.18762670441245,2.790003321323812,-8.88235965163366,312.2945172710787,1.5498252971283968,0.311957009265849
2019-12-03,0.09190851671486112,4.43,KERVILCO,0.0,263.703437307822,71.18762670441245,2.704467402751962,-7.062450843104737,359.81838296567395,1.3054906661877568,0.2301850166083897
2019-12-04,0.07614091565316938,3.67,KERVILCO,0.0,324.70295712133134,71.18762670441245,3.683097067273901,-9.396338902917396,300.5497536725409,1.2226648146545018,0.266120265742744
2019-12-05,0.06452268329192283,3.11,KERVILCO,0.0,288.0175945303182,71.18762670441245,1.724959570269638,-9.042162312100182,309.5110972114008,0.724781208857733,0.108573757501898
2019-12-06,0.055186603715921136,2.66,KERVILCO,0.0,279.8055201502499,71.18762670441245,1.120708792539104,-9.372318375658452,300.48473393976974,1.1278792906472348,0.2389650928741494
2019-12-07,0.05062229814543142,2.44,KERVILCO,4.2464863150684105,214.4538229904589,75.43383826814689,1.9524248789778105,-8.831165692861068,313.5339431846476,1.3798209554855294,0.2896073337600084
2019-12-08,0.05331938780072079,2.57,KERVILCO,9.889633288086287,158.8730173422284,84.50142752138463,-0.9747269600762452,-8.138514187660382,333.600391845561,0.6437522961398672,0.0986080322213688
2019-12-09,0.056016477456010176,2.7,KERVILCO,0.0,233.3418511015608,84.50142752138463,-2.88932282307834,-10.801991267313936,268.2640930147347,0.766723236927855,0.1183384903953457
2019-12-10,0.04979242440534238,2.4,KERVILCO,0.0,325.1619004843053,84.50142752138463,-1.0908409036753728,-13.50091580442373,215.7680981155481,1.0963196012486731,0.1921320421941221
2019-12-11,0.04688786631503073,2.26,KERVILCO,0.0,333.9645062479884,84.50142752138463,1.2325070659972115,-11.979730171592562,244.12345087011343,1.196835393405969,0.2639529487765659
2019-12-12,0.046057992574941704,2.22,KERVILCO,5.209213663871538,230.7913612613765,89.71180026326762,-0.1046920233771483,-11.693358924487187,249.9305693951468,1.0926558236715451,0.1946560842236729
2019-12-13,0.04792520849014204,2.31,KERVILCO,10.323204210992944,172.87848972938633,99.91501454376214,-2.76743768854902,-10.27123133563618,284.63794391788593,0.9082360039661466,0.1480206984462926
2019-12-14,0.04834014536018656,2.33,KERVILCO,7.642464462617747,197.72482700836,107.55794893071634,-2.5869285569109017,-11.321931102796228,259.6404060449327,0.6008951473450694,0.0884007188951404
2019-12-15,0.04792520849014204,2.31,KERVILCO,12.214482718753937,206.23152846937143,119.7716602745487,-6.395509952935699,-15.41466444278334,186.4072818744044,0.3132441578477732,0.0280526436395252
2019-12-16,0.04460571352978588,2.15,KERVILCO,0.0,340.20705182659214,119.7716602745487,-9.316290661140725,-21.645914647469,108.19810867449208,0.278702879693787,0.0291947019988253
2019-12-17,,,KERVILCO,0.0,386.7375247408588,119.7716602745487,-5.470101836310748,-23.320194364216864,93.2832559717146,0.7067019487870467,0.1130624592489186
2019-12-18,,,KERVILCO,0.0,357.1334337217553,119.7716602745487,-2.008872586857051,-16.16928724039692,173.08754249042906,0.9003460722804084,0.2322505078846586
2019-12-19,,,KERVILCO,0.0,356.0657950900787,119.7716602745487,-2.007430047831168,-16.15473922695092,173.28521062127328,1.0496456143122257,0.2086449698695192
2019-12-20,,,KERVILCO,0.0,367.1087933583791,119.7716602745487,-0.2611277513404351,-16.1078561106433,173.97518527635918,1.1618481990299407,0.2158720158059118
2019-12-21,,,KERVILCO,0.0,362.282814132763,119.7716602745487,2.084908656278849,-13.76487805026093,211.2199729829813,1.6259525464000066,0.3733539626283466
2019-12-22,,,KERVILCO,0.0,318.0699320564627,119.7716602745487,2.7969528501281564,-9.553326318245835,296.2332086498688,1.6650128199301963,0.5088998659855634
2019-12-23,,,KERVILCO,0.0,321.90340541156536,119.7716602745487,4.042413562900204,-8.592433220431523,319.4807496283012,1.5119031009045405,0.4209490505636505
2019-12-24,,,KERVILCO,4.721497136127737,228.4689058421444,124.49330988762078,2.33376227449702,-8.531925011465013,321.0317443358174,1.0622009399238632,0.2563155949951778
2019-12-25,,,KERVILCO,0.0,283.4815429167552,124.49330988762078,-2.697909228588311,-12.978385077995028,225.1781048196663,0.5138897333594274,0.0761089489217371
2019-12-26,,,KERVILCO,0.0,268.4358978682773,124.49330988762078,-4.333172616227054,-13.949098816545064,207.98715702846576,0.6070846287443584,0.1182226880664361
2019-12-27,,,KERVILCO,6.413808829740519,220.7504337779584,130.90694438686413,-3.6679065493409806,-14.20903866188938,204.46328472939595,0.5179628053057324,0.0672752982082521
2019-12-28,,,KERVILCO,3.47654420562062,273.3503760236627,134.38365931658652,-3.957885278988542,-17.946910976590047,150.10213173138305,0.3593125066224925,0.0412668457623503
2019-12-29,,,KERVILCO,0.0,341.12956908497256,134.38365931658652,-9.289905184600793,-22.392640180950515,101.29551121964118,0.5127683029365693,0.0714701677305844
2019-12-30,,,KERVILCO,0.0,372.2742767125802,134.38365931658652,-8.663187234589179,-24.70354167199057,82.38078441697942,0.5539582838040574,0.0937935517556215
2019-12-31,,,KERVILCO,0.0,391.7376749239834,134.38365931658652,-2.826228752488811,-21.93264051343888,105.50805529429115,1.000868526825171,0.2158430640982937
2020-01-01,,,KERVILCO,4.897185427254518,238.79712860431383,59.2012449004742,-1.1191268147470108,-15.06319125831348,189.77309476295088,0.8290006908627504,0.1300449229342732
2020-01-02,,,KERVILCO,0.0,271.33006046347595,59.2012449004742,-3.905211480067442,-14.655713941034534,196.25243600212733,0.623995876127597,0.0909926460133632
2020-01-03,,,KERVILCO,0.0,337.5199371243448,59.2012449004742,-1.6039226595516285,-16.658506142597652,166.11323612306185,0.8029117057860654,0.1170164042438732
2020-01-04,,,KERVILCO,0.0,303.18769127080725,59.2012449004742,0.8887887266397128,-11.60378288036615,251.6102621266301,1.3771022609345616,0.2635908937427249
2020-01-05,,,KERVILCO,0.0,318.6654226247183,59.2012449004742,1.3572609869637495,-12.092027581101831,241.9435238993857,1.0621077649657065,0.2074123984007806
2020-01-06,,,KERVILCO,0.0,315.37168614096606,59.2012449004742,-1.960564702141325,-14.985478091321646,190.9750673981389,0.926581479129266,0.1361215946085341
2020-01-07,,,KERVILCO,0.0,344.36721213869697,59.2012449004742,0.3675282021881506,-14.918794391786058,192.03998102314625,1.1959269151231913,0.2201307775814527
2020-01-08,,,KERVILCO,0.0,318.0739697551598,59.2012449004742,1.1389015358447048,-11.967635358717953,244.36701461427936,1.1359023118565752,0.227399418602144
2020-01-09,,,KERVILCO,2.751438551427347,180.1686257731161,61.95273405922214,-4.830799295681613,-13.45221323664068,216.865785861078,0.6787028743567705,0.1083727650907671
2020-01-10,,,KERVILCO,0.0,324.769647547046,61.95273405922214,-4.9614528775917295,-18.105158849483068,147.025901262044,0.5840105254465024,0.0837506254206623
2020-01-11,,,KERVILCO,2.631667166754933,279.8425289597204,64.5844030398973,-2.914783532431207,-18.1656270527466,146.20984895644045,0.7562177682342616,0.1273954272736809
2020-01-12,,,KERVILCO,0.2479345114519662,294.2687162795538,64.83237194406435,-4.552683766703573,-16.158885865206564,173.2254559861964,0.6170976015469117,0.0902908393080363
2020-01-13,,,KERVILCO,0.0,325.5183011065435,64.83237194406435,-2.4821074118666098,-15.361302801045058,185.1609759974816,0.7878473287814671,0.1274014173664331
2020-01-14,,,KERVILCO,0.0,367.9660642906408,64.83237194406435,3.3094106671227106,-13.090515790590688,223.15191319075208,1.3406542139098412,0.2541948686389534
2020-01-15,,,KERVILCO,0.0,350.0992998415957,64.83237194406435,2.4747006814970387,-12.070305794163088,242.3298831967752,1.2321520120402332,0.2584426470468066
2020-01-16,,,KERVILCO,0.0,263.12204837205627,64.83237194406435,-1.1329286845029596,-10.567454005012866,273.35239017112485,1.0670393823938662,0.2070140766792418
2020-01-17,,,KERVILCO,4.268586067489959,224.61991528616443,69.1012978409218,-2.6442477764818824,-13.987261289019164,207.357882506518,0.732900733817005,0.0986223411952881
2020-01-18,,,KERVILCO,0.0,336.38382472879607,69.1012978409218,-3.1790452931812765,-16.044526057823944,174.87796962611478,1.0346877089590367,0.1668656632189648
2020-01-19,,,KERVILCO,0.0,331.8008391603822,69.1012978409218,-0.9679002371874788,-13.471046579930992,216.29447594982489,1.0640810774723857,0.2155635415895826
2020-01-20,,,KERVILCO,0.0,359.9776021033205,69.1012978409218,1.714644096551499,-12.576974469767825,232.60772925599645,0.9453062995619192,0.2937652633892772
2020-01-21,,,KERVILCO,3.8773774706874256,137.5735411360745,72.97900987551307,-0.4732418212324851,-6.646478314577595,371.50771258745385,0.8769159021165256,0.1671169021440732
2020-01-22,,,KERVILCO,0.0,243.1523880904132,72.97900987551307,-1.0583870754505973,-9.173646126581763,306.7067213372968,1.0098033403641,0.1456410759448616
2020-01-23,,,KERVILCO,0.0,312.9292309026601,72.97900987551307,-1.5816129166321111,-12.66820402492251,231.43289622516,1.040634259672309,0.1464104346085783
2020-01-24,,,KERVILCO,0.0,403.72467493534106,72.97900987551307,3.993523014876645,-13.515804762705558,215.8569260326496,1.1384579685479257,0.2007260984138027
2020-01-25,,,KERVILCO,0.0,308.79225148637687,72.97900987551307,0.8831369967918028,-9.89781038149681,288.2326910879516,1.2393264794507557,0.1976200427580727
2020-01-26,,,KERVILCO,0.0,367.9393342667968,72.97900987551307,2.733592226348111,-11.059716123435145,262.0397516340549,1.6418521768388044,0.2994955242243445
2020-01-27,,,KERVILCO,2.166171835601867,274.20674925868224,75.14446956947685,-1.0923007549309247,-12.412663446353848,235.74616112457863,0.8338491175857896,0.1139472890002504
2020-01-28,,,KERVILCO,0.0,393.8912836804548,75.14446956947685,-0.3701018277791362,-15.431283167327196,183.85568464731784,1.027749502840528,0.1598718853482732
2020-01-29,,,KERVILCO,0.0,332.10634575335695,75.14446956947685,-1.3683800887827082,-12.587942469294966,232.3994044566376,0.874945913143497,0.1486789148338944
2020-01-30,,,KERVILCO,0.0,352.8372306192837,75.14446956947685,-3.595172540867239,-15.738876937459244,179.3808964224117,0.9235666047883728,0.1263209202070133
2020-01-31,,,KERVILCO,0.0,389.1534182447701,75.14446956947685,-2.2383864011224643,-16.27448541946465,171.50462668003377,1.2778077175730598,0.18995906880646
2020-02-01,,,KERVILCO,0.0,385.3914767167544,75.14446956947685,3.3233120229088664,-10.590887135394002,270.5801989066098,2.006728558630631,0.3683291717325924
2020-02-02,,,KERVILCO,0.0,404.12321875078,75.14446956947685,7.4643223235295455,-7.712240859167471,329.1849584567726,2.265039428435349,0.6077295284678487
2020-02-03,,,KERVILCO,0.3362766596518127,388.4398189388669,75.48078607096694,0.234158266558492,-14.20693053341099,203.04843926376589,1.2254799980596955,0.1841549365583988
2020-02-04,,,KERVILCO,0.0,367.4741327865188,75.48078607096694,-10.73081893637821,-22.77348608791497,98.34094192277912,0.2903031623634039,0.0198891879351964
2020-02-05,,,KERVILCO,0.0,441.7850540880633,75.48078607096694,-7.638646297528463,-24.719012678929005,82.27401251505864,0.6371202329495069,0.0769219002543725
2020-02-06,,,KERVILCO,8.444867707771342,326.5533366257101,83.92592624188154,-1.9519367010727264,-18.72633886906928,139.38374222541572,1.0107084713951373,0.1253066436410811
2020-02-07,,,KERVILCO,0.0,259.7962793116204,83.92592624188154,-0.1212781632864479,-7.911054191397041,336.25602234258406,1.4013377201187849,0.1959791696446298
2020-02-08,,,KERVILCO,0.0,414.9196576624995,83.92592624188154,4.642617543125854,-9.834881738070736,268.0355105686179,1.7077268651430588,0.2998502544590384
2020-02-09,,,KERVILCO,0.0,284.9779055115785,83.92592624188154,-0.6791830582621129,-9.134587560317737,304.73215591477896,1.1649063510714837,0.2037998752759056
2020-02-10,,,KERVILCO,4.978361455546311,276.8480554563996,88.90478483750171,-0.729173071517269,-12.21569195398574,240.346408734952,1.0186416589040763,0.1491774000976947
2020-02-11,,,KERVILCO,0.0,442.34436579173627,88.90478483750171,-0.0507627021024103,-15.187502531611637,184.05021645494324,0.9771288861443268,0.1399966738110259
2020-02-12,,,KERVILCO,0.0,424.6898806503637,88.90478483750171,-2.1998432673478447,-15.995062037381608,173.54557757133102,1.1308409071342311,0.1559548757062657
2020-02-13,,,KERVILCO,0.0,441.86276016116045,88.90478483750171,-0.5979514807264475,-15.198577054601865,182.86353860211324,1.275824423558439,0.1723390257040009
2020-02-14,,,KERVILCO,0.0,454.30931776027154,88.90478483750171,2.26425377683022,-13.108489230366892,208.0248712615393,1.7750790223698938,0.297142193834578
2020-02-15,,,KERVILCO,0.0,350.97302806461124,88.90478483750171,1.0273172263676984,-9.250455901577633,297.05264540474883,1.6189178480554087,0.2388136834144188
2020-02-16,,,KERVILCO,1.1592745653924712,304.61632573207504,90.05853902989348,2.010516124469845,-7.394344620623564,345.4587145039875,1.6536321394741276,0.250524441630748
2020-02-17,,,KERVILCO,0.0,384.0652708764647,90.05853902989348,1.6055758554610031,-9.52963625887683,287.2804052436623,1.3987521279977249,0.1864996180602773
2020-02-18,,,KERVILCO,0.0,458.31470290687326,90.05853902989348,1.28707830445397,-13.27488638396224,207.51319602988403,1.3089314813856034,0.2114754893250887
2020-02-19,,,KERVILCO,0.0,467.2881494799906,90.05853902989348,0.8082536372025841,-14.126683963046874,192.26171421516767,1.0675252232471129,0.1618318870482158
2020-02-20,,,KERVILCO,0.0,519.0849521917881,90.05853902989348,1.2687967099361677,-18.24660007562746,132.2004888381646,1.2130877682501886,0.214730290760673
2020-02-21,,,KERVILCO,0.0,496.7712890151766,90.05853902989348,4.667342180610875,-12.799381439977228,198.7970591996983,1.7908821598844271,0.3825483375855371
2020-02-22,,,KERVILCO,4.412994237506392,311.52551931959005,89.90899402214357,7.274410177318869,-5.645270728623823,394.0495376396504,2.0038101523970813,0.4048970066875491
2020-02-23,,,KERVILCO,5.947161176264901,219.3300759279091,95.85575664507952,-0.5046311264514204,-8.478647281816452,322.1190906052568,1.0851286349846068,0.1185720945172891
2020-02-24,,,KERVILCO,2.0536444744513656,430.1811657497116,97.90923615989702,-3.008736479096332,-18.88882298879087,130.82537975744782,1.0776613119862324,0.1250963361734801
2020-02-25,,,KERVILCO,0.0,478.4569904776384,97.90923615989702,-6.862348330310091,-21.477682589738848,108.40022749975554,0.9166051043432242,0.1134661066435342
2020-02-26,,,KERVILCO,0.0,558.675732198053,97.90923615989702,0.2956078002049397,-21.739223276484665,93.02695738264444,1.366626733496069,0.174439454964235
2020-02-27,,,KERVILCO,0.0,470.0604052212803,97.90923615989702,2.0758267661619763,-12.384966599572728,207.2356058665114,1.8861135870623893,0.2598712138898805
2020-02-28,,,KERVILCO,0.0,509.3756417211673,97.90923615989702,5.350421959610219,-11.408116880992356,206.32293459476648,2.2457522316893925,0.3970866175638983
2020-02-29,,,KERVILCO,0.0,460.9825591619573,97.90923615989702,4.975417453026218,-8.969452578193723,261.85391168631486,2.036421383896159,0.3478919204392293
2020-03-01,,,KERVILCO,0.247609395754087,437.22435566710266,98.15705433331698,3.536829056382707,-9.456232442335695,261.64900474806035,1.7306112941856695,0.280656215482169
2020-03-02,,,KERVILCO,0.0,338.03630122279674,98.15705433331698,0.2173508315506648,-8.845481387137065,298.0178603701996,1.4434893965415678,0.1726212132448051
2020-03-03,,,KERVILCO,0.0,558.0111842460592,98.15705433331698,7.524000878619821,-11.938369746660577,180.45193419396665,2.072170631004322,0.3372267182456613
2020-03-04,,,KERVILCO,0.0,507.4078057414701,98.15705433331698,6.3530338455772215,-9.350225623596256,235.8807804797844,2.152780259791272,0.377024724125993
2020-03-05,,,KERVILCO,0.0,529.2702834979932,98.15705433331698,8.552707426806094,-8.350604927855988,240.49292969580705,2.3216298818548595,0.4347149826878063
2020-03-06,,,KERVILCO,0.0,531.4640290380054,98.15705433331698,7.923954961827572,-8.861170029942478,231.2453766762804,2.248903528735037,0.4698076502427353
2020-03-07,,,KERVILCO,0.0,473.8405772940315,97.86499234603482,8.26493158694619,-5.303303399723401,321.02545239844386,2.273328704471569,0.4276879292869922
2020-03-08,,,KERVILCO,0.0,411.35162530826506,96.91113176130344,7.377078967024445,-3.72918405670409,392.4214305031626,2.070636587560897,0.3421729739892622
2020-03-09,,,KERVILCO,0.0,430.2950647676621,96.89408261590876,5.131820249490455,-6.472311383598655,319.0830011648655,2.062264159956985,0.2929396697058383
2020-03-10,,,KERVILCO,0.0,431.5513486072294,96.76254038471006,5.705037794058892,-5.895282006518411,330.29574711190844,1.734361585251826,0.2958031360497947
2020-03-11,,,KERVILCO,0.0,430.2587508919165,96.0734063795548,7.162301065108491,-4.358552153330827,345.7563490967739,2.112199230894805,0.3276972517652332
2020-03-12,,,KERVILCO,1.7718295507004829,454.280191488597,95.03203951983616,9.773225538544414,-3.52010715019286,339.05584880093494,2.4292236518782127,0.3616062659894341
2020-03-13,,,KERVILCO,7.321031909318839,369.20706167719646,101.66216739531282,4.682113066873497,-8.267368115100174,284.7883087952344,1.3708828147058831,0.1675488341464952
2020-03-14,,,KERVILCO,0.0,493.4102997164344,101.66216739531282,6.321273827401263,-7.006124574100114,269.6597694746567,2.089767368858275,0.3397174797477884
2020-03-15,,,KERVILCO,0.0,490.3039337612144,101.54420379286285,7.056617741640158,-5.999301214558658,271.7844142831942,2.38976740053238,0.4062210846177743
2020-03-16,,,KERVILCO,0.0,539.9289332818861,101.49735181623836,8.381238543322024,-6.772369616400805,234.1121185247896,2.580373354574745,0.4838714123045935
2020-03-17,,,KERVILCO,0.0,416.23640402035136,100.44118426180984,7.035726281427225,-3.4852680446645325,363.4999475099892,2.669518458704788,0.4636847316288543
2020-03-18,0.11721966578757687,5.65,KERVILCO,9.185259359156069,366.8863974100881,102.79927917236236,7.658230987453116,-5.391110105334587,331.72510762871747,2.592496096149689,0.4086599399799842
2020-03-19,0.09958484881068476,4.8,KERVILCO,10.396131893627768,297.49095225758623,113.1956781301835,1.9452983297107385,-7.6550707100972994,334.89170031531535,1.3144787189619416,0.1158337487590084
2020-03-20,0.10788358621157516,5.2,KERVILCO,0.0,421.2280534955809,113.1956781301835,0.436005784024718,-9.663873092048656,267.52350902452645,1.4664437105713508,0.1623749615717087
2020-03-21,0.1282154928437566,6.18,KERVILCO,0.0,483.23067141958126,113.1956781301835,2.679382713584105,-9.003769629354911,260.7510528823413,1.692419545784802,0.2200738739775546
2020-03-22,0.12095409761797753,5.83,KERVILCO,0.0,425.14176525923193,113.1956781301835,2.2383235163877235,-7.669809318787604,301.4544675134629,1.8438454707296967,0.2412392260952839
2020-03-23,0.12323625040322239,5.94,KERVILCO,0.0,520.6558589371052,113.1956781301835,5.08646568637472,-7.637515240423907,263.11644819742725,2.0284749105890554,0.3053765261347991
2020-03-24,0.10103712785584057,4.87,KERVILCO,0.0,603.8429816691182,113.1622506396465,10.216676309284784,-6.447551480268173,241.4932312202638,2.581211956736372,0.3782436500305401
2020-03-25,0.09958484881068476,4.8,KERVILCO,0.0,506.0461469895708,112.22769439891232,8.345280357313369,-3.772321387506089,341.4063712040687,2.7243086706203203,0.4200951677008019
2020-03-26,0.09896244350561796,4.77,KERVILCO,0.0,477.2626649370957,110.87278721053364,8.265985149689982,-2.775056081466209,379.3922415511796,3.091411256214169,0.4640241519128903
2020-03-27,0.099792317245707,4.81,KERVILCO,0.0,535.8141895207997,110.87278721053364,3.0742138253980418,-9.424546273003555,233.1742477993304,1.792359658281068,0.2363548670148164
2020-03-28,0.10746864934153062,5.18,KERVILCO,0.0,514.4675888656116,110.87278721053364,-0.6868057763235899,-12.31689399273549,199.65062671148667,1.8070080821389016,0.2152727010878765
2020-03-29,0.11638979204748781,5.61,KERVILCO,2.139724458006947,515.398124207118,113.01169450494643,3.4074190760319003,-11.737365179857496,175.0514180676989,1.680163733661919,0.233649464189552
2020-03-30,0.09170104827983887,4.42,KERVILCO,0.0,454.38908126001866,112.95574690105474,3.784958570520735,-6.027583447713703,294.3770066782669,2.1289840626092222,0.2686123603521094
2020-03-31,0.09605788541530634,4.63,KERVILCO,0.0,613.2805134063434,112.95377449603576,9.228137476789923,-6.087049354471853,215.2965564152106,3.147133160825935,0.4840847178775457
2020-04-01,0.11058067586686454,5.33,KERVILCO,0.0,593.7681244476352,111.44289954422456,11.977294244772905,-2.401864157512912,257.1588287830814,3.172816170546812,0.5645858734248107
2020-04-02,0.11265536021708712,5.43,KERVILCO,0.0,597.4007923285786,111.29284963423407,7.911065511832656,-6.2363202261102,207.677945149496,2.390449562055617,0.3209334143595285
2020-04-03,0.10892092838668646,5.25,KERVILCO,0.0,568.949460713337,111.29284963423407,3.321451871626719,-9.442581239403088,186.61107724026544,2.1535223162887087,0.2659691904853503
2020-04-04,0.11452257613228746,5.52,KERVILCO,0.0,629.648584139954,111.05220491949372,9.752236168466508,-5.576121927501718,198.2813975361555,2.4884396517781764,0.3917889574483198
2020-04-05,0.11224042334704261,5.41,KERVILCO,0.0,620.3148066093628,110.40982220293562,10.2092745457468,-4.506851028346418,214.80874882389887,3.13335326647688,0.5252726959379291
2020-04-06,0.12634827692855627,6.09,KERVILCO,0.0,627.2236289169415,108.9359235577899,12.58755617629494,-2.4921027531993083,234.5476895566194,3.5095604515913497,0.6436557804495678
2020-04-07,0.1439830939054484,6.94,KERVILCO,0.0,615.4393052115767,107.71170238240865,11.59127346749179,-3.0849046708819428,234.88298674500265,3.87266313761928,0.6736910607355739
2020-04-08,0.15975069496714014,7.7,KERVILCO,0.0,644.7750578005023,107.08670091319613,11.594509355423115,-4.516883308838056,200.42961856201893,3.459062947389437,0.6908345887920497
2020-04-09,0.16224031618740725,7.82,KERVILCO,0.0,617.9902516064486,105.4674842637461,12.69551758929452,-2.143384578168415,234.92232954039167,3.3090313050097224,0.6790489534630222
2020-04-10,0.15975069496714014,7.7,KERVILCO,0.0,532.0247333997943,104.20358490097372,8.857175122584396,-2.991043231367553,274.7631402708941,3.086822396121896,0.5217590058454044
2020-04-11,0.13900385146491412,6.7,KERVILCO,0.0,636.5100400445544,104.05098281024571,9.652316109613912,-5.786001153477957,174.90446089060714,3.718634944053972,0.5992742322978116
2020-04-12,0.1541490472215391,7.43,KERVILCO,0.0,633.8799811723065,104.05098281024571,5.637261995130409,-9.760675836476606,142.94983567303265,1.9169644605958325,0.2101960012552933
2020-04-13,0.13381714058935765,6.45,KERVILCO,0.0,585.9141807052199,104.05098281024571,-0.0454806857881986,-13.123774551289292,136.33612186497515,1.6341486130334837,0.1779608014661228
2020-04-14,0.1475100573008268,7.11,KERVILCO,0.0,663.2311931228144,104.05098281024571,0.2589261584638561,-16.367567452942964,93.94534955502812,1.9707929453220323,0.2164516977990377
2020-04-15,0.12863042971380115,6.2,KERVILCO,0.0,635.8694661762994,104.05098281024571,4.336235396588429,-10.79689490866143,133.71776493018305,2.598545788711037,0.33118332361192
2020-04-16,0.11991675544286624,5.78,KERVILCO,0.8637858934082894,544.4005378255243,104.91410797792943,5.479880538145551,-7.197243017577673,197.98553646595795,2.0676416721975848,0.2676749566875438
2020-04-17,0.11680472891753232,5.63,KERVILCO,0.0,694.4311424464319,104.91410797792943,10.693573946167538,-8.11999265653576,122.26018010643703,3.015037808893191,0.4113330632405552
2020-04-18,0.11576738674242103,5.58,KERVILCO,0.3512528667409966,484.1913774862357,104.19802060031576,6.285260391447184,-4.295373869530948,254.4736316217955,2.8883897145732007,0.4311270763937843
2020-04-19,0.11037320743184227,5.32,KERVILCO,0.0,544.7232935952649,103.76606599530312,7.02456054308344,-5.010599652295389,212.9076868634641,2.6819806415417218,0.350507801650471
2020-04-20,0.11390017082722069,5.49,KERVILCO,0.0,579.2120578569495,103.3215704321889,8.15924626988883,-4.961496465269858,196.9252887781812,2.907384122867108,0.4405813447987039
2020-04-21,0.13029017719397923,6.28,KERVILCO,6.249852243126232,379.1927545631331,101.9781367731731,8.256498646210135,-2.8009537172565047,314.5131731658192,2.676007409059429,0.4209733414824904
2020-04-22,0.16141044244731823,7.78,KERVILCO,0.0,582.8995671165172,101.2903831684785,8.865837074731187,-4.364745271181705,206.1979622216492,3.2099364429126203,0.4455405806085679
2020-04-23,0.1672195586279415,8.06,KERVILCO,0.0,564.287608739703,100.31209586258598,8.801049193829444,-3.669098543464664,223.4462015307417,3.09955410443861,0.4371797919822792
2020-04-24,0.16908677454314183,8.15,KERVILCO,0.0,619.2527579762351,100.04110875744888,8.991867148131606,-5.4300376085159066,178.66158994806892,3.199540779240013,0.4146833677073056
2020-04-25,0.17531082759380961,8.45,KERVILCO,0.0,642.9867490403034,99.52023704490476,10.963929696644945,-4.759992684156802,177.5692698556863,3.896745484155576,0.6087068611244796
2020-04-26,0.20497881380199282,9.88,KERVILCO,0.0,660.7254004333587,98.25432623857223,13.622017922327968,-2.9886349979595312,188.7138468779913,4.261675056659547,0.741938696614177
2020-04-27,0.2510368063769345,12.1,KERVILCO,0.0,633.604949503325,96.23269917433292,14.57832114076318,-1.1876260413948514,221.7705119238579,4.313759933624454,0.7722238911090366
2020-04-28,0.32157607428450286,15.5,KERVILCO,0.0,590.2191773212428,93.44737093519494,14.629298843261166,0.6339922151701693,267.0871631228417,4.892382987640189,0.8047509154881983
2020-04-29,0.39833939524273904,19.2,KERVILCO,0.0,690.8172363472171,91.15595539483104,18.506593466082748,-0.5455309300406098,209.0114788090836,4.841243260918566,1.033760603999644
2020-04-30,0.4875508223023108,23.5,KERVILCO,0.0,625.2431278427421,88.14927790074584,16.904382565831483,1.1585577837060463,259.33811838467955,5.0876410309675215,1.0223792898254678
2020-05-01,0.5497913528089887,26.5,KERVILCO,0.0,623.5430731867156,84.47502855273801,18.43834948976887,2.748556779072069,284.9658451126656,5.330118801791253,1.0838065160510508
2020-05-02,0.6659736764214543,32.1,KERVILCO,0.0,607.7723432786333,80.70938323583505,17.906071400167164,2.9667468590092314,289.5359462593197,4.938694248968723,0.9068031027739044
2020-05-03,0.7427369973796903,35.8,KERVILCO,0.0,616.2746042136896,77.30187805146969,17.45071343949407,2.1137253248903,269.2378457507247,5.12000597963666,0.9868137678276192
2020-05-04,0.8506205835912656,41.0,KERVILCO,0.0,569.5568555794017,74.90940208004415,13.16677114365403,-0.3056836707553393,250.95067688010624,4.649306175923063,0.6800772018448247
2020-05-05,0.827799055738817,39.9,KERVILCO,0.0,624.8385029994913,73.54912959265077,12.96747932265568,-2.7606462389096857,197.33298504592565,4.670623242940359,0.8097517503695905
2020-05-06,0.7821560000339198,37.7,KERVILCO,0.0,655.7030411764355,71.60446289107628,15.857716227493324,-1.3700349408355812,202.8327744496548,4.641020230059102,0.8775351932570763
2020-05-07,0.7946041061352555,38.3,KERVILCO,0.0,701.7299822702935,70.48717327785312,17.04729550445954,-3.3349968508425927,163.9344614927735,5.219909470385431,0.7908162853709158
2020-05-08,0.7863053687343651,37.9,KERVILCO,0.0,653.9883227240904,69.72780070754797,13.075133257215938,-4.178684596344817,158.04218791342075,4.335935609875645,0.7190599308617361
2020-05-09,0.7655585252321391,36.9,KERVILCO,0.0,643.8129904240105,68.52293861344319,13.747656038662658,-3.1083082011335423,172.76335662012113,4.611736711957983,0.767800412972689
2020-05-10,0.7427369973796903,35.8,KERVILCO,0.0,652.4283262500785,66.97843531453746,15.05649963829038,-2.2787544464240685,179.42234070965674,4.798059917361853,0.8325017509034086
2020-05-11,0.8029028435361459,38.7,KERVILCO,7.539977043314724,360.5693329163096,64.68618152600224,10.6459615174151,-0.4298186408160773,309.0142688393882,3.489594412573539,0.50110944616434
2020-05-12,0.8402471618401526,40.5,KERVILCO,0.0,580.5910142739438,62.25428018061866,14.166437744622238,-0.0658374090107911,229.3837645832408,4.677840965916236,0.7355419069212223
2020-05-13,0.7655585252321391,36.9,KERVILCO,0.0,555.9167050403555,59.20024919371842,15.048989424740892,1.5538334751171994,265.3027804286058,5.323363552640618,0.8988210106387098
2020-05-14,0.7655585252321391,36.9,KERVILCO,0.0,583.7364229081236,56.41535429620357,15.405133921050194,0.9419749721025404,243.9556022609262,4.659049595863323,0.8124332012802841
2020-05-15,0.7531104191308033,36.3,KERVILCO,0.0,611.6736440689988,54.34070199995977,14.786253411917992,-0.7042710719003662,208.64223346708303,4.320122398071364,0.6996665757522222
2020-05-16,0.7468863660801357,36.0,KERVILCO,0.0,578.6433092490324,51.73221210245959,15.297477362957308,0.7415417103492725,244.8207050018956,4.735672663414184,0.7943981927066613
2020-05-17,0.7842306843841423,37.8,KERVILCO,0.0,628.2194909563574,48.94073665221398,17.941953054375233,1.4114588555657033,238.27056080671977,5.070413634382839,0.9905174421449298
2020-05-18,0.8983383236463853,43.3,KERVILCO,0.0,590.8820585063173,44.70475554708229,20.524902950273024,5.310683514194312,319.909725315515,6.390086927849032,1.4352397676164952
2020-05-19,0.9626535385032859,46.4,KERVILCO,0.0,593.2997176162828,41.40489925244444,18.430438275702333,3.001525733360717,270.18405354980194,6.06286314409595,1.2257974859835217
2020-05-20,0.9377573263006149,45.2,KERVILCO,0.0,616.8354747937625,39.47942857531906,16.080704397887214,-0.4225083992213322,207.24680404254343,5.298825290951965,0.8433290049579987
2020-05-21,0.9087117453974983,43.8,KERVILCO,0.0,661.9238551826805,38.04885140661472,17.579804900466005,-1.9662207464803527,182.59692373317336,5.181661134646667,0.9063388935432932
2020-05-22,0.8153509496374814,39.3,KERVILCO,0.0,621.0479570106796,36.14348451220028,16.737526880128264,-0.5722951011899637,204.7329496358469,5.372030930171448,1.0473328604761176
2020-05-23,0.7344382599788,35.4,KERVILCO,0.0,544.6879517121513,33.88851240345224,14.898084245209352,0.8425779532885264,232.17443404988373,5.235769156731169,0.9164596826521388
2020-05-24,0.6763470981725673,32.6,KERVILCO,0.0,479.6806607498534,32.467912394379006,10.44034371436811,-1.2511051147541492,203.86731219138565,3.777874276481816,0.5477015739885418
2020-05-25,0.5954344085138858,28.7,KERVILCO,0.0,581.5655164235934,31.81374706876587,11.717661659164817,-3.781860848194486,158.15812094557256,4.106901616741706,0.5910299183106422
2020-05-26,0.5394179310578757,26.0,KERVILCO,0.0,632.8560500453266,30.41666606248312,16.77535627860245,-1.5994915272573802,187.96430157375852,5.330261818997922,0.8869385394013579
2020-05-27,0.5311191936569853,25.6,KERVILCO,4.243690054633488,412.1537385833732,27.69959236502604,17.93231018212134,3.054656748073336,281.9338960254384,5.314415439203184,0.9278453245130752
2020-05-28,0.5622394589103243,27.1,KERVILCO,0.0,588.1380955009137,25.034451959063805,20.129462613079152,3.508409705210763,278.6486146138641,4.826368562116278,0.9688246661976232
2020-05-29,0.6182559363663346,29.8,KERVILCO,8.793629473455537,437.47553490324594,22.197308804745514,21.90472062057491,5.064019491611347,321.087854337202,5.767834624023608,1.2483794492360765
2020-05-30,0.8112015809370362,39.1,KERVILCO,6.324703006299139,425.5267116570369,19.53516152447652,21.844723642354392,5.677171476771681,372.26430680635866,4.863149372687425,1.0380982306074102
2020-05-31,0.8713674270934917,42.0,KERVILCO,3.678308537373635,386.94795663168514,17.434548876566488,18.83568299904008,4.759262245953575,448.7728609289015,4.655395810788398,0.915721946599888
2020-06-01,0.8609940053423786,41.5,KERVILCO,1.2296269735017875,506.5729314405419,15.514912164691754,19.506099343145166,4.85137999412014,362.9863655187061,4.9887324463590845,0.9384679277484056
2020-06-02,0.7925294217850328,38.2,KERVILCO,0.0,487.60224990055167,13.238693569321264,19.989638214369016,6.834264066833328,430.9038930225681,5.054683723591247,1.0712109300377073
2020-06-03,0.7385876286792453,35.6,KERVILCO,0.0,546.208506273385,11.423335086053347,21.346610694870783,5.610233914756539,352.70470284033576,5.668483549130548,1.281310773424204
2020-06-04,0.6908698886241255,33.3,KERVILCO,0.0,570.4627174412225,10.012965330192642,22.05914777102184,5.005468361326386,326.58188244596005,6.308019651485511,1.3283627618747975
2020-06-05,0.6556002546703413,31.6,KERVILCO,4.959490868046473,407.0512385170796,8.212515706242606,22.44391065270472,8.008632006182982,549.1705415094875,6.224258745090727,1.4360646944879705
2020-06-06,0.7178407851770193,34.6,KERVILCO,5.680674832504541,296.3487337278783,6.950738795329121,16.1064959100144,5.502213930394236,667.5135676383431,5.058696930255593,0.7797600844391077
2020-06-07,0.6182559363663346,29.8,KERVILCO,0.0,465.88964418955385,5.955770216442834,17.486269672771197,5.009647948091898,472.3016885952492,6.069219045403244,0.9843928863461064
2020-06-08,0.5394179310578757,26.0,KERVILCO,3.144865738508932,449.8561642981184,5.865831399677178,16.902325769981523,-2.159511496985523,301.30118807690826,5.369408604007907,0.807405730917634
2020-06-09,0.5103723501547593,24.6,KERVILCO,0.0,538.7318505886998,5.847359458863297,10.782797255082391,-4.247437344105653,247.7948301090052,3.567498605321368,0.4038185096950145
2020-06-10,0.45020650399830403,21.7,KERVILCO,0.0,605.3130793048954,5.558101884581152,17.456113593795965,-1.95315895863315,228.8051216465944,5.04849428449993,0.8213437194376118
2020-06-11,0.39004065784184866,18.8,KERVILCO,0.0,558.4688354829342,4.799465222730165,19.82179763913652,2.91940700989992,336.4208694868788,5.454414182389851,1.1656640307295807
2020-06-12,0.35684570823828704,17.2,KERVILCO,0.0,565.4637653485009,4.067922529045752,22.399604035464748,5.029222986756937,334.43574753993244,6.1402216214062,1.364740274451599
2020-06-13,0.37344318304006785,18.0,KERVILCO,2.2719713106896733,405.1260926818287,3.5192659458722635,19.78868160312544,5.202891084406921,498.9539710054351,5.370480176141101,0.960464524286987
2020-06-14,0.3962647108925164,19.1,KERVILCO,0.0,510.5032561385555,3.013443448310216,19.28645932458212,4.481411928876832,385.649975725674,5.974949338409069,1.0362447197931326
2020-06-15,0.3547710238880645,17.1,KERVILCO,0.0,528.9256226065268,2.4045049922445894,22.088211744796627,6.3071322051868925,407.4727837188499,6.169112479348364,1.3981997342654098
2020-06-16,0.33402418038583853,16.1,KERVILCO,0.0,518.2118750327812,1.888452970711056,20.926485987678472,5.694438780949981,404.55479510921936,6.263997870004737,1.1776227028785395
2020-06-17,0.3153520212338351,15.2,KERVILCO,0.0,534.0287434436817,1.3752091316759345,21.84704808899101,5.968995687747445,353.2702877611724,6.598505884116395,1.2846544170287604
2020-06-18,0.2987545464320543,14.4,KERVILCO,0.1184489711946046,438.78727800515816,0.9782170309631216,16.667584747075043,4.8382409777737605,352.1139705201353,4.95763204228735,0.9206981459777368
2020-06-19,0.31742670558405767,15.3,KERVILCO,2.966250074782081,366.5411253556536,0.6772619969221776,16.616625361559834,2.7758201051958737,369.445991062427,4.20103819322429,0.5898342803192513
2020-06-20,0.2717836498791605,13.1,KERVILCO,0.0,578.037056019253,0.5231573022204087,19.61278691040625,1.2534218535959285,239.96970862729165,5.831932310899211,1.106902935394554
2020-06-21,0.2323646472249311,11.2,KERVILCO,0.0,544.599536760814,0.3253558909475322,21.83559653612308,5.344391194220084,328.41406905014406,6.478479956545998,1.2440447981042366
2020-06-22,0.21784185677337292,10.5,KERVILCO,0.0,561.0657193358855,0.2091976971414509,22.283090434151056,4.728366770469339,310.259681318553,6.455552317378866,1.2924524885315474
2020-06-23,0.2199165411235955,10.6,KERVILCO,0.0,542.347839278289,0.1473824481298307,20.88395765971703,4.300578703598978,305.3014212732073,5.549798732359104,1.096927240302982
2020-06-24,0.21161780372270508,10.2,KERVILCO,0.0,563.5106859781245,0.0770872867007029,23.93268511509612,5.836724898909647,334.6127042026196,5.37332539096505,1.3428451646001467
2020-06-25,0.2070534981522154,9.98,KERVILCO,0.0,461.1826668487628,0.0195664043359235,20.74052817190528,7.576480635763314,429.266681348332,5.57141193631588,1.309086216840445
2020-06-26,0.2012443819715921,9.7,KERVILCO,0.0,512.86353471214,0.0066227414184257,21.65497460666304,6.402850495182592,363.3645449697997,5.565115978791512,1.230374711852499
2020-06-27,0.19232323926563494,9.27,KERVILCO,0.1423197234267185,497.2053555037979,0.0022694752746396,19.3698096708991,4.928738147493395,338.6434678650868,5.778060563935336,1.1009653730343427
2020-06-28,0.18443943873478907,8.89,KERVILCO,0.0,487.8277140246674,0.0,19.91593031676804,5.91555156543058,359.90962771227555,5.861761672592558,1.1867851092114765
2020-06-29,0.17199133263345345,8.29,KERVILCO,0.0,454.9574725641785,0.0,19.75956415596122,7.283158952973813,397.7763142968639,6.107810115001791,1.164679052670987
2020-06-30,0.15684613687682847,7.56,KERVILCO,0.0,498.52327973901896,0.0,16.633182190257237,2.498850954522676,280.4681689890208,5.672476776221175,0.9129110580910652
2020-07-01,0.14522790451558193,7.0,KERVILCO,0.0,571.8985169628947,0.0,21.41907226146388,3.0907593772699435,273.36730042651465,5.526318638000484,1.2273385280527602
2020-07-02,0.13692916711469152,6.6,KERVILCO,0.0,535.4359687124012,0.0,22.44662551026841,6.040924437363166,345.0159303910729,5.9180726825224985,1.412254494413362
2020-07-03,0.1313275193690905,6.33,KERVILCO,0.0,521.0745554741188,0.0,22.143153899799184,6.588886229552619,358.906052502494,4.736447979243899,1.245531275747921
2020-07-04,0.13755157241975832,6.63,KERVILCO,1.1150587283173783,485.73534630309,0.0,19.6005071607518,5.116278303918705,346.954335875878,4.624188859468053,0.9619220599255934
2020-07-05,0.13381714058935765,6.45,KERVILCO,0.8987418032062223,468.2972986887055,0.0,21.07834653478942,6.298272607600306,388.7542009912495,5.099064932754601,1.064974521992429
2020-07-06,0.12261384509815562,5.91,KERVILCO,0.2198096589793627,533.1371494854417,0.0,23.941217540032525,7.287051684447586,381.0232102455449,5.159349120955259,1.3479228548938385
2020-07-07,0.11120308117193131,5.36,KERVILCO,0.0,500.1865007110391,0.0,22.734669777237155,7.756832685372521,411.77207159490666,6.233626087581984,1.3740075265050973
2020-07-08,0.10290434377104091,4.96,KERVILCO,0.0,581.613467936214,0.0,25.83542375766729,6.1857515405027375,342.01437354166376,6.755049694048969,1.6315649986893863
2020-07-09,0.09377573263006146,4.52,KERVILCO,0.0,579.5086109026441,0.0,25.73923564851353,6.057635047257966,339.81421937320823,6.592279807283045,1.7169708172250184
2020-07-10,0.08734421114437142,4.21,KERVILCO,0.0,552.7638781761032,0.0,25.81902200178968,7.848613687253572,393.2945492073469,6.911054595671677,1.841707744521749
2020-07-11,0.08091268965868137,3.9,KERVILCO,0.0,564.0665573115547,0.0,27.105980755846367,8.380532112761365,402.8809213017884,6.25192171607548,1.912385277496448
2020-07-12,0.0796678790485478,3.84,KERVILCO,0.0,515.9012424280742,0.0,25.405575837149943,9.57014603846633,448.2093912567466,5.734344946707764,1.5849086618364752
2020-07-13,0.08879649018952725,4.28,KERVILCO,3.5499863512785543,369.794544035272,0.0,23.163912937742783,8.211446531179691,522.1534248609235,5.686855642463376,1.1888066685531768
2020-07-14,0.12095409761797753,5.83,KERVILCO,1.9668836408730752,434.008525952861,0.0,21.45971947853064,7.057952490754501,461.33422484043575,5.230038913283022,1.0612461902961088
2020-07-15,0.11016573899682,5.31,KERVILCO,2.170302815867488,418.0835877328043,0.0,20.426373954668364,5.72749761408337,449.17098894830457,4.703896680880592,1.0578483088032935
2020-07-16,0.09377573263006146,4.52,KERVILCO,2.488931143864201,377.3612393507452,0.0,20.19176801245668,6.068101577102505,517.8350024897861,4.160360711500977,0.8590712448209106
2020-07-17,0.0935682641950392,4.51,KERVILCO,5.372182271662326,363.7643472537523,0.0,21.33598508159197,6.627805410702931,565.1204427418455,4.793278071524194,0.9897996897661906
2020-07-18,0.08692927427432691,4.19,KERVILCO,0.0,493.9088108930639,0.0,21.80829015095013,6.9620441732412655,454.6025035576728,5.088286627176371,1.056496938341395
2020-07-19,0.08547699522917108,4.12,KERVILCO,0.0,419.8172309923473,0.0,20.27885521839893,8.173650474001862,598.622964085241,4.117646602119552,1.1454071340190088
2020-07-20,0.07821560000339199,3.77,KERVILCO,0.0,547.1882086504376,0.0,23.103096094176216,5.62043062166733,370.513989258422,5.575381883229797,1.303182922573178
2020-07-21,0.0692944572974348,3.34,KERVILCO,1.2642714073208063,445.7691692910708,0.0,22.703814115331035,8.31058170107501,518.3707838946739,4.995717232217251,1.207822368181167
2020-07-22,0.06846458355734576,3.3,KERVILCO,2.161840846695555,332.55538827503176,0.0,20.289688868188005,7.788051307611961,670.4558829163194,4.461545357049308,0.9550440931914436
2020-07-23,0.07240648382276872,3.49,KERVILCO,2.4765002764718065,421.8637720456928,0.0,20.26228472576463,6.312093772966255,506.4489413915128,4.539559353068722,0.9238644280448252
2020-07-24,0.08775914801441595,4.23,KERVILCO,11.66994610009212,316.90676408475554,0.0,19.3204506198474,7.498795375995027,727.7970223934742,4.007137867127921,0.6844584168745101
2020-07-25,0.1313275193690905,6.33,KERVILCO,10.70790623474477,258.6849039590663,0.0,17.145139297143125,7.848670612765662,924.370509332946,3.440850528209788,0.5248045032591492
2020-07-26,0.21576717242315033,10.4,KERVILCO,9.845418472368744,348.00643898759967,0.0,21.00853748543045,7.424031460932984,803.813860043476,3.680370007778008,0.5201540693096748
2020-07-27,0.1462652466906932,7.05,KERVILCO,2.630092837950072,307.5329146906762,0.0,17.94960237438757,8.514740951223654,985.836185454942,3.712102764430552,0.518451962958818
2020-07-28,0.11078814430188678,5.34,KERVILCO,1.0585354825017586,446.50802132570107,0.0,20.71986029822554,7.395370878327063,735.4152731189498,4.44416157455358,0.7217613303309485
2020-07-29,0.08734421114437142,4.21,KERVILCO,0.0,523.1538806036981,0.0,22.35309933484729,6.26827958408384,604.2993916435403,5.768629984880883,1.068398696398966
2020-07-30,0.07759319469832521,3.74,KERVILCO,0.0,497.09130264682864,0.0,21.486876969535658,6.503215215308574,645.0305357926034,6.202435807520719,1.2308192741259585
2020-07-31,0.07365129443290226,3.55,KERVILCO,0.0,541.3289871715969,0.0,22.377911827123206,5.275566546049243,550.6580626178092,5.46219760979445,1.2238700707987549
2020-08-01,0.0771782578282807,3.72,KERVILCO,0.2708305899368809,489.6063954958617,0.0,21.272975328690496,6.476548195710368,652.8353464393736,4.746407761731992,1.135739589006444
2020-08-02,0.07946041061352555,3.83,KERVILCO,0.0,484.517080653238,0.0,21.45264016995236,7.17126817962841,691.1934971148819,5.104086391477791,1.1216991275190924
2020-08-03,0.07157661008267968,3.45,KERVILCO,0.0,511.0235483599187,0.0,22.08291310116177,6.519492205381512,632.8650107906569,5.211417278978957,1.1857285882517372
2020-08-04,0.06701230451218995,3.23,KERVILCO,0.0,523.8574994754197,0.0,24.27325153538068,7.813091401272194,667.5604084872125,5.442061859805042,1.3811570273783007
2020-08-05,0.06016584615645537,2.9,KERVILCO,0.0,545.5083350085454,0.0,24.847631051811625,7.027253688058099,612.024978585396,5.064214239897678,1.1714651774441374
2020-08-06,0.05726128806614373,2.76,KERVILCO,0.0,472.9517576944958,0.0,21.9642897083503,7.798174778072972,736.9271430361192,5.463804884284733,1.2042807216259657
2020-08-07,0.056016477456010176,2.7,KERVILCO,0.0,514.7364410372973,0.0,22.707473627370803,6.714000865515089,641.4401122898608,5.831902361841221,1.3903094885539766
2020-08-08,0.05207457719058724,2.51,KERVILCO,0.0,541.0593517245455,0.0,23.08572055929247,5.756689296435659,576.2506144593658,5.398066636841728,1.4121992550397344
2020-08-09,0.049999892840364636,2.41,KERVILCO,0.0,533.197393889007,0.0,23.136578532170667,6.201858514271848,601.7158011870949,5.584183578606094,1.4763555258452
2020-08-10,0.04626546100996396,2.23,KERVILCO,0.0,512.5000054482982,0.0,23.02943559943457,7.271984287801589,634.0827372986595,5.435017175830893,1.4270926080310664
2020-08-11,0.04336090291965232,2.09,KERVILCO,0.0,521.0806602723532,0.0,24.111548800305165,7.768162465683416,642.0849354193574,5.853765232631013,1.497126211077079
2020-08-12,0.04253102917956328,2.05,KERVILCO,0.0,534.8397480945398,0.0,24.03486643449697,6.842395911442532,591.1462324036526,5.9355961755128845,1.462759638637129
2020-08-13,0.041286218569429725,1.99,KERVILCO,0.0,550.5605911519428,0.0,24.055135269878456,5.68244284468956,532.7619677661663,5.993511084990435,1.5860377341862908
2020-08-14,0.040456344829340685,1.95,KERVILCO,0.0,542.1127113305981,0.0,25.709429291503675,7.539735118012545,606.8725673648498,5.395993543478071,1.6509506972251584
2020-08-15,0.03589203925885096,1.73,KERVILCO,0.0,533.1429257264199,0.0,26.11256435342623,8.254936944727914,645.9437403567663,5.198436026176333,1.6335140259062555
2020-08-16,0.03630697612889548,1.75,KERVILCO,0.0,497.7984624137016,0.0,24.203146952566605,8.33273668402797,699.7398675039705,4.623453511116267,1.3799963305823275
2020-08-17,0.04315343448463006,2.08,KERVILCO,0.0,512.3376688269674,0.0,23.66560542832191,6.997047696509169,626.3734342738766,4.58010376922652,1.360026292497674
2020-08-18,0.0429459660496078,2.07,KERVILCO,0.0,499.9172690971248,0.0,23.640875559068,7.460012298055401,661.312842626357,5.069215655703699,1.453603542540094
2020-08-19,0.040871281699385205,1.97,KERVILCO,0.1018701553729515,496.4609292945483,0.0,25.69968948924068,9.480970351716884,753.6970400035109,5.939076937025253,1.6273481971368404
2020-08-20,0.04232356074454102,2.04,KERVILCO,0.0,483.173104979957,0.0,23.79264545570788,8.23941931452102,720.1810641656093,5.2270406793665,1.3538414663151572
2020-08-21,0.0356845708238287,1.72,KERVILCO,0.0,522.7118027496565,0.0,25.239439637326743,7.3229240482410685,629.900134828165,5.539749159566506,1.3603570502647957
2020-08-22,0.03630697612889548,1.75,KERVILCO,0.0,462.9871557514417,0.0,24.5063605501324,9.545260735912564,810.6452639684087,4.5837210173027865,1.5077913974407358
2020-08-23,0.03755178673902905,1.81,KERVILCO,0.0,429.58160224806153,0.0,23.435230181247427,9.724279730368613,871.5518746955048,4.637236698626409,1.510774344744363
2020-08-24,0.04232356074454102,2.04,KERVILCO,0.0,472.9245881580173,0.0,25.03714656420451,9.284041820772517,784.9938719837896,4.493314699215691,1.5154387504700388
2020-08-25,0.0439833082247191,2.12,KERVILCO,0.2400998271232413,483.1657275506802,0.0,25.01015704745465,8.379000387486595,728.8329720334806,4.69519152002943,1.3184000613435465
2020-08-26,0.04170115543947423,2.01,KERVILCO,7.23589429315531,357.87808277706057,0.0,23.784720603092627,7.173206195550125,804.1173274618533,4.406791769594627,1.0014931365283792
2020-08-27,0.04149368700445198,2.0,KERVILCO,0.0,463.4703489988244,0.0,22.904283769380395,7.316382482735664,728.8106811133476,4.311127676050944,1.1317979662728817
2020-08-28,0.04419077665974136,2.13,KERVILCO,4.122944996268186,274.5324095435668,0.0,18.996304848258305,7.5292655789417,956.5357403420865,3.695005111069788,0.8358490560948204
2020-08-29,0.04854761379520881,2.34,KERVILCO,3.314044120260088,290.5844494545227,0.0,18.21675753633908,6.170916768652536,848.2139329895367,3.151256148031534,0.5251831831557117
2020-08-30,0.0439833082247191,2.12,KERVILCO,0.0,431.8816966753442,0.0,18.94625908397589,5.051792941868259,630.865559730303,4.42431860617332,0.8440041908951733
2020-08-31,0.03921153421920712,1.89,KERVILCO,3.324533292931537,321.6673078881949,0.0,18.468551539298943,4.516209094434178,717.7123578515155,4.368876155849018,0.8856207693001183
2020-09-01,0.05580900902098792,2.69,KERVILCO,0.0,469.79830238098833,0.0,18.39501382475435,2.775424109925876,522.1588870534675,4.256473948469908,0.738528499636673
2020-09-02,0.04253102917956328,2.05,KERVILCO,0.0,506.5273662378125,0.0,22.137105665866688,3.8398951860692976,514.8717562904701,4.934035512263406,1.1689311432971732
2020-09-03,0.03381735490862837,1.63,KERVILCO,0.0,502.9131558544488,0.0,23.54206647838334,5.224179539060538,564.1019775211893,4.8233336515027725,1.4225959425412709
2020-09-04,0.030705328383294466,1.48,KERVILCO,0.0,466.6322841440549,0.0,23.80601905733134,7.44662439687086,666.3109716208683,4.410442256835458,1.6629463346669895
2020-09-05,0.029460517773160905,1.42,KERVILCO,0.0,471.9189243713339,0.0,24.63309874027955,7.9403800213024756,645.457679888932,5.097178169726642,1.6386249913720574
2020-09-06,0.029253049338138645,1.41,KERVILCO,0.0,474.024931402017,0.0,23.892281742152427,6.9791341682412,608.3214689974959,5.982043929101783,1.725361889545019
2020-09-07,0.028630644033071865,1.38,KERVILCO,0.0,434.2809497850644,0.0,19.79077966443863,5.279357085334758,589.1902600479089,5.825336862350638,1.2773541669524902
2020-09-08,0.040041407959296164,1.93,KERVILCO,28.26963390935413,367.72929107573606,15.223794158352126,9.285209520442852,-6.192972935050153,325.65021940271134,1.7156400858973124,0.1987857295379421
2020-09-09,0.07261395225779096,3.5,KERVILCO,9.237966192990054,323.4681556419597,22.800039162346533,4.466011775916064,-7.72238030469674,344.33417429109534,0.9439918736777432,0.0866237396464157
2020-09-10,0.10228193846597414,4.93,KERVILCO,1.3823563356549646,342.0221526633482,21.97664964084423,6.814819485664144,-3.2886376588944604,476.0738455766149,1.4832518012713032,0.1180629575079179
2020-09-11,0.09854750663557346,4.75,KERVILCO,0.0,449.796584009089,20.5422590770863,11.25404845172326,-1.749515820658706,480.16729779995774,2.5401717427447226,0.2955352599849075
2020-09-12,0.09647282228535085,4.65,KERVILCO,0.0,512.8597785883951,18.569362030652574,15.88701670221638,-0.3215227450148148,475.7165534858645,3.499294563917182,0.7332182000954457
2020-09-13,0.10560143342633029,5.09,KERVILCO,0.0,487.18389668146847,15.702687148466298,18.011236926830254,2.454811818278144,586.6540274193376,3.409317488226216,0.9574420034046408
2020-09-14,0.09834003820055119,4.74,KERVILCO,0.0,460.9667773850212,13.424872335255166,18.733193211014235,3.98172375364933,669.502374944122,3.608435662660475,1.0401820202349172
2020-09-15,0.09232345358490567,4.45,KERVILCO,0.0,449.7034937517842,11.219970388819638,18.26570690203013,3.8678989185873895,675.5144505012868,4.093407914712384,1.0784562933758757
2020-09-16,0.08091268965868137,3.9,KERVILCO,0.0,485.98611140561366,9.16923633838334,19.31424282926128,3.202163985626761,617.7433561005375,3.955635430971434,0.9444667365538224
2020-09-17,0.07365129443290226,3.55,KERVILCO,0.0,431.2113683948795,6.900494189727471,17.874355321937912,4.138116547352963,706.4872443733678,3.7062560435218286,1.0290832203647062
2020-09-18,0.06970939416747933,3.36,KERVILCO,0.0,399.7596955892349,4.412097095360214,17.664254846249502,5.152992931428931,776.1444945915351,3.774633143246542,1.0514179108734
2020-09-19,0.06638989920712317,3.2,KERVILCO,0.0,390.48377812548574,2.0355106257735893,17.00978331343552,4.882661155176926,773.0423374014175,3.90902132798517,0.9105583891262132
2020-09-20,0.06721977294721222,3.24,KERVILCO,0.0,402.97088589026765,0.4603281086373657,18.06815080032433,4.836901591616,756.6074259533533,4.00559389459913,0.9251515738365316
2020-09-21,0.06742724138223447,3.25,KERVILCO,0.0,410.9092000995769,0.0044331305173525,18.80364147582462,4.695549574196943,741.6682199079114,3.643256450087366,1.043386236672663
2020-09-22,0.07406623130294678,3.57,KERVILCO,0.0,408.2166405682525,0.0,17.611822561989065,3.589102190134549,695.1711232364129,3.4564573681892843,0.9139868970786208
2020-09-23,0.07365129443290226,3.55,KERVILCO,0.0,454.1928689144308,0.0,17.650713475443695,1.0289484522892127,553.6361314061994,3.903131346738913,0.8250031661604104
2020-09-24,0.06721977294721222,3.24,KERVILCO,0.0,453.27743483863895,0.0,20.62581136628026,3.564529629183041,650.8299550249444,4.438917208715967,1.116522240054012
2020-09-25,0.06348534111681153,3.06,KERVILCO,0.0,410.5911852093467,0.0,20.159942433781005,5.52971115180853,785.2137144767312,4.790462801172502,1.1729859152826696
2020-09-26,0.05850609867627729,2.82,KERVILCO,0.0,414.1704194533925,0.0,19.46986291660121,4.6319303773277865,739.4080196133206,5.016937950606245,1.1234940665442037
2020-09-27,0.05684635119609922,2.74,KERVILCO,0.0,442.4309068514597,0.0,15.88375255242866,-0.6015373870653791,509.6749824919221,4.251492454550961,0.7724901105591089
2020-09-28,0.05684635119609922,2.74,KERVILCO,0.0,415.197584311342,0.0,11.32626604531665,-3.629133481502708,432.83756538851407,3.121510054385943,0.6005660311552392
2020-09-29,0.059128503981344074,2.85,KERVILCO,0.0,456.2002492623299,0.0,17.419825640975418,-0.930107813691352,487.18305340983,3.9360154259641615,1.0074004143776978
2020-09-30,0.059128503981344074,2.85,KERVILCO,0.0,443.4952611170142,0.0,17.735377150142675,0.0401397628999691,529.0380969925184,3.972130728983404,1.0598013368483088
2020-10-01,0.05622394589103244,2.71,KERVILCO,0.0,418.0095210487144,0.0,16.11145183703756,0.077270306822731,551.3972366768162,3.7624239123826393,0.9378399955409562
2020-10-02,0.05705381963112147,2.75,KERVILCO,0.0,404.1690121757612,0.0,15.08550666665512,-0.170089181513338,552.7146370772144,4.280147026963356,0.9412675059213405
2020-10-03,0.056431414326054696,2.72,KERVILCO,0.0,415.71041625375375,0.0,15.27329775594538,-0.8127393429221651,521.4878701934249,3.3766895828975088,0.9021929329213022
2020-10-04,0.05767622493618825,2.78,KERVILCO,0.0,427.34318418129294,0.0,17.347707233890386,0.191049880185596,545.4869642485867,3.586509598292812,0.963991890699073
2020-10-05,0.05373432467076531,2.59,KERVILCO,0.0,451.5326444687993,0.0,20.225733504755983,0.407812385525775,530.5308021549727,4.590619298401088,1.097836341609106
2020-10-06,0.051659640320542724,2.49,KERVILCO,0.0,444.6948050100718,0.0,19.51261084598057,-0.0056613752039078,522.0989146159455,3.979491547020315,1.1876753001938067
2020-10-07,0.05892103554632181,2.84,KERVILCO,0.0,411.24475964204765,0.0,20.19532397055895,3.02047985203274,668.5855673874108,3.694599199721883,1.3125223829791388
2020-10-08,0.05892103554632181,2.84,KERVILCO,0.0,396.3413315172232,0.0,17.7651060156162,1.5493783891222848,621.8413607917971,3.986509612434016,1.134060438343905
2020-10-09,0.05933597241636633,2.86,KERVILCO,0.0,381.95640902896736,0.0,18.60306413039357,3.042645841036608,699.3313419859579,3.215676722465143,1.1251722103085384
2020-10-10,0.05995837772143312,2.89,KERVILCO,0.0,380.85500900097446,0.0,16.477919192017588,0.8662922987624225,609.1873707986629,3.332641154810308,0.9798702180379638
2020-10-11,0.06141065676658893,2.96,KERVILCO,0.0,354.38890430153026,0.0,12.276996088045411,-1.809712815715535,520.8610295877138,3.3399321115622693,0.5617510151206181
2020-10-12,0.06099571989654441,2.94,KERVILCO,0.0,390.7581277457391,0.0,12.45388540449343,-4.055705977090763,427.2170836920986,3.918152501724241,0.7469691519812458
2020-10-13,0.06099571989654441,2.94,KERVILCO,0.0,373.3767838012376,0.0,15.921777633092464,0.1833589569000447,576.4069362580847,4.06321920984728,0.9533732720533864
2020-10-14,0.04253102917956328,2.05,KERVILCO,0.0,331.3225854629487,0.0,16.62410768272992,3.1270277229451384,730.3997777610256,5.028425035149494,1.0012894793301108
2020-10-15,0.034439760213695145,1.66,KERVILCO,0.0,356.71164826577865,0.0,12.113908700199438,-2.6266846335559824,482.7224821806837,3.3416392437602704,0.5513733247495413
2020-10-16,0.03506216551876192,1.69,KERVILCO,0.0,397.0907138863688,0.0,15.15805731831738,-2.735988161852745,443.33957992339936,3.878140483147364,0.7569581798251858
2020-10-17,0.040456344829340685,1.95,KERVILCO,0.0,368.03104189227616,0.0,14.932395258305586,-1.1132724394374136,515.6902439142439,4.151472509682849,0.8003717083164722
2020-10-18,0.03423229177867288,1.65,KERVILCO,0.0,310.9554716723797,0.0,14.383921678830042,1.413062457816025,651.5898034823549,3.919556779554571,0.7879727733900437
2020-10-19,0.0346472286487174,1.67,KERVILCO,0.0,331.2000541208445,0.0,16.23609361956074,1.9796379400542847,665.7458973817592,4.02188278951128,0.8835326590608161
2020-10-20,0.05103723501547593,2.46,KERVILCO,0.0,376.978281367476,0.0,16.33953279228854,-1.286257697246201,500.2904494437501,3.8039599159331874,0.8547455890754436
2020-10-21,0.050829766580453684,2.45,KERVILCO,0.0,349.3474250431169,0.0,15.3620518912595,-0.5075125633387957,544.1863697183131,3.66029747408887,0.896312599683783
2020-10-22,0.04937748753529786,2.38,KERVILCO,0.0,325.70849266127163,0.0,14.661539704275,0.170174038170053,583.6789630601612,3.829137140492832,0.7908362385925246
2020-10-23,0.051659640320542724,2.49,KERVILCO,0.0,299.5038003133525,0.0,11.53251701480145,-1.2337735838245218,529.1995824728984,2.8611593364752905,0.6180526340116083
2020-10-24,0.049999892840364636,2.41,KERVILCO,0.0,311.93574210991375,0.0,12.624863727236107,-0.9397943494548588,498.3717946093204,3.2891151446089584,0.6518036036456725
2020-10-25,0.05414926154080983,2.61,KERVILCO,11.311759033392269,314.86807512169923,11.311759033392269,5.454949921178945,-13.134660086851229,201.4086760311833,1.0808891506049247,0.1462809879111254
2020-10-26,0.03153520212338351,1.52,KERVILCO,3.8958054673655456,239.2719427677904,15.20878837809246,-5.343646145133518,-17.210112771679768,159.58452999412924,0.4313766637688164,0.0063435491577347
2020-10-27,0.07323635756285773,3.53,KERVILCO,0.0,393.0246136042604,15.20878837809246,2.107281285416668,-13.989597014248552,190.8080177557204,1.1501248236531756,0.1879192027750993
2020-10-28,0.11224042334704261,5.41,KERVILCO,0.0,372.0822378313883,15.20878837809246,6.806649367236715,-8.311200915436224,287.5477782882219,1.6858507337865645,0.3539892205935835
2020-10-29,0.07759319469832521,3.74,KERVILCO,0.0,348.73533143273954,15.044083063933533,8.32131144166695,-5.612866145315468,357.2103817492197,1.7130877682501893,0.3610009691952542
2020-10-30,0.07116167321263515,3.43,KERVILCO,0.0,376.65992587889485,14.974148956298327,9.88341720184111,-5.861019929821314,333.5559621194426,1.700828605898407,0.3931276789580618
2020-10-31,0.0682571151223235,3.29,KERVILCO,0.0,312.0395623704352,13.774700101292805,9.298243992578795,-3.144792855049719,443.06168727538994,2.6553925123592697,0.541521741365586
2020-11-01,0.060788251461522155,2.93,KERVILCO,0.0,383.441869286284,13.3011786300709,11.914491378456928,-4.871997939771132,348.9061420566727,2.733982220048624,0.7567295631863806
2020-11-02,0.057883693371210514,2.79,KERVILCO,0.0,357.47196905153817,11.57917273974824,13.423333017795374,-1.8997983364990507,443.8393022023694,2.450693855689952,0.8793620875360074
2020-11-03,0.06037331459147764,2.91,KERVILCO,0.0,332.1835675920759,9.677952144662536,12.446065315037634,-1.472977608770568,479.0357521638263,2.485205162599328,0.7994163097159002
2020-11-04,0.06307040424676702,3.04,KERVILCO,0.0,307.0187097309329,7.539097851546355,11.729302495201315,-0.9092146669065754,518.5086149485004,2.7037935341929,0.6537336554449059
2020-11-05,0.060788251461522155,2.93,KERVILCO,0.0,354.08175484509184,5.915185161146412,13.145727222269102,-2.1330291900193328,442.0900015861303,1.982619512771784,0.7235606117203474
2020-11-06,0.058713567111299554,2.83,KERVILCO,0.0,330.6302902487241,4.671197637385535,10.719365751877,-3.038803024084286,438.16969555686006,2.3434428003940218,0.5653442482750594
2020-11-07,0.06493762016196736,3.13,KERVILCO,16.06199303392459,219.61507595697347,5.506876643551102,8.541370641934899,-3.3020435249224223,483.5846577948023,2.152660478316172,0.3874679683190068
2020-11-08,0.10933586525673096,5.27,KERVILCO,3.537696251960124,179.90089536488338,8.402717044312151,1.4508465652402942,-7.575178545099152,348.5900173156155,1.1653688605214665,0.1604212819481189
2020-11-09,0.0744811681729913,3.59,KERVILCO,0.0,288.25276541496487,8.402717044312151,0.0405340907782041,-11.123329686847198,263.5514676903715,0.7336028780884754,0.0968027679266813
2020-11-10,0.07012433103752384,3.38,KERVILCO,0.0,236.9915058595131,8.402717044312151,-5.006499949430259,-13.79249144995226,211.91263819961063,0.98236996701845,0.1292133374595054
2020-11-11,0.11120308117193131,5.36,KERVILCO,0.0,328.1194062836099,8.402717044312151,-1.5913972974189,-14.877180811815474,193.2527045463549,1.211666827586474,0.2066776458227171
2020-11-12,0.10290434377104091,4.96,KERVILCO,0.0,295.31020881546465,8.402717044312151,-0.3355306031699407,-11.964955577969036,244.58315371518165,1.361402262864163,0.2358630348827148
2020-11-13,0.08423218461903752,4.06,KERVILCO,0.0,337.7596523521912,8.402717044312151,3.793496396695432,-10.4927051101547,275.07869321027147,1.5446507710196025,0.3110888126161166
2020-11-14,0.07282142069281322,3.51,KERVILCO,0.0,312.4356271523469,8.402717044312151,0.8876017422831003,-11.820417262445426,247.2890750752611,1.128182070708934,0.1545788833924107
2020-11-15,0.0952280116752173,4.59,KERVILCO,0.0,372.2695495507981,8.402717044312151,5.338723169365309,-12.29232041404425,237.5550893127477,1.8943662149633,0.3173648204930527
2020-11-16,0.10954333369175323,5.28,KERVILCO,0.0,293.0043324074497,7.910611626540662,7.388061302028985,-4.829579704672855,426.5503788599258,2.101697083110759,0.4883551284041582
2020-11-17,0.10684624403646387,5.15,KERVILCO,0.0,308.7872752647607,7.025411780991414,9.389468237197857,-3.889184733174343,457.3557112241466,1.7153938377936124,0.6315470343322228
2020-11-18,0.09211598514988341,4.44,KERVILCO,0.0,266.7522453655161,5.320145428991926,9.943131994492626,-1.4144983539696023,550.7466574462575,2.454650458518069,0.5787141842247623
2020-11-19,0.07406623130294678,3.57,KERVILCO,0.0,262.256637927153,3.9336750887294425,9.190760343754173,-1.8989218349548185,531.4104720928686,2.2080030574730665,0.5240524364917681
2020-11-20,0.07385876286792453,3.56,KERVILCO,0.0,280.4047102642388,3.101684800622117,8.928704548158178,-3.257303911700812,480.3893385395221,1.403141310336305,0.3993946923114254
2020-11-21,0.0692944572974348,3.34,KERVILCO,0.0,240.81521861393168,2.8453139762167985,5.349254262895221,-4.8712402024462245,425.4386389146752,1.2547369521055598,0.2761282467187763
2020-11-22,0.06390027798685606,3.08,KERVILCO,4.014639781876565,220.59587982706825,6.859490892033519,4.875244082406788,-7.491105783997645,348.17116532489666,1.297860289361013,0.3128215401818291
2020-11-23,0.06784217825227899,3.27,KERVILCO,3.3726974242356604,140.39870134081795,5.659294197918042,4.019277218605912,-3.1408126221009054,484.6993280023409,1.1533326682745015,0.238115203081183
2020-11-24,0.06224053050667798,3.0,KERVILCO,9.96945129380695,205.6278190266245,15.628988365449308,1.9372579795358784,-8.921495125823787,311.2921304067104,0.4897374567501653,0.0505647066914154
2020-11-25,0.08112015809370363,3.91,KERVILCO,0.0,326.5950180957022,15.628988365449308,2.1218282272167435,-11.949775050782966,244.6943951497867,1.266962827654283,0.2390672510244307
2020-11-26,0.14564284138562644,7.02,KERVILCO,0.0,273.6746893039199,15.628988365449308,-0.0774153920130955,-10.825935924752558,267.7553997752569,0.8969950991293179,0.1885757551550733
2020-11-27,0.10228193846597414,4.93,KERVILCO,0.0,323.441103405867,15.628988365449308,1.523286407916011,-12.343415192687244,237.0315660053528,0.869102518787234,0.215435094065541
2020-11-28,0.08568446366419334,4.13,KERVILCO,0.0,344.86641111498,15.628988365449308,2.184004192142883,-13.81213273551753,210.39706543726336,1.4044424312721102,0.2923586588004699
2020-11-29,0.1195018185728217,5.76,KERVILCO,0.0,330.17268169644626,15.628988365449308,1.2209783337869238,-13.490509416278652,215.9295066444297,0.911903086656628,0.2298129797522302
2020-11-30,0.13049764562900149,6.29,KERVILCO,0.0,316.9056859736966,15.628988365449308,0.1790486150936434,-13.617966826904368,213.6974200286516,1.229869235526274,0.2724172248253747
2020-12-01,0.11701219735255458,5.64,KERVILCO,0.0,248.94642944173447,15.628988365449308,-4.508739482043036,-14.160828943034543,204.40657964945515,0.793694048541774,0.1193351301637542
2020-12-02,0.18506184403985584,8.92,KERVILCO,0.0,271.4389471913657,15.628988365449308,-5.939026328102055,-16.60697975417651,166.80899127875023,0.6137466386006698,0.1081780963712608
2020-12-03,0.1728212063735425,8.33,KERVILCO,0.0,350.56256286005686,15.628988365449308,0.8401001594567844,-16.402020544947245,169.71328602571518,1.2597184989072416,0.2630491459085233
2020-12-04,0.10435662281619675,5.03,KERVILCO,0.0,342.6372032433373,15.628988365449308,4.790613963549943,-12.02540677795989,243.2096602015993,1.3970050799113176,0.4115896311632501
2020-12-05,0.09336079576001696,4.5,KERVILCO,0.0,321.0980252983177,15.628988365449308,6.044918304076628,-8.757783112575606,315.32485181989944,1.3650261033121234,0.4417443670991186
2020-12-06,0.13070511406402374,6.3,KERVILCO,0.0,334.6540237583656,15.628988365449308,5.761104125563374,-10.59060963717662,272.83936285061003,1.8623040657996155,0.4486453046870428
2020-12-07,0.08443965305405979,4.07,KERVILCO,0.0,328.329937275577,15.628988365449308,6.979206692807103,-9.032128736447676,308.61237236216664,1.284156916113822,0.5629170394127059
2020-12-08,0.06265546737672249,3.02,KERVILCO,0.0,327.34543644680195,15.628988365449308,8.418927471957698,-7.8479055583839985,305.4812834030944,2.1456456902554657,0.6390273145306611
2020-12-09,0.04211609230951876,2.03,KERVILCO,0.0,301.861188400272,15.628988365449308,5.068634003403781,-8.872993892554037,282.07853075349703,2.081634547646076,0.5602013308092868
2020-12-10,0.07261395225779096,3.5,KERVILCO,7.014497002231626,170.2459998844047,22.64335875793454,0.9456966468400952,-8.544607857952364,320.6452314989891,1.0226115657384256,0.2927004114844106
2020-12-11,0.061618125201611196,2.97,KERVILCO,3.5224704600853016,216.38429527794284,26.1663478048291,-1.65258561196468,-14.666832073988934,196.08851327204616,0.4048717229723365,0.0460027945539229
2020-12-12,0.03941900265422939,1.9,KERVILCO,3.5011274159313635,207.7093005870124,29.66739813432786,-5.6916644988228695,-17.665240374703462,152.57326390046586,0.3600046670911699,0.0455445740114713
2020-12-13,0.040041407959296164,1.93,KERVILCO,0.0,321.3090079110387,29.66739813432786,-3.773986233914697,-19.12342747524572,134.70859212749377,0.720225623078737,0.1174133958162407
2020-12-14,0.07012433103752384,3.38,KERVILCO,6.16041428749821,222.4094702955577,35.82823185823764,-2.1673395257080093,-15.859139107415409,177.5844120115636,0.6238893967774274,0.1307251019353938
2020-12-15,0.12634827692855627,6.09,KERVILCO,0.0,302.264369346525,35.82823185823764,-2.8532521421312467,-16.499239553473306,168.32039092807364,0.6794516046316327,0.0979015673569459
2020-12-16,0.15207436287131654,7.33,KERVILCO,0.0,317.1407442110984,35.82823185823764,-1.822693422058372,-16.84007146594838,163.58754948334257,0.905780176190758,0.1360577009827784
2020-12-17,0.11265536021708712,5.43,KERVILCO,2.882933672519893,245.9216451000991,38.71054278349567,0.5743705702904744,-15.05364018782003,189.88573392517884,1.02889422005986,0.2192649170163784
2020-12-18,0.09543548011023954,4.6,KERVILCO,0.0,219.51514242245293,38.71054278349567,-3.49412931434676,-12.462875138733068,234.88991781750565,0.6227280329790797,0.0970387008058622
2020-12-19,0.08402471618401526,4.05,KERVILCO,0.0,239.62413344031452,38.71054278349567,-3.782118764115167,-13.846231735429804,209.74791806311683,0.8896509243511278,0.1330980656488236
2020-12-20,0.08070522122365911,3.89,KERVILCO,0.0,262.53503642907805,38.71054278349567,-0.7484626147495891,-12.079738748930035,242.14433948564707,1.4557119647792758,0.2502595553593185
2020-12-21,0.09439813793512825,4.55,KERVILCO,0.0,281.70150397339665,38.71054278349567,3.692678783297804,-8.856770150614105,312.8973773109477,1.42692755218798,0.3164067774414045
2020-12-22,0.07904547374348103,3.81,KERVILCO,1.87223652122715,270.8499902699388,40.58291863723942,0.917427704126473,-13.005910977504527,224.7072607843116,1.1311736560527164,0.2082609583614317
2020-12-23,0.07282142069281322,3.51,KERVILCO,0.0,250.80079373843367,40.58291863723942,-9.62416058721838,-20.353174965146227,121.1746137546091,0.5465774915090699,0.0703364275625206
2020-12-24,0.06535255703201187,3.15,KERVILCO,0.0,341.6528417681153,40.58291863723942,-1.6744896951505124,-19.677308517130584,128.44341113053164,1.289860563946066,0.22070113883255
2020-12-25,0.12385865570828916,5.97,KERVILCO,0.0,318.2214488005076,40.58291863723942,3.183649130214419,-12.440747017225869,235.17964398317864,1.330917428902139,0.3527842705630451
2020-12-26,0.05580900902098792,2.69,KERVILCO,0.0,291.0461864970948,40.58291863723942,2.430371707776816,-11.049888205898768,263.0334161727513,1.5530631331404792,0.3442251498762818
2020-12-27,0.08091268965868137,3.9,KERVILCO,0.0,165.8987871403425,40.58291863723942,-2.9041482780000654,-9.73912516637061,291.902833889663,0.8208778336009966,0.1459518815252389
2020-12-28,0.18008260159932157,8.68,KERVILCO,13.720455236543792,131.15784920599174,54.30366077532902,-3.043958271449468,-10.044982163490603,284.9291623541331,0.5460783432638432,0.0818285587394695
2020-12-29,0.099792317245707,4.81,KERVILCO,0.0,260.5014112051789,54.30366077532902,-4.852813875269388,-15.458809011680932,183.87485940445845,0.3910152797531216,0.0448810348129726
2020-12-30,0.0713691416476574,3.44,KERVILCO,0.0,313.7228336771539,54.30366077532902,-6.136980470161201,-19.991957949186173,124.9917789223246,0.7029483236947923,0.1148880228114118
2020-12-31,0.06763470981725674,3.26,KERVILCO,0.0,305.92508970432436,40.47432267623418,-4.000693318522602,-17.160761511300848,146.8016651424329,0.7111576981506575,0.1477797735698278
2021-01-01,0.06742724138223447,3.25,KERVILCO,0.0,298.1273457314948,26.644984577139347,-1.864406166884004,-14.32956507341552,168.6115513625412,0.723889388376328,0.1529103870422748
2021-01-02,0.06701230451218995,3.23,KERVILCO,0.0,263.1468291192368,26.644984577139347,-4.272748330512868,-14.669390059061714,172.89249744296595,0.7291071864129431,0.1103417519851267
2021-01-03,0.06638989920712317,3.2,KERVILCO,0.0,326.88346097441644,26.644984577139347,-0.1390586008613829,-14.674529939994036,153.4796229070492,0.9832917487679622,0.1477784436341252
2021-01-04,0.0641077464218783,3.09,KERVILCO,0.0,322.1100482715354,26.644984577139347,0.635325277181291,-13.423443452335508,168.8149593356191,1.093960289947047,0.2332025540368513
2021-01-05,0.0657674939020564,3.17,KERVILCO,0.0,294.21055313145393,26.644984577139347,-1.324727960572171,-13.379697178529666,178.48646259590302,0.8911217586664366,0.1410109474719481
2021-01-06,0.06244799894170023,3.01,KERVILCO,0.0,319.89053101304944,26.644984577139347,-1.450607637650064,-15.12141428294942,151.0031660144125,1.143702386925136,0.1960417297741429
2021-01-07,0.061618125201611196,2.97,KERVILCO,0.0,342.64285730229483,26.644984577139347,2.192071484042136,-13.395965195762106,158.81210083752194,1.3643605830701069,0.2674217162143253
2021-01-08,0.06182559363663345,2.98,KERVILCO,0.0,327.1176007968258,26.644984577139347,-0.495316963602237,-14.476876310356324,156.043480244402,0.8780439758906926,0.1982110407185957
2021-01-09,0.06618243077210091,3.19,KERVILCO,0.0,265.7018812754037,26.644984577139347,-4.482408907920373,-14.626315942568608,173.18401754685905,0.464130979476485,0.0638421352800613
2021-01-10,0.06037331459147764,2.91,KERVILCO,0.0,330.5633714382733,26.644984577139347,-4.74574690834464,-18.66503386167293,116.59560657790776,0.4929852644074861,0.0705470696721645
2021-01-11,0.05394179310578758,2.6,KERVILCO,0.0,362.59495607954767,26.644984577139347,-1.7016931224323932,-18.62414531708399,100.63631364923243,1.065079380595495,0.2211250861461006
2021-01-12,0.051452171885520454,2.48,KERVILCO,0.0,350.5294980426179,26.644984577139347,0.4285401492131519,-15.038773738327556,131.09855747276853,1.4059132645401575,0.2654141295111313
2021-01-13,0.09626535385032858,4.64,KERVILCO,0.0,343.32192724658944,26.644984577139347,2.3077095559453897,-12.382611186051108,150.78883096154755,1.5626102304510985,0.2555122937940052
2021-01-14,0.2199165411235955,10.6,KERVILCO,0.0,238.3269831235428,26.644984577139347,-2.4191674120763373,-11.14258223737339,214.3344278552958,1.290063570543104,0.1749762077683962
2021-01-15,0.26555959682849267,12.8,KERVILCO,0.0,343.3879467273392,26.644984577139347,2.0696499360704403,-12.281017592161858,151.11705324616565,1.803324333653744,0.2698475923815019
2021-01-16,0.07053926790756837,3.4,KERVILCO,0.0,357.680300195397,26.644984577139347,2.9436814069930417,-12.460391337976835,140.80196546577605,1.4324514985834285,0.2261332398153002
2021-01-17,0.07614091565316938,3.67,KERVILCO,0.0,347.48559757270874,26.644984577139347,2.68539782430803,-11.63309040880732,153.43257006632223,1.6746830246634257,0.2780316851765124
2021-01-18,0.08360977931397075,4.03,KERVILCO,5.055768177864822,217.8883036969882,31.699857611921345,0.7515290653131192,-10.097908590300973,236.2229333688232,0.86295962761906,0.1338264954320298
2021-01-19,0.08630686896926013,4.16,KERVILCO,0.0,287.8499120627421,31.699857611921345,-4.601867486028593,-14.903299373238143,160.96081414606243,0.5680509944937325,0.0699391030869759
2021-01-20,0.08900395862454949,4.29,KERVILCO,0.0,309.2025845125787,31.699857611921345,-1.6422824563847136,-13.008959082405775,174.41421949019673,0.931067184721038,0.1448637304870897
2021-01-21,0.0946056063701505,4.56,KERVILCO,0.0,275.76354584464315,31.699857611921345,-0.859543769151676,-10.629675523861328,217.15138086409925,1.0491032060567351,0.1642940341960189
2021-01-22,0.09896244350561796,4.77,KERVILCO,0.0,269.383839732688,31.699857611921345,-0.9860696811231472,-10.366308970497528,224.16908785912136,0.8769159021165256,0.1470080871254127
2021-01-23,0.09999978568072927,4.82,KERVILCO,2.8385274930506648,252.14223157261893,34.53918441887216,-1.7245632460303857,-14.265945909900054,170.4474182316779,0.632664475619371,0.0849845266871917
2021-01-24,0.099792317245707,4.81,KERVILCO,4.461070525801317,180.28420816894803,39.00003495907723,-3.7145452600981934,-11.803229859821702,232.9317716756108,0.6380386747285213,0.0913180937296773
2021-01-25,0.22199122547381808,10.7,KERVILCO,4.897065998738246,200.4682587757551,43.89784502747461,-5.717354835620885,-14.807859625373164,183.33199801588924,0.6396792185496567,0.0831536397575679
2021-01-26,0.09896244350561796,4.77,KERVILCO,4.563762616652633,189.03751946073191,48.46149103572727,-7.3226791234552895,-15.60135935499388,179.39953023514403,0.4858973143606599,0.0543945285059842
2021-01-27,0.09024876923468306,4.35,KERVILCO,0.0,394.4860005731143,48.46149103572727,-4.196727231189037,-19.76068350772985,111.48323257350832,0.8711257464500687,0.1502801926701756
2021-01-28,0.0935682641950392,4.51,KERVILCO,0.0,387.31642257153726,48.46149103572727,2.3802605557095013,-12.493037475793365,182.20045838938844,1.407966441296686,0.2833958947521879
2021-01-29,0.11058067586686454,5.33,KERVILCO,0.4560530481074782,307.38263609243444,48.91756799193988,0.997890248445936,-9.789931108287432,256.4216808004153,1.3842933686504482,0.2557678596253864
2021-01-30,0.1257258716234895,6.06,KERVILCO,0.0,265.0663544541012,48.91756799193988,-2.752609236549058,-11.362853169175445,234.6004614065675,0.960836575041674,0.1297627366502322
2021-01-31,0.11410763926224295,5.5,KERVILCO,0.0,419.9305273594704,48.91756799193988,3.067853980364131,-14.184512671041931,150.9195705377132,1.4382349857732286,0.332004933954297
2021-02-01,0.10933586525673096,5.27,KERVILCO,0.0,383.53372255040784,48.91756799193988,3.0457458993622257,-11.006361853718968,203.2474717634664,1.5807959994303122,0.4062856464734121
2021-02-02,0.10933586525673096,5.27,KERVILCO,0.0,337.2732377378703,48.91756799193988,4.540575691048729,-6.813554634123942,291.25979611008137,1.9867957537195888,0.4124727947974317
2021-02-03,0.1080910546465974,5.21,KERVILCO,0.958289569586368,368.64244486257326,49.87635875140953,3.542329392684352,-9.13131344907475,234.8799725174845,1.575854390747539,0.2782622826472881
2021-02-04,0.10746864934153062,5.18,KERVILCO,0.0,259.0710859410097,49.87635875140953,-5.23442482343748,-13.036256041210558,212.76366887412004,1.093903702575432,0.1421560007374813
2021-02-05,0.10186700159592961,4.91,KERVILCO,0.0,294.07578258419835,49.87635875140953,-5.184247458517833,-14.037920859081291,190.4052194683752,1.0896209821772933,0.1443998518967874
2021-02-06,0.10456409125121899,5.04,KERVILCO,0.0,372.1532149567335,49.87635875140953,-1.539651594940707,-13.480523448209237,179.8058640818117,1.4028218664316443,0.189914479901309
2021-02-07,0.10518649655628579,5.07,KERVILCO,0.0,413.88026690685416,49.87635875140953,3.15729395112342,-11.078260600231662,189.3910890353079,2.093311395197993,0.3311413962070821
2021-02-08,0.1076761177765529,5.19,KERVILCO,0.0,384.46448758363226,49.87635875140953,3.6569029239365634,-8.773295379772721,235.5067935514671,2.015793118440055,0.3454920014636193
2021-02-09,0.1080910546465974,5.21,KERVILCO,0.0,330.8997329428075,49.87605392928528,1.9085594435678923,-7.876905273325665,275.8853043829803,1.7149279521216223,0.3013986227207978
2021-02-10,0.10933586525673096,5.27,KERVILCO,0.0,400.43212815272943,49.87605392928528,2.670168047022539,-10.0095500896062,210.4339660134737,1.177920855347962,0.1855821765840009
2021-02-11,0.1087134599516642,5.24,KERVILCO,0.0,374.8150973565479,49.87605392928528,2.22084223377418,-8.924607120208117,239.5524042479937,1.528015719527655,0.2439948730888488
2021-02-12,0.10269687533601865,4.95,KERVILCO,0.0,344.9473187959213,49.87605392928528,1.971403283239888,-7.666787135414994,276.3158425969025,1.236697618927458,0.1924644770189782
2021-02-13,0.099792317245707,4.81,KERVILCO,14.093315064881292,276.01421085639606,63.96886829699795,-1.4568157467079597,-11.911274468124043,225.065765006638,0.635183516603822,0.0509507164262647
2021-02-14,0.09709522759041762,4.68,KERVILCO,6.051612919965509,322.4974433269554,70.02036017276083,-6.394258404891983,-19.637471633585665,129.52656773386977,0.5672323864256698,0.0578386737834852
2021-02-15,0.08879649018952725,4.28,KERVILCO,4.176455349482808,337.41230179893734,74.1976283121885,-5.3154041465874045,-19.30490797137482,131.30808644845186,0.9570496873384958,0.1128854272531763
2021-02-16,0.08340231087894846,4.02,KERVILCO,4.09040865076667,325.61519724533093,78.28770550475267,-3.819951753549531,-16.536359395724105,165.45126534047802,1.0910152957338746,0.1427393420337679
2021-02-17,0.07946041061352555,3.83,KERVILCO,0.0,479.7231723333112,78.28770550475267,-1.8862194218796933,-17.059549144617808,148.63337328753647,0.931719400617653,0.1256876628845807
2021-02-18,0.07157661008267968,3.45,KERVILCO,0.0,479.3553900101599,78.28770550475267,-3.039689192973906,-18.113001218013,137.85867206824452,1.0041130088672106,0.1231193623506866
2021-02-19,0.06659736764214542,3.21,KERVILCO,0.0,466.75477252229166,78.28770550475267,-2.555236426520176,-16.77676823682577,150.83293511275585,1.3934311547305862,0.1844221505145774
2021-02-20,0.06597496233707865,3.18,KERVILCO,0.0,462.821403713378,78.28770550475267,1.0619170723117826,-12.824579903458304,201.5463592050984,1.6098698940829623,0.2622485092537467
2021-02-21,0.06597496233707865,3.18,KERVILCO,0.0,441.8832750061794,78.28770550475267,-4.101884817697059,-16.645597503647895,157.4824287399572,1.2885794288675496,0.1589561104352992
2021-02-22,0.06224053050667798,3.0,KERVILCO,0.0,506.9135551014692,78.28770550475267,3.661807590161921,-13.218386079581869,180.05766439626692,2.223679748114157,0.3464716639158861
2021-02-23,0.06348534111681153,3.06,KERVILCO,0.0,485.5555561344055,78.28770550475267,5.208255973482192,-10.101314464641575,228.92946817680453,2.3405477499819853,0.3796815397195867
2021-02-24,0.0668048360771677,3.22,KERVILCO,0.0,477.1075857464024,78.28770550475267,2.907077645153489,-11.676648058330697,210.3637333642996,0.7452131365802278,0.0488755783406253
2021-02-25,0.06804964668730125,3.28,KERVILCO,0.0,413.69384316660864,78.28770550475267,-1.324973543634261,-12.83019100689483,210.39686884357545,0.7586003786406582,0.0684749255509294
2021-02-26,0.07489610504303582,3.61,KERVILCO,0.0,455.335737387514,78.28770550475267,-0.9848890254780224,-13.994105351553962,186.20239678951228,1.1219693310431116,0.1323559966070601
2021-02-27,0.10020725411575153,4.83,KERVILCO,0.0,417.9309898879913,78.28770550475267,-4.518360792763448,-15.66300423736918,170.72773836307306,2.1404445669083056,0.3570759684122136
2021-02-28,0.16120297401229594,7.77,KERVILCO,0.0,499.47846958002617,78.28770550475267,-2.816854017407068,-17.767876283812495,136.37319179490612,2.3497620831432093,0.4885235061296739
2021-03-01,0.13983372520500317,6.74,KERVILCO,0.0,557.2008411648279,78.28770550475267,4.10139332532145,-16.25211705178026,131.8788814546582,2.550693821658716,0.5909869836297539
2021-03-02,0.12302878196820012,5.93,KERVILCO,0.0,524.9586866643521,78.28770550475267,5.639029972985885,-11.25724768777452,196.10293390823009,1.965119257912946,0.3527323549323216
2021-03-03,0.12593334005851178,6.07,KERVILCO,4.447203411127241,375.9210668290094,82.73498040874257,6.762093805536083,-8.667627698470463,279.4103699639365,2.0651192839008967,0.3932864056947066
2021-03-04,0.11763460265762136,5.67,KERVILCO,0.0,414.8588925773209,82.73498040874257,3.69677249669894,-7.324684372321449,313.23073452437984,1.3617283973807783,0.1579701180658556
2021-03-05,0.09792510133050668,4.72,KERVILCO,0.0,535.4317635392149,82.73498040874257,7.167384476833211,-9.819733819177372,215.4163964564684,1.807913203691033,0.3008409059878567
2021-03-06,0.0879666164494382,4.24,KERVILCO,0.0,493.3916069681461,82.73498040874257,6.590688164295808,-7.911178348139871,263.8676809177816,2.04987853366616,0.3677288613005298
2021-03-07,0.08029028435361459,3.87,KERVILCO,0.0,512.1246588593581,82.73231960694082,9.153910366041972,-6.439642938796879,277.7495783266064,2.375854396434486,0.4866586776695046
2021-03-08,0.07219901538774644,3.48,KERVILCO,0.0,414.7888294306417,81.65895277933927,7.768943786113334,-3.4434015486848195,395.2092877142022,1.8798209437395408,0.3720571679313831
2021-03-09,0.06327787268178926,3.05,KERVILCO,0.0,406.9226607085662,81.10779493921612,6.052990593278212,-4.687010732118685,364.9309719558295,2.119753068605996,0.329387708288501
2021-03-10,0.05975090928641085,2.88,KERVILCO,0.0,390.57399044447527,81.10779493921612,-1.531099134363233,-11.44795582418311,233.0935243358588,1.1586403101043006,0.13761571854946
2021-03-11,0.05850609867627729,2.82,KERVILCO,0.0,511.9945004086721,81.10779493921612,2.0562004596604857,-12.51770354023368,183.80456225870697,1.216382148527575,0.1634401503419412
2021-03-12,0.06473015172694509,3.12,KERVILCO,0.0,502.566684329511,81.10779493921612,4.3187687645271575,-9.817698887892323,220.7798078024845,1.801364321553336,0.2286283299621935
2021-03-13,0.06058078302649989,2.92,KERVILCO,18.33415290925441,299.71118223978567,99.44200780964437,1.2906944844644286,-8.708882897305834,311.2818045270712,1.170140770305902,0.1049146449654448
2021-03-14,0.058713567111299554,2.83,KERVILCO,12.084931291386171,234.24953986862883,111.5266112432016,-2.4184938910070497,-9.806262357037165,290.6428818546719,0.9318591760643342,0.0662257493415976
2021-03-15,0.058713567111299554,2.83,KERVILCO,3.323677742645065,400.0639218727741,114.8507445930328,0.9447319667178556,-10.50977474347331,262.4701313370299,1.5348108243729637,0.1659482208422022
2021-03-16,0.05746875650116599,2.77,KERVILCO,7.266792091814432,307.1720691239281,122.11725463212174,1.5723396940697,-8.266225405911364,326.70129541985665,1.5790988841210267,0.1854590533208198
2021-03-17,0.057883693371210514,2.79,KERVILCO,0.0,530.5037419754339,122.11725463212174,3.7573611555526014,-10.037447686417678,260.80670776753084,1.5796612498010565,0.1932348352971757
2021-03-18,0.058713567111299554,2.83,KERVILCO,0.0,614.477494344819,122.11725463212174,8.815478342693577,-10.017625027300138,230.58178896626467,1.9766297002492592,0.3052234498177197
2021-03-19,0.07946041061352555,3.83,KERVILCO,0.0,566.8706115700317,122.11428295642118,9.41961930739154,-6.262472454321244,316.135346197272,2.459824964546419,0.4302558916876001
2021-03-20,0.09543548011023954,4.6,KERVILCO,0.0,571.9586179386158,122.01551476259888,9.546451406309735,-6.205904636092363,313.3894807690451,2.857349172907421,0.4897647399040892
2021-03-21,0.08734421114437142,4.21,KERVILCO,4.590984668958914,362.2521664535442,125.97975466903613,5.011363691253986,-6.806136224683299,361.0944489003704,1.781531394660535,0.2238747463384478
2021-03-22,0.07780066313334746,3.75,KERVILCO,3.691842871058829,358.9583614573163,129.67152342990389,2.7265858182648945,-8.67568169553793,316.7070008461608,1.4638081903263425,0.1478952449141757
2021-03-23,0.08195003183379267,3.95,KERVILCO,13.306889638151493,368.92085806424,142.97765635856987,1.215674022321838,-10.374287075403112,277.5545789250153,1.3898605572269318,0.1376430064661424
2021-03-24,0.08049775278863684,3.88,KERVILCO,6.365069736692896,378.2068017959151,149.34290240095058,2.027234025994997,-9.774606773878768,292.1998303161319,1.025074046775429,0.0726208786433734
2021-03-25,0.07406623130294678,3.57,KERVILCO,0.0,442.9434870550794,149.34290240095058,-0.5816944465506654,-10.258584082152405,276.6280453696449,1.311723389402134,0.1092838835542547
2021-03-26,0.08879649018952725,4.28,KERVILCO,2.958167781080409,395.468587553381,152.30081955920295,0.4448124816545323,-10.901569678412034,263.22059508824424,1.4898605741624178,0.1530175369843671
2021-03-27,0.16825690080305278,8.11,KERVILCO,0.0,579.8749634918328,152.30081955920295,3.891351363541665,-9.987436022553313,263.7058032305165,1.9327875780649093,0.2264922966185847
2021-03-28,0.377592551740513,18.2,KERVILCO,0.0,638.0024387151055,152.30081955920295,7.6458783554263645,-9.178876918435895,255.5839266956501,2.837662608709746,0.4138534512322601
2021-03-29,0.42738497614585547,20.6,KERVILCO,0.0,579.45923607114,151.6649456081928,9.588978449487715,-4.48586604896748,373.4314353932462,3.230488197993353,0.4862344031502357
2021-03-30,0.3236507586347255,15.6,KERVILCO,0.0,626.6900154888873,151.6649456081928,2.780979011174722,-12.98824666479512,203.33881224347,1.666600121895941,0.1850623926193376
2021-03-31,0.11161801804197584,5.38,KERVILCO,0.0,702.6260151220301,151.6649456081928,7.039515481344742,-14.47188184090825,160.60331008097194,2.417949465419096,0.3569521848623703
2021-04-01,0.15684613687682847,7.56,KERVILCO,0.0,673.2625966074146,151.6649456081928,11.204038124132715,-7.689780705796515,254.06929565817617,3.041036912912633,0.6361868167644711
2021-04-02,0.19336058144074625,9.32,KERVILCO,0.0,653.5738476970337,151.05136056048062,13.159684530713074,-4.53869356860266,318.62770925890425,3.722102444809229,0.764266083505974
2021-04-03,0.23443933157515373,11.3,KERVILCO,0.0,628.032213370815,149.21108926836104,14.818979378091855,-1.6186356488601017,395.98054239392985,3.0729226979244286,0.8246334532640811
2021-04-04,0.2593355437778249,12.5,KERVILCO,0.0,584.5162424247027,146.90712309637377,13.788054958682563,-0.5140148399690972,451.0379908517501,3.5584340202626312,0.8184679374175635
2021-04-05,0.27385833422938305,13.2,KERVILCO,0.0,596.8531880365551,144.81016651549749,13.746592107618406,-1.007508902144168,429.276785176057,3.893500996978386,0.8316714891554022
2021-04-06,0.28423175598049605,13.7,KERVILCO,0.0,599.0596832816667,144.7362161289614,7.632843471423136,-6.62347009783279,302.70532646787245,3.189138487251638,0.4521230544620599
2021-04-07,0.2593355437778249,12.5,KERVILCO,0.0,621.2938112203884,144.6930322476042,8.492496063402143,-6.744201187397065,290.9304674576414,3.435732600581908,0.4795730552613121
2021-04-08,0.24066338462582149,11.6,KERVILCO,0.0,662.0555419535978,143.98291859705,13.38672093033478,-4.308992717671582,316.5713969992263,3.776180492098497,0.5965728309225043
2021-04-09,0.22199122547381808,10.7,KERVILCO,0.0,623.6189442730074,143.5177391303335,10.776166506826907,-4.894088718888049,323.9595927645658,3.489151750831596,0.4764114262381274
2021-04-10,0.21369248807292773,10.3,KERVILCO,0.0,641.3418134971333,143.5125495227957,10.35777115773442,-6.244536623971117,288.94553844493424,3.632401599546372,0.5588692509659137
2021-04-11,0.22199122547381808,10.7,KERVILCO,0.0,631.4822307326571,142.86124294342318,11.741596942915706,-4.447402743427478,326.83453526140966,3.853126364378504,0.6298622403141746
2021-04-12,0.2323646472249311,11.2,KERVILCO,0.0,582.103761388436,142.29578989145784,9.369366048144082,-4.654606165518907,345.4440193208006,3.4522678157794604,0.5891204848521079
2021-04-13,0.21576717242315033,10.4,KERVILCO,5.0275228785411725,381.4844275910559,143.94053925541542,6.119154099580919,-5.535715628827038,395.3231490820262,2.166616719525403,0.2696459315535486
2021-04-14,0.19833982388128046,9.56,KERVILCO,0.0,619.5075206458915,143.37289395630168,10.746933552569145,-4.800821594325429,332.82358226793275,2.672313730052886,0.3253791933894567
2021-04-15,0.1943979236158575,9.37,KERVILCO,0.0,546.7280642601588,143.2249357960973,6.5388885417804445,-6.218869599918056,333.168217230984,2.4449502764230235,0.2880067246353395
2021-04-16,0.17800791724909898,8.58,KERVILCO,11.436726214631747,416.2270646858351,154.57861768127125,4.050551392560728,-8.87814345559258,312.507266277902,1.6734218516804715,0.194386544864704
2021-04-17,0.17883779098918803,8.62,KERVILCO,3.644153930590216,366.9959162370342,158.22384634414954,0.1330085537463901,-10.297279635244015,279.55301556252886,1.2815912702008936,0.0919330491588025
2021-04-18,0.18734399682510067,9.03,KERVILCO,0.0,662.348162889933,158.22384634414954,4.904203197308767,-11.561730380891497,217.219433813713,2.276749552428784,0.2921480117977797
2021-04-19,0.1593357580970956,7.68,KERVILCO,5.389016336182589,506.2481629323818,163.61204891224523,8.791545731775942,-8.721085499274803,288.8117490498493,2.8261555505510567,0.3601357731160529
2021-04-20,0.1641075321026076,7.91,KERVILCO,0.0,661.8297613986236,163.61204891224523,4.913182599529213,-11.469819640935569,219.0774251821017,2.2025057295944315,0.2437982099073539
2021-04-21,0.1541490472215391,7.43,KERVILCO,0.0,665.1868290113678,163.61197269217945,8.520126453735545,-8.26022730579448,266.65109054038874,2.185497955912413,0.2461688439369654
2021-04-22,0.14107853581513674,6.8,KERVILCO,2.4533213468396267,442.9873578137381,164.26720385967025,6.7710079844511855,-5.584223485818889,381.53761591033367,2.604815132086149,0.3421716368025636
2021-04-23,0.136514230244647,6.58,KERVILCO,0.0,495.2406555391073,164.0729093901675,5.246034742757359,-5.62400686755553,377.54313643368783,2.500858574467989,0.3094472703968506
2021-04-24,0.13257232997922408,6.39,KERVILCO,0.0,638.3403084547936,163.8766980215157,10.338068611216991,-5.531633548381774,324.0893457674283,3.609979702745564,0.5484772546777852
2021-04-25,0.1599581634021624,7.71,KERVILCO,0.0,570.3066798821966,161.43954962740915,13.396986112004008,-0.1978316867676272,482.9133262201409,4.732747635196038,0.8181724384982932
2021-04-26,0.20622362441212636,9.94,KERVILCO,0.0,582.2085941976442,159.67590038290302,11.886485008061909,-1.8005527232957603,422.177608777765,4.239209980374545,0.6852670365242923
2021-04-27,0.21576717242315033,10.4,KERVILCO,0.0,572.1680124166115,159.24491212965518,7.797721879739566,-5.211864822228448,342.96303386294085,2.828970745896617,0.4057735143675828
2021-04-28,0.20352653475683696,9.81,KERVILCO,0.0,636.058401986155,159.09809399942756,9.427078655216643,-5.912006263197221,298.7049676514892,2.253512345274008,0.3073638160397681
2021-04-29,0.22199122547381808,10.7,KERVILCO,0.0,695.9067994159279,158.43967638005918,13.990752423862023,-4.431431565053538,295.280155809607,3.4645935434465405,0.6412678426769721
2021-04-30,0.29460517773160905,14.2,KERVILCO,0.0,664.040966534463,155.91965744809647,16.948568460013142,8.51880354872942e-05,405.6081897686978,4.0275531450066415,0.9323500076080812
2021-05-01,0.4149368700445198,20.0,KERVILCO,0.0,705.0469680222009,153.619194806116,18.486519381462944,-0.5216771477098212,364.73205799469525,4.864174266856568,1.023996202149394
2021-05-02,0.5248951406063176,25.3,KERVILCO,8.082328675063074,585.2920713426905,151.08697991010806,16.226377222479364,0.027907889490003,444.3739718761877,4.239576024416659,0.6886093605725381
2021-05-03,0.5788369337121051,27.9,KERVILCO,25.16235996212191,249.5977724531099,149.6168284123442,4.244118665114469,-2.50036404885158,509.8038124962143,1.7585105379109125,0.1137120224917775
2021-05-04,0.543567299758321,26.2,KERVILCO,0.0,530.4564928251124,148.75375482907597,7.500182682371177,-3.975796167189847,417.7036270010092,2.737306569500148,0.2995860366983972
2021-05-05,0.502073612753869,24.2,KERVILCO,0.0,696.4060111157388,147.54986828939877,14.818761042368674,-3.135031761252294,365.793176992789,3.815177504399316,0.5230567960754052
2021-05-06,0.48340145360186565,23.3,KERVILCO,0.0,731.8741768489826,146.35379656017065,17.495144966648237,-3.151221262679149,343.6745499437659,4.684103671574028,0.8934145291721692
2021-05-07,0.543567299758321,26.2,KERVILCO,0.0,656.3893609278127,144.08536591907017,15.793363580275,-0.5989937090149213,448.5462098780623,4.326428377760424,0.9238191657957154
2021-05-08,0.6203306207165571,29.9,KERVILCO,0.0,592.3904546901615,141.96286011211868,12.718523194407403,-0.947068984123202,475.7512683800496,4.077072292202338,0.5694286309212149
2021-05-09,0.6431521485690057,31.0,KERVILCO,0.0,585.6757005258219,140.93573898691682,9.644095973045651,-3.5525955811803915,408.5892896728068,3.3428538236033805,0.4218461883006203
2021-05-10,0.6203306207165571,29.9,KERVILCO,0.0,540.4140654104981,139.86810860651784,8.25408708454587,-3.457819370845643,427.4934839928616,2.554956587954594,0.3701281145392058
2021-05-11,0.5746875650116599,27.7,KERVILCO,0.0,580.7083347672564,139.56328270514751,7.303406895371287,-5.465052092508929,360.769389879612,2.69073574513089,0.3154244496325027
2021-05-12,0.5560154058596565,26.8,KERVILCO,0.0,717.9672379363125,139.12735041446695,14.096656325668638,-4.964030138438901,313.8903250958154,4.038917213123989,0.6118195777066177
2021-05-13,0.5850609867627728,28.2,KERVILCO,0.0,667.7890124812719,137.3241929335466,15.060225282222046,-1.7067318889076142,410.3653184808807,4.736601131195864,0.8081135515928516
2021-05-14,0.657674939020564,31.7,KERVILCO,0.0,613.0734366343655,134.21145276593938,16.028853278616925,1.4105753558062306,533.5360733300834,4.7441116104165335,0.9224341962643816
2021-05-15,0.7012433103752385,33.8,KERVILCO,0.0,642.4748201088752,131.78972694832635,15.475362203969391,-0.2340321458321634,435.72422910207126,4.799923375824607,0.8526757754746708
2021-05-16,0.7510357347805809,36.2,KERVILCO,0.0,547.6884017710257,128.29654091929623,14.68557250434272,2.317549161941993,563.7464391487435,4.206612106575664,0.7672872852158068
2021-05-17,0.8029028435361459,38.7,KERVILCO,8.97937440764293,368.7890683402912,126.16846526513652,9.792943386471274,-0.9347049988003446,546.2353700521857,3.283298398336791,0.3808805038498896
2021-05-18,0.8547699522917109,41.2,KERVILCO,12.542548662096625,282.1454912660237,124.20962645490177,6.4447539216416665,-1.3352487424684745,552.5322199077568,2.504901636246219,0.2491055174544862
2021-05-19,0.7987534748357007,38.5,KERVILCO,6.683219822459657,480.2442286802621,121.9225299997436,15.028412347291974,-0.5545259706510142,517.5477131147965,4.282902400992103,0.6692575945786277
2021-05-20,0.7842306843841423,37.8,KERVILCO,0.0,617.7899967983302,119.10675693979232,15.119093198783546,0.7026984107296853,505.19111652545,5.002948379957721,0.813118696801853
2021-05-21,0.8008281591859232,38.6,KERVILCO,0.0,529.6977069645665,116.09610796569768,12.591238180209208,1.169586369310662,577.4851646102179,3.8028551180594135,0.5522245494626189
2021-05-22,0.8609940053423786,41.5,KERVILCO,16.50287707889462,481.3435355685941,112.96925632396132,17.278462006999654,1.4441409615234435,597.1915510640374,4.550607344492603,0.6286589396737357
2021-05-23,1.2800802440873438,61.7,KERVILCO,0.0,654.1553694656584,111.23914781459646,14.218211083407253,-1.88036605126568,436.1820637734456,3.797690570074796,0.4536947167569089
2021-05-24,1.0643130716641933,51.3,KERVILCO,0.0,708.1924087510706,110.10212479545798,15.915551931734056,-3.2924145642011124,368.60168759150304,4.976523319412074,0.8429213577505159
2021-05-25,1.082985230816197,52.2,KERVILCO,0.0,703.4636247610833,108.4815993847726,17.10915810441991,-2.128621694064392,398.2663963459792,4.869611686955855,0.8528864273239204
2021-05-26,1.1265536021708713,54.3,KERVILCO,0.0,623.5571376458685,105.6214792834182,16.204270150228204,0.8725653025334525,531.4831845971306,4.834624404094172,0.8337549488459813
2021-05-27,1.1099561273690906,53.5,KERVILCO,0.0,601.730618250691,102.59059797058944,16.155629114796685,1.2695910299162692,555.7749597575399,5.162596895398722,0.9141183323516792
2021-05-28,1.1265536021708713,54.3,KERVILCO,0.0,602.7326503237141,98.98429880732172,17.612854855171094,2.6516565214055987,605.3360074027312,5.187571082090261,1.060325442366162
2021-05-29,1.1307029708713163,54.5,KERVILCO,0.0,637.808030151233,95.4787818799935,18.70892252025063,2.4095780388661767,572.4543576111854,5.169019304501277,1.034660075296837
2021-05-30,1.1493751300233197,55.4,KERVILCO,3.746569494317128,411.7922284496728,92.47961838210246,14.059865489854484,1.2130867512450692,647.8776516201757,3.9872816019869712,0.5606731748125534
2021-05-31,1.0954333369175322,52.8,KERVILCO,3.157737829701793,309.9899534885748,89.99041687588209,8.535350606142474,-0.0040787328505088,611.0372848132461,2.779967400703267,0.2328165430184002
2021-06-01,1.0435662281619673,50.3,KERVILCO,3.943686400898714,495.5085111972652,87.97441716611627,16.159184009579548,-1.0952527347735437,523.1951889693609,4.116545192953602,0.5934208498991317
2021-06-02,0.9336079576001696,45.0,KERVILCO,1.6422857757194012,535.4362135192114,85.21238327537303,16.149472544940707,0.7218874575959047,579.3255565067383,4.023902672348133,0.7368823002330525
2021-06-03,0.9273839045495018,44.7,KERVILCO,0.2426162227422464,641.3676565857738,81.6558623829442,19.59505673901324,2.696419741285371,591.9059317442411,4.687165105970826,0.8318714914014546
2021-06-04,0.9543548011023956,46.0,KERVILCO,0.0,659.3644637409046,78.07991040959297,21.047267985920715,2.9361329157813967,585.4515298886103,5.505217785930631,1.1572603224986031
2021-06-05,1.0269687533601866,49.5,KERVILCO,0.0,633.0552049451318,73.75546515790846,21.83772853362469,4.987351501314483,687.3565447507955,5.541532792353537,1.1866247442842806
2021-06-06,1.0995827056179774,53.0,KERVILCO,0.9435193528827864,593.4972876838541,69.61836255289728,20.729173726731823,4.854114359141006,710.6423594943936,5.237868870797401,1.0213144303899389
2021-06-07,1.143151076972652,55.1,KERVILCO,0.0,619.7670948360771,65.80163875427496,20.698648287418425,4.090374704303966,660.0846925156433,5.351322806570553,1.1522634834411134
2021-06-08,1.0497902812126352,50.6,KERVILCO,0.0,624.588896976946,61.79155656671119,22.21310971557652,4.932746325049804,690.2771940248779,6.359548724053493,1.3639123400833866
2021-06-09,0.9854750663557346,47.5,KERVILCO,0.0,642.2747333703442,58.36733981249262,22.30199824639087,3.732314074703123,624.6323222303498,6.026990827968729,1.3674350325341094
2021-06-10,0.921159851498834,44.4,KERVILCO,0.0,598.2753188415146,53.991888812740974,23.198175696175312,6.476185148644775,779.8942050142363,6.916086052139328,1.468453282794398
2021-06-11,0.8547699522917109,41.2,KERVILCO,0.0,599.3568394138493,50.09728396254043,21.992720794068426,5.244259759267553,721.0861599388298,6.174127289611867,1.3312452160488175
2021-06-12,0.7904547374348102,38.1,KERVILCO,0.0,637.9864437629698,46.25870850766159,24.573576904050107,5.40356061937075,651.1215270811269,6.28548129939116,1.5500485871596716
2021-06-13,0.7427369973796903,35.8,KERVILCO,0.0,621.5996505464636,41.91447489761694,26.141644507580114,7.446382815038689,717.5087350710342,6.323503425778148,1.766680987741042
2021-06-14,0.6929445729743481,33.4,KERVILCO,0.0,635.3430564524683,38.02934100496913,26.728267993440184,6.8045073357173,662.862176000019,5.827460038896402,1.9351795500778508
2021-06-15,0.6348534111681153,30.6,KERVILCO,0.0,593.3035339739338,33.53155596773649,27.502711768206023,9.498061263736982,802.6740527736151,6.415407158508027,1.910564370117412
2021-06-16,0.5912850398134407,28.5,KERVILCO,0.0,557.9652232815947,29.06649792858724,27.37906456875892,10.65521347927756,904.7806769710572,6.387807410630739,1.8599164699469584
2021-06-17,0.5622394589103243,27.1,KERVILCO,0.0,536.3759304007407,25.106331995103105,25.863958899215,9.799951086646969,885.387571389868,5.483055436033201,1.7463605006337504
2021-06-18,0.5394179310578757,26.0,KERVILCO,0.6647455976460089,507.2673254356755,22.04577595151944,22.46122635360932,7.759987999740679,814.9977945959486,5.057325846787668,1.383488083706097
2021-06-19,0.49792424405342384,24.0,KERVILCO,1.0284592810258195,547.0608581175348,19.91472584143054,22.1642817335753,5.259753409933397,664.6502280270673,6.0097767749700175,1.2357246163565687
2021-06-20,0.460579925749417,22.2,KERVILCO,0.0,572.4647949763073,17.853711906229098,23.40630593638957,5.285418095832574,627.5688268643663,6.91647861207854,1.3627173771997372
2021-06-21,0.41701155439474247,20.1,KERVILCO,0.0,495.4935863893848,15.541329658901008,21.51930951318433,6.800021281960699,759.4125058364323,6.555469030183684,1.2476540022350815
2021-06-22,0.377592551740513,18.2,KERVILCO,0.0,556.0862946768165,13.297691647199017,24.4853432579075,6.975649384562734,652.8165692907016,7.11769990217134,1.6006205807525238
2021-06-23,0.3443976021369515,16.6,KERVILCO,0.0,521.7547414664847,11.262506362660064,22.51652088332209,6.864819118589503,664.9212640147491,6.16346541808047,1.3405643746934677
2021-06-24,0.3443976021369515,16.6,KERVILCO,4.515808469296883,363.429464200004,9.74919978874608,19.380655884080262,5.270903462844143,762.6917262443399,4.952544038480051,0.8458597044699451
2021-06-25,0.3672191299894,17.7,KERVILCO,11.407773156978662,328.7618518052594,8.683280149750505,15.425322989101106,3.182926032315959,709.068087526758,4.205956533337499,0.6377464910094377
2021-06-26,0.33402418038583853,16.1,KERVILCO,14.714531674860629,312.3686399137093,7.923483695612111,13.739416975192924,2.2969032548387074,703.4243111925388,3.057142906460936,0.4442108436238289
2021-06-27,0.32780012733517067,15.8,KERVILCO,13.874152608942994,337.77597094237484,7.175885673975699,14.801718414367324,2.179816321463304,700.7517017680456,3.6868656671272144,0.4453518974959944
2021-06-28,0.32987481168539323,15.9,KERVILCO,0.0,445.1067799111223,6.388959067494042,15.10132767949373,2.7573561657516774,680.3941417611711,4.096376153800831,0.5147435993183268
2021-06-29,0.2717836498791605,13.1,KERVILCO,0.0,402.635214433762,5.52614650798992,14.773205215675237,3.829857584378997,759.5028997497872,3.861202587268463,0.5627959034775407
2021-06-30,0.2676342811787153,12.9,KERVILCO,0.0,530.2466491514394,4.720382058661313,21.01232645859208,4.550892818777785,689.274827160283,4.278882584751618,0.7169218984389165
2021-07-01,0.2468874376764893,11.9,KERVILCO,5.258600041503809,366.3485278893477,3.845914631698189,21.06867765202141,6.215975836229296,901.223086786399,4.33955945462769,0.7843655781207842
2021-07-02,0.2468874376764893,11.9,KERVILCO,7.126237730643368,381.3779183674293,3.0704875148031734,22.66086915060508,6.559635304209835,915.0179957662468,4.757419032053418,0.8399633917073546
2021-07-03,0.2261405941742633,10.9,KERVILCO,0.0,528.3498554857459,2.5120202333438204,22.85229374272214,5.945518623488956,773.7772143293088,5.509843251553715,1.0932022200829217
2021-07-04,0.2095431193724825,10.1,KERVILCO,0.0,504.0198346668901,1.8625619904712765,24.276155455997632,8.432821546599444,930.3470793681504,5.511996256055971,1.221066506203469
2021-07-05,0.2095431193724825,10.1,KERVILCO,0.1767418773070115,472.0626874072379,1.2894951823602594,22.4338887205045,8.010395012283945,939.1428370455936,4.743013535159657,1.0564733118623126
2021-07-06,0.2365140159253763,11.4,KERVILCO,9.4582583091052,356.7661897463116,0.8890945388411474,22.77120563038288,7.962439534461927,1034.6459143093623,4.547089924300906,0.8403457466831884
2021-07-07,0.20394147162688148,9.83,KERVILCO,0.0,497.035968657766,0.6067075945645466,22.707716892421804,7.166293629615868,887.0600281279638,5.073198924401506,1.0311879846269107
2021-07-08,0.18858880743523426,9.09,KERVILCO,4.275029126921295,377.6757753853361,0.3953172894374039,24.22806368086454,7.8660946538145184,1020.8246327983154,5.767272272132517,1.3837556362524988
2021-07-09,0.17738551194403224,8.55,KERVILCO,0.7463062797813409,483.0303328498455,0.2054567238974383,25.45705197054292,10.18963561972494,1099.1452366954368,6.019909539590371,1.5683654452960178
2021-07-10,0.16535234271274116,7.97,KERVILCO,0.0,493.09992931856345,0.0999690511453481,23.91000570883897,8.400485859540515,974.5202456564404,6.649648901349217,1.4815247468054067
2021-07-11,0.15767601061691755,7.6,KERVILCO,0.0,508.02288161313936,0.034585871564295,22.217331874898573,6.282403581856708,843.2028587026241,5.610592029681086,1.309436618649048
2021-07-12,0.14730258886580452,7.1,KERVILCO,0.0,490.6304369394541,0.0087581109748315,22.345729580092467,7.232888742293111,911.0735210652148,5.4998968366275305,1.2784982217750165
2021-07-13,0.14253081486029254,6.87,KERVILCO,5.81146485244354,386.99533449589154,0.0046936875948481,22.96972544491341,6.3138910632479215,928.2092563633848,5.001131403351388,1.1323260531414057
2021-07-14,0.16680462175789693,8.04,KERVILCO,5.006325913770383,319.1027919782869,0.0005673688186599,17.520097502178174,5.493938284330305,903.5522202222044,3.2370903269748186,0.3943712331954863
2021-07-15,0.1589208212270511,7.66,KERVILCO,0.0,567.4268941692354,0.0,23.48383754519376,4.196941868619656,702.3925232297155,4.761934684463867,1.013238826576261
2021-07-16,0.1350619511994912,6.51,KERVILCO,0.0,458.7168523389796,0.0,21.34154307678422,7.863202550606318,968.564684394846,4.626598119664315,1.0748863278944785
2021-07-17,0.1360992933746025,6.56,KERVILCO,1.7757102950853552,434.2344458512324,0.0,23.409521525046827,7.067159476008404,923.291288366905,4.556457324105925,1.074684338136694
2021-07-18,0.13340220371931313,6.43,KERVILCO,0.0,525.9378596993834,0.0,24.0699743957814,7.258274596652464,865.9614736612797,5.431273551960087,1.159193035152041
2021-07-19,0.11887941326775495,5.73,KERVILCO,0.0,512.1291743895404,0.0,23.36816350707064,7.404581225845429,876.6208845576942,5.387927235043555,1.2575481869564225
2021-07-20,0.11307029708713165,5.45,KERVILCO,1.1609886635211035,475.6642745032827,0.0,24.23655252830189,9.09962263662983,1009.1472044968224,5.331842574592137,1.303233500756875
2021-07-21,0.11286282865210939,5.44,KERVILCO,7.695498669057444,363.5996478735986,0.0,23.28790717131127,8.284380914684872,1055.8706813935516,4.539110164182809,0.9985371602342824
2021-07-22,,,KERVILCO,13.493747290261895,378.4210619585459,0.0,23.448950647780205,7.544016501299853,1013.8090737283076,5.08931820584051,0.964821126837012
2021-07-23,0.20684602971719315,9.97,KERVILCO,17.37813277509716,378.39020225370285,0.0,23.539372054159035,7.57532425548133,1029.7103630655686,4.630687885024829,0.8757235930269917
2021-07-24,0.23443933157515373,11.3,KERVILCO,6.617286272134,257.5308255247696,0.0,17.380681226854183,8.01979901279603,1075.6475243347702,3.575042424323036,0.4355562158130511
2021-07-25,0.17344361167860928,8.36,KERVILCO,11.25462212397062,387.8818981323872,0.0,21.21918509782505,6.41609296976106,947.6244049666344,4.37182793436834,0.7643056689655555
2021-07-26,0.3236507586347255,15.6,KERVILCO,0.0,470.9026693002837,0.0,21.13512195185264,7.031311778315159,974.0173328571414,4.779068873752227,0.9462863088590304
2021-07-27,0.19647260796608013,9.47,KERVILCO,0.0,490.25132950558753,0.0,22.995699853406148,7.802072813195847,1017.7596144070542,4.909407364969459,1.1476742946813203
2021-07-28,0.17883779098918803,8.62,KERVILCO,0.0,537.6501717384809,0.0,25.52276592039474,7.316567490554755,956.0217603279992,5.772267109470826,1.3916731689945083
2021-07-29,0.16846436923807503,8.12,KERVILCO,0.0,490.523994653222,0.0,23.41188648165865,7.872384942322498,1028.348707890353,5.189175030176844,1.1111001478194047
2021-07-30,0.1744809538537206,8.41,KERVILCO,5.804142631011447,361.1012354548617,0.0,21.72459350067512,7.718129859796234,1050.04984419147,4.277305206559565,0.9180273447237948
2021-07-31,0.2510368063769345,12.1,KERVILCO,8.237338884964288,305.1117229930716,0.0,18.98271940469401,7.225295649523394,1019.8927756895312,3.655352561336037,0.6084296709526984
2021-08-01,0.2572608594276023,12.4,KERVILCO,7.808663293456981,227.89032390257208,0.0,15.197637356147569,7.017695250175886,1005.1519950182995,2.8025789916037334,0.2810275920653026
2021-08-02,0.34647228648717404,16.7,KERVILCO,7.746965791337254,266.76175919130026,0.0,16.76816749750471,7.10414065712046,1010.678865258894,3.683305044467112,0.448943795471484
2021-08-03,0.38381660479118085,18.5,KERVILCO,8.151892119931889,281.8549380776396,0.0,17.389983696531512,7.094925312118276,1009.4176194719466,3.459811657868481,0.5022195596741914
2021-08-04,0.33817354908628366,16.3,KERVILCO,0.0,504.5166919311309,0.0,20.28103063021725,4.949843605609311,856.4933508827638,4.373921058923012,0.6833453193598987
2021-08-05,0.2987545464320543,14.4,KERVILCO,0.0,529.9808174857627,0.0,22.162095104635306,5.157113891501409,852.9372469450858,4.455342601997509,1.1151529096659756
2021-08-06,0.3029039151324994,14.6,KERVILCO,1.2327676345725167,471.1812932500428,0.0,21.77384943976537,6.065365551545542,931.2560349676064,5.241083403466082,1.1695068345078297
2021-08-07,0.29045580903116386,14.0,KERVILCO,0.0,433.7050614277181,0.0,18.003594217100172,5.651921038627467,908.5264540292084,5.2938803120153874,0.935755213952605
2021-08-08,0.24273806897604408,11.7,KERVILCO,0.0,523.4903906177694,0.0,22.30167051412227,5.483224542409678,874.6322442643404,5.335715933237365,1.1633506368422113
2021-08-09,0.21784185677337292,10.5,KERVILCO,0.0,516.547142808479,0.0,23.050664122888268,6.451699797410798,936.8154796940416,5.550544125867728,1.3996785521955524
2021-08-10,0.20373400319185922,9.82,KERVILCO,0.0,529.9634821629239,0.0,24.36995943819741,6.753013216847413,949.3049540654744,5.1961132534759935,1.4006745247574148
2021-08-11,0.19024855491541234,9.17,KERVILCO,0.0,513.4431184190651,0.0,23.338925507456512,6.716422734278489,956.1455966060498,4.995164885464923,1.333991862708791
2021-08-12,0.1811199437744329,8.73,KERVILCO,0.0,507.4355026579734,0.0,22.926162190256584,6.670414959752441,958.9452203491204,4.898955200504795,1.1468580164674047
2021-08-13,0.17883779098918803,8.62,KERVILCO,9.46195465755726,349.3765164629472,0.0,21.11901732602773,6.767301932257434,986.3183305117144,4.249206322385351,0.8721752944855341
2021-08-14,0.19481286048590205,9.39,KERVILCO,9.1057212665265,383.2676306825436,0.0,23.823104969915903,6.877164809804033,993.129143186482,4.366061095036881,1.0397793710626493
2021-08-15,0.19087096022047909,9.2,KERVILCO,3.87019033349654,362.0557618800157,0.0,22.747290224192927,7.39105322909139,1029.3466324391277,4.70976667138234,1.0237699381416798
2021-08-16,0.17240626950349802,8.31,KERVILCO,0.0,508.1647057464877,0.0,20.89923391982898,4.593054834544641,842.4884613596666,4.526777807636661,0.9484343154708632
2021-08-17,0.1595432265321179,7.69,KERVILCO,0.0,537.3993442014054,0.0,24.31289484757069,5.618104887280005,883.0220143111039,4.478825991135707,1.26437789813234
2021-08-18,0.15082955226118294,7.27,KERVILCO,0.0,490.32330979717295,0.0,22.507102570951552,6.8118062677694775,977.2595215392136,4.552271111333378,1.1205507608198817
2021-08-19,0.14730258886580452,7.1,KERVILCO,0.0,435.3600477058873,0.0,18.139397630358,5.337822043968319,894.7110737856484,3.8865262595140497,0.5959655309498187
2021-08-20,0.1433606886003816,6.91,KERVILCO,0.0,460.886814858385,0.0,16.83615860874445,3.044846749812298,759.3777004913588,4.046520940928463,0.6120042639400936
2021-08-21,0.13734410398473607,6.62,KERVILCO,0.0,491.6602973543203,0.0,19.94142892631944,4.384500044760208,814.9965779935181,4.2721439167083135,0.7453359302528398
2021-08-22,0.1319499246741573,6.36,KERVILCO,0.0,507.3267451913373,0.0,23.57954277328508,6.657278962573417,938.9645766402036,5.229819229988284,1.123610208303947
2021-08-23,0.12593334005851178,6.07,KERVILCO,0.0,444.1997761134361,0.0,21.42255431702638,7.499896185453083,1017.2797221306624,5.129579732447495,1.2010412293818744
2021-08-24,0.12033169231291074,5.8,KERVILCO,0.0,473.84219196344094,0.0,21.79054471464316,6.448292221714704,939.075172564713,4.960823298968366,1.2555182825062765
2021-08-25,0.11410763926224295,5.5,KERVILCO,0.0,501.9549338857503,0.0,22.75340319792129,5.722381952752972,885.5621417304775,4.885288358389221,1.3566270564495877
2021-08-26,0.09999978568072927,4.82,KERVILCO,2.3631123839977803,383.7754231543355,0.0,22.47212648869339,6.319701850269488,947.0261275192524,4.489690896092287,1.0432737617836845
2021-08-27,0.09211598514988341,4.44,KERVILCO,0.0199148114170037,469.8976238918822,0.0,21.28529198977132,5.9995374795240215,917.2349579181376,4.717177456712364,1.0994329611686475
2021-08-28,0.08195003183379267,3.95,KERVILCO,0.0,468.5220537917165,0.0,22.5406825063804,7.044383551760174,982.2779590938894,5.336511189098751,1.3347179908006033
2021-08-29,0.08153509496374814,3.93,KERVILCO,0.0,444.5533042700294,0.0,20.922002273995744,6.713320346169135,969.2819567209376,3.8829622972801374,1.0420275536485095
2021-08-30,0.08713674270934915,4.2,KERVILCO,0.0,486.71770181446783,0.0,22.91766861402145,6.238774751863963,922.6002860891692,4.695431080488416,1.2814195884459787
2021-08-31,0.0719915469527242,3.47,KERVILCO,0.0,459.27701434884113,0.0,23.418523197415887,7.898604705263814,1043.1458200482195,4.586915592961469,1.3216638321376857
2021-09-01,0.0771782578282807,3.72,KERVILCO,5.758457278472242,260.35924290644385,0.0,17.946839417503945,7.300422940776733,1023.1118467176766,3.974766228989292,0.782068160261665
2021-09-02,0.0952280116752173,4.59,KERVILCO,0.4816052716629886,295.8031684982375,0.0,15.915478000791298,6.924725970667829,996.9022871526936,3.4611793454167614,0.6277305261056828
2021-09-03,0.09190851671486112,4.43,KERVILCO,0.0,441.3028954689382,0.0,19.429122796055005,5.047819396730771,873.4453245461721,4.036228385456692,0.8138324928511391
2021-09-04,0.09211598514988341,4.44,KERVILCO,0.0,439.4499850203792,0.0,19.853013159641545,5.408118196463752,890.4559924804263,4.475907641176592,0.991329736013166
2021-09-05,0.07634838408819165,3.68,KERVILCO,0.0,487.36423700030593,0.0,20.43454260789774,3.31824397755948,760.0739994268047,3.9766563468874216,1.1894998496842069
2021-09-06,0.06970939416747933,3.36,KERVILCO,0.0,475.258413179691,0.0,22.56553818949376,5.590574039238224,888.8193383950733,5.280230174353904,1.3966130915031172
2021-09-07,0.06369280955183379,3.07,KERVILCO,0.0,474.9467728358293,0.0,23.431548753453868,6.266854699433679,932.0594781656828,4.314824803403672,1.5263049633133012
2021-09-08,0.06182559363663345,2.98,KERVILCO,0.0,474.8568131939782,0.0,23.58008320040959,6.266968158369538,932.3513481833488,5.042241581457951,1.5479138741885634
2021-09-09,0.05850609867627729,2.82,KERVILCO,0.0,453.6048175377251,0.0,23.382544090075765,7.140774653226157,993.8574887413076,4.8309540467263705,1.7126125643556476
2021-09-10,0.05684635119609922,2.74,KERVILCO,0.0,462.6665469381577,0.0,25.24031111812524,8.238699879195188,1071.751121463873,5.219383671535145,1.7301696852786237
2021-09-11,0.054771666845876615,2.64,KERVILCO,0.0,459.46238237342726,0.0,23.80076866928049,7.056426413884116,992.174952836526,5.401593944585358,1.4624365107326327
2021-09-12,0.05726128806614373,2.76,KERVILCO,0.0,385.762759649132,0.0,19.37884827897194,6.498130189214528,965.0131190306552,4.3809791005735566,1.1088066783341224
2021-09-13,0.06265546737672249,3.02,KERVILCO,0.0,421.395619404613,0.0,20.165954604315008,5.643176278045804,907.6225186693526,4.614169268626977,1.129446299574878
2021-09-14,0.058298630241255034,2.81,KERVILCO,0.0,413.4180951667647,0.0,19.450540717336526,5.329368427015496,889.4818064925207,4.431446582583721,1.1001430948734017
2021-09-15,0.05539407215094339,2.67,KERVILCO,0.0,478.0161917448669,0.0,22.36360290764469,4.22155772053316,816.5265468625213,4.98879571913213,1.2865977781250777
2021-09-16,0.05207457719058724,2.51,KERVILCO,0.0,465.69946847195706,0.0,21.321326723606827,4.029031323932784,808.3937320450904,4.863981299343051,1.252382634872248
2021-09-17,0.05041482971040916,2.43,KERVILCO,0.0,435.51680111847793,0.0,20.26640332213639,4.74181791173968,853.9394106211663,4.136354844790959,1.1805320988141428
2021-09-18,0.05103723501547593,2.46,KERVILCO,0.0,435.9183885238519,0.0,19.746662300250524,4.018500236261983,810.8909285753123,4.271248772641688,1.0973671624269434
2021-09-19,0.05331938780072079,2.57,KERVILCO,0.0,387.46525714634737,0.0,17.417113796700132,4.301165361451389,831.1349275140955,4.052986652560492,0.7683025660449299
2021-09-20,0.05207457719058724,2.51,KERVILCO,0.0,433.5094387951535,0.0,15.197468290646016,-0.0814535267331746,607.4659885750377,3.7415060461636567,0.6332691022371604
2021-09-21,0.051659640320542724,2.49,KERVILCO,0.0,480.58754951279286,0.0,15.972530073121655,-2.6477964027388663,502.0330483070138,3.455575547247362,0.7982010495416348
2021-09-22,0.055186603715921136,2.66,KERVILCO,0.0,480.9373080878879,0.0,18.36576651612882,-0.9938484580757766,565.3593397653027,4.645961857521174,1.1128192139260564
2021-09-23,0.05331938780072079,2.57,KERVILCO,0.0,431.3778303588816,0.0,18.47797274433243,2.3111982862626705,719.7606330895197,3.974989212315785,1.0781604457284752
2021-09-24,0.05290445093067627,2.55,KERVILCO,0.0,436.88106542831457,0.0,19.21016996087959,2.5401986476756284,729.458447025555,3.753662125742428,1.0549113021044167
2021-09-25,0.05248951406063176,2.53,KERVILCO,0.0,439.3672707436991,0.0,20.808817664960728,3.6477747934597926,781.4291731603477,4.371155772358801,1.1685361483879273
2021-09-26,0.052696982495654014,2.54,KERVILCO,0.0,451.76547330475705,0.0,20.62849950757084,2.398617021010318,701.471906032044,4.0252004718745615,1.0918605000614694
2021-09-27,0.05394179310578758,2.6,KERVILCO,4.767241691337888,312.9749580031168,0.0,19.716702021678504,3.374221153971098,778.4164213297518,3.7083624778724222,0.8926242033573105
2021-09-28,0.07157661008267968,3.45,KERVILCO,0.0,305.5189321768716,0.0,12.33640747810377,1.969791340025042,704.1929260966805,2.544530973692773,0.4949971692069653
2021-09-29,0.07427369973796906,3.58,KERVILCO,1.9185814009399524,272.4141909747286,0.0,12.385887970254291,1.1281511448046666,662.8982912662568,2.5284383292047603,0.4403101384504866
2021-09-30,0.0668048360771677,3.22,KERVILCO,3.563418183293876,177.37380126626132,0.0,8.735632441665942,0.924511994439482,653.4007987487353,2.332378282788504,0.3345342927827228
2021-10-01,0.06742724138223447,3.25,KERVILCO,4.566196473758472,168.5714730575698,0.0,8.643789861250719,1.3436587792507135,673.9743728203563,1.841958671721963,0.2812715055263124
2021-10-02,0.07676332095823617,3.7,KERVILCO,0.0,344.05232862962714,0.0,12.590171030740256,0.5994336293446053,638.2502593877355,2.432215231523544,0.5269824657282386
2021-10-03,0.0796678790485478,3.84,KERVILCO,0.0,391.19375824932274,0.0,14.016674338757728,-0.5404808465982095,585.653555691165,2.99340789792764,0.740650900738921
2021-10-04,0.06659736764214542,3.21,KERVILCO,0.0,377.4303661111723,0.0,15.474663395599372,1.3422501718937272,670.8938538148071,2.6817776430331914,0.9143589154356416
2021-10-05,0.06286293581174475,3.03,KERVILCO,0.0,356.6503010159828,0.0,15.660912153125905,2.554109343799799,731.9639472353381,3.854910001576727,0.9260823233548642
2021-10-06,0.061618125201611196,2.97,KERVILCO,0.0,364.1887586827898,0.0,12.913135018516424,-0.3339539457966426,595.8457940491236,2.913799864191178,0.6166919455175683
2021-10-07,0.06307040424676702,3.04,KERVILCO,0.0,389.6647571077411,0.0,14.969389450704396,0.1659052940907732,615.6371857498829,3.0426907768495792,0.7251678874274784
2021-10-08,0.06265546737672249,3.02,KERVILCO,0.0,343.3269294473972,0.0,14.253781211558277,1.9050407577269464,700.5860250810113,3.338800712558601,0.7353212944368633
2021-10-09,0.059543440851388595,2.87,KERVILCO,0.0,347.5689846283942,0.0,11.09508701529282,-1.236587131204905,560.6958773935628,2.7883231267449564,0.4819014326517946
2021-10-10,0.061618125201611196,2.97,KERVILCO,0.0,324.32057970119416,0.0,8.39984359431317,-2.878404380576924,494.4066390734792,2.6964926071791555,0.4982589569709759
2021-10-11,0.06224053050667798,3.0,KERVILCO,0.0,393.3158435113838,0.0,10.52033507545864,-4.355544896455999,442.0014638718914,3.038804054434798,0.6162057825302842
2021-10-12,0.07240648382276872,3.49,KERVILCO,6.038542143775163,297.68399302190096,3.956658343587128,7.825314654014239,-6.146365849826026,387.1199172710104,2.014515307218492,0.2849116533824097
2021-10-13,0.06493762016196736,3.13,KERVILCO,0.0,384.753550924488,3.956658343587128,4.981052851035099,-8.0084153455068,335.341300702096,1.984948925133224,0.2846564161897892
2021-10-14,0.06390027798685606,3.08,KERVILCO,1.947470293398574,260.49333840905524,5.904231826753921,1.2285301661504588,-8.279715829750677,327.5861904726564,1.5006854983955875,0.232868121678387
2021-10-15,0.06431521485690057,3.1,KERVILCO,0.0,455.06236015696334,5.904231826753921,7.4819603572609505,-9.413473076877656,299.7574189866404,2.3447771861999,0.3816688332969125
2021-10-16,0.061618125201611196,2.97,KERVILCO,0.0,459.0030495074065,5.739893503654959,12.435835701221828,-5.56234869068861,398.528923555379,2.500675553327582,0.7613743361464862
2021-10-17,0.07406623130294678,3.57,KERVILCO,0.0,423.0522249261219,4.530300505695092,13.099460971997678,-2.573064128292059,502.6455574656386,2.654500660573079,0.7908402341883304
2021-10-18,0.07531104191308034,3.63,KERVILCO,0.0,324.8767384529146,2.962847489715,11.244782207087631,0.0802322723608498,614.244639163065,2.9309407208137297,0.658597057863209
2021-10-19,0.07344382599788,3.54,KERVILCO,0.0,318.4690435865962,2.816067016974434,5.722884408418677,-4.999082536880819,421.6953110305336,1.9722571634444173,0.3240591010703513
2021-10-20,0.06473015172694509,3.12,KERVILCO,0.0,424.3935395571749,2.816067016974434,9.66535487177685,-7.139048609232644,356.5527210858241,2.5730291864073926,0.5199843668292269
2021-10-21,0.06390027798685606,3.08,KERVILCO,0.0,407.8022265773674,2.3799011780624126,11.622112406537418,-4.274159271409004,440.4365905231615,2.787008751522051,0.6948105017717044
2021-10-22,0.06556002546703413,3.16,KERVILCO,0.0,423.2658941581132,1.8077970704541733,13.899938825926114,-3.63493361597168,430.7700458638447,2.797391113554681,0.7444760497526927
2021-10-23,0.06638989920712317,3.2,KERVILCO,0.0,432.43406679226376,1.499632956126713,14.713548985088032,-4.279133144295645,395.20873465710525,2.9952780598074944,0.6539050346662317
2021-10-24,0.0703317994725461,3.39,KERVILCO,0.0,356.89916598366443,0.5760517131762445,12.005747876886574,-1.682024215940652,503.46782438848106,2.577311892560396,0.5299148078097834
2021-10-25,0.06742724138223447,3.25,KERVILCO,0.0,358.015098726899,0.0988992059384596,14.78464876921148,0.0267182453528523,558.0923599304606,3.172480116826375,0.8366936160214492
2021-10-26,0.07406623130294678,3.57,KERVILCO,2.0900881861748624,287.0844995788653,1.1509204373368092,7.682663135824337,-5.556313600672183,401.8770085158616,1.911803269556076,0.2826974142736645
2021-10-27,0.06182559363663345,2.98,KERVILCO,0.0,329.2403423102032,1.1509204373368092,3.594443116422969,-8.382503707707771,325.7671427943022,2.06095635320124,0.2899956788766929
2021-10-28,0.06307040424676702,3.04,KERVILCO,0.0,360.8116208975504,1.1379824366919722,8.85105319373965,-5.593637152093568,389.0018092594641,2.5323117551563685,0.4293431158169093
2021-10-29,0.0657674939020564,3.17,KERVILCO,0.0,382.7599548226104,0.8780413295682319,12.62202688802805,-4.038108227506923,406.2828788360001,2.2895444555372406,0.6130614634290249
2021-10-30,0.06763470981725674,3.26,KERVILCO,0.0,348.5351208578962,0.4660763373334225,11.685225491341113,-2.8618844716403173,444.8742354093013,2.697803722816809,0.6496372883478373
2021-10-31,0.06618243077210091,3.19,KERVILCO,0.0,296.9310420718211,0.0898645631764432,10.034821142535774,-1.9578396748244504,493.4949312994895,1.948640607354693,0.4613244124561422
2021-11-01,0.06887952042739029,3.32,KERVILCO,0.0,285.27662842857075,0.0121220590114149,9.282415236400448,-2.285932914769844,470.9162278334189,2.118412007306016,0.468728488709287
2021-11-02,0.07074673634259063,3.41,KERVILCO,0.0,212.51171119194623,0.0121220590114149,4.108237998630175,-3.948800377451296,449.3406166700447,1.5780706181509845,0.2879138832155598
2021-11-03,0.06846458355734576,3.3,KERVILCO,0.0,326.9128157658917,0.005503643839455,9.375252024043895,-4.673989546619903,347.53197398082114,1.6595720596858687,0.3635136930919768
2021-11-04,0.06224053050667798,3.0,KERVILCO,0.0,343.40395299243727,0.001428238666457,10.478343459096932,-5.239725467190879,320.8825103697818,2.414455428003991,0.5434680920510653
2021-11-05,0.06307040424676702,3.04,KERVILCO,0.0,320.7953253252836,0.0,11.230362417281302,-3.1129356784743765,381.1401638465018,3.031978984977287,0.7195634095566682
2021-11-06,0.06141065676658893,2.96,KERVILCO,0.0,321.70397753222204,0.0,12.06455659179266,-2.5612575350686493,393.4441028752505,2.612771608290714,0.8373268790869607
2021-11-07,0.06265546737672249,3.02,KERVILCO,0.0,319.6393609054712,0.0,12.331364400096994,-2.4534810784335046,397.4534560138149,2.7240158067297493,0.7571887789952817
2021-11-08,0.06141065676658893,2.96,KERVILCO,0.0,292.962896024553,0.0,11.200631574562388,-1.904536945943384,439.2723635729092,2.427716224968151,0.6948111553243074
2021-11-09,0.061618125201611196,2.97,KERVILCO,0.0,268.69567935071905,0.0,8.402631848517965,-3.2680632929401923,427.1526086652448,2.217490276129312,0.5624275367157475
2021-11-10,0.06556002546703413,3.16,KERVILCO,0.0,273.9516211021586,0.0,6.989975060858406,-4.872446156068551,384.5164157019086,1.7039000262817738,0.2657502252757421
2021-11-11,0.049170019100275596,2.37,KERVILCO,0.0,232.2393046957908,0.0,2.698800367251902,-7.014351265334692,347.55256333296705,2.1439719407960136,0.3360693456532496
2021-11-12,0.05850609867627729,2.82,KERVILCO,0.0,287.0025251033814,0.0,7.7414788178669935,-5.017607734055056,334.627797362404,2.340937077453667,0.4098096544847869
2021-11-13,0.06058078302649989,2.92,KERVILCO,0.0,280.6390729905889,0.0,8.696268709958414,-4.030882524930714,312.82693946860974,2.528771077530194,0.4969272271687765
2021-11-14,0.06182559363663345,2.98,KERVILCO,0.0,302.7519434526208,0.0,10.086448013213252,-4.102903083217214,263.5809424738849,2.8197597262347704,0.5605018178901594
2021-11-15,0.05975090928641085,2.88,KERVILCO,0.0,275.4993848663246,0.0,10.938291541463206,-1.4244377904714065,341.86926692244043,2.718262298068036,0.6915027721841136
2021-11-16,0.05892103554632181,2.84,KERVILCO,0.0,266.2917579223597,0.0,8.794791541699823,-3.016620730255721,324.4975798832415,2.669002699394211,0.5613749952650456
2021-11-17,0.05995837772143312,2.89,KERVILCO,0.0,292.9019311066654,0.0,3.843788900026003,-9.700391018522756,200.79170393647863,1.5974343518426002,0.2917437101531309
2021-11-18,0.062033062071655716,2.99,KERVILCO,0.0,299.3666334426096,0.0,4.467140529081232,-9.86912845496564,194.3088605703719,1.7852251157082757,0.5014881314896042
2021-11-19,0.13900385146491412,6.7,KERVILCO,0.0,260.1509431352362,0.0,5.867384448169983,-5.868872913964072,282.1543173952304,2.0941532678855794,0.4477431656352248
2021-11-20,0.10103712785584057,4.87,KERVILCO,0.0,256.959456272258,0.0,5.405619450755725,-6.06624837129716,283.23156531063137,1.615410463412722,0.3408924796819996
2021-11-21,0.0796678790485478,3.84,KERVILCO,0.0,298.0460457441466,0.0,3.460277869396946,-10.759603344514668,185.8640929133852,1.2766763088901592,0.2981395005752377
2021-11-22,0.08921142705957176,4.3,KERVILCO,0.0,320.3827438026987,0.0,8.116093301022532,-8.474611795903412,192.6240203919369,2.1079131751515727,0.635532264263038
2021-11-23,0.09087117453974983,4.38,KERVILCO,0.0,247.13860452479403,0.0,5.181756686642263,-5.782830534225367,298.93454457449604,2.0476323474104494,0.5167035987246579
2021-11-24,0.0682571151223235,3.29,KERVILCO,0.0,261.25263292383016,0.0,0.0023796190185553,-11.657552180728644,201.47852954735663,0.6788060342254769,0.0921363678785403
2021-11-25,0.07012433103752384,3.38,KERVILCO,0.0,299.00046519427724,0.0,1.2036847363149477,-13.453822839462816,150.88006429591957,1.1613324208289897,0.2550560716770321
2021-11-26,0.08983383236463854,4.33,KERVILCO,0.0,293.746553560465,0.0,6.362846549674125,-8.237190727973191,206.1776441246781,1.990605943972789,0.4960889851401155
2021-11-27,0.08755167957939368,4.22,KERVILCO,0.0,287.86575379989995,0.0,7.608537481174759,-6.661544374235735,230.43619042056005,1.5828025769617735,0.4559635252542955
2021-11-28,0.08340231087894846,4.02,KERVILCO,0.0,293.4557573063903,0.0,9.699497189657771,-5.176803414720312,244.07779641532417,2.280769333002877,0.5359821677146461
2021-11-29,0.07987534748357007,3.85,KERVILCO,0.0,271.20936289716184,0.0,9.126059030654256,-4.06332503695293,285.7902174630359,2.1403979695318136,0.6003577203596854
2021-11-30,0.07074673634259063,3.41,KERVILCO,0.0,272.2274245974633,0.0,8.14626239431523,-5.262184625393755,265.6181414228665,2.161132707587416,0.5468254070810216
2021-12-01,0.07385876286792453,3.56,KERVILCO,0.0,288.5467190263449,0.0,12.06094705281387,-2.847937842811119,233.8701603585347,2.6701740527612388,0.7293434520477201
2021-12-02,0.07365129443290226,3.55,KERVILCO,0.0,274.3506005615852,0.0,11.112856755791867,-2.894862398720912,249.1241649779888,1.9427539582403408,0.8099923561898363
2021-12-03,0.0796678790485478,3.84,KERVILCO,0.0,272.2736048561806,0.0,9.447469625380672,-4.395411139569749,231.9065322401218,2.0098232723489144,0.6223097361991428
2021-12-04,0.08713674270934915,4.2,KERVILCO,0.0,243.71089222936487,0.0,7.12590098012121,-4.669465894354135,262.9532814372428,2.025263713955709,0.5135120200633225
2021-12-05,0.09336079576001696,4.5,KERVILCO,0.0,240.85600164788627,0.0,5.421923740460099,-6.206660018681741,245.30928268145732,2.367977736266075,0.4569511776962024
2021-12-06,0.11078814430188678,5.34,KERVILCO,0.0,217.0868607539749,0.0,2.5288423052664,-7.50481449917848,253.1749621448389,2.1624438425914723,0.4353981544295426
2021-12-07,0.06493762016196736,3.13,KERVILCO,0.0,205.7034025067542,0.0,0.9338231689341387,-8.250091168579852,254.36290293043572,1.1833782646030142,0.2090722413028299
2021-12-08,0.0771782578282807,3.72,KERVILCO,2.0245010111003565,242.8253242223816,2.0245010111003565,3.914628802200773,-8.977243983365943,205.67331285106343,1.1942730793532137,0.2119596699298406
2021-12-09,0.06224053050667798,3.0,KERVILCO,4.580602624690783,149.97767819923823,3.7165498851020073,1.6411007956894637,-5.9795730460452114,353.69813161903744,1.0536621112695912,0.2164660081733963
2021-12-10,0.059128503981344074,2.85,KERVILCO,0.0,317.8093447925636,3.7165498851020073,-0.6963066122843321,-17.85514630418003,108.68084379121716,0.6454793521959945,0.0830701142687116
2021-12-11,0.094190669500106,4.54,KERVILCO,0.0,297.07750961244324,3.7165498851020073,-4.431834246274387,-19.22232937750129,109.05827970131244,1.2866992737020275,0.218861267747155
2021-12-12,0.18858880743523426,9.09,KERVILCO,0.0,287.6724343797633,3.7165498851020073,1.0059671877212693,-13.140052280792252,162.26026124241133,1.746597461242501,0.4185774144551221
2021-12-13,0.15829841592198432,7.63,KERVILCO,0.0,264.4730936005795,3.7165498851020073,3.0595560992407904,-9.396343922742783,219.42768954002565,1.438291556283538,0.4336388104975724
2021-12-14,0.12614080849353404,6.08,KERVILCO,0.0188050304830603,245.22470063780167,3.735354915585067,3.412683438066278,-7.74888224143331,259.1349255470209,1.4205916726542795,0.3541832195385964
2021-12-15,0.11493751300233199,5.54,KERVILCO,0.0,280.43265355095474,3.735354915585067,0.8535636045155972,-12.723424872306062,171.23320623799404,0.973691397012996,0.1428664627388501
2021-12-16,0.09688775915539538,4.67,KERVILCO,0.0,296.1598835106337,3.735354915585067,-0.1178173770848702,-15.237327195718118,138.96101093168468,0.985614463914544,0.195307977578651
2021-12-17,0.10497902812126352,5.06,KERVILCO,0.0,244.34391835393512,3.735354915585067,-4.081325743861741,-15.265639077129116,162.3451143828197,0.8865295650617785,0.142632524529486
2021-12-18,0.056431414326054696,2.72,KERVILCO,0.0,282.2386574719948,3.735354915585067,-3.388060962648854,-17.18911358730269,129.67136983105695,1.1135203448402196,0.2229593013182705
2021-12-19,0.05414926154080983,2.61,KERVILCO,0.0,296.3429397923718,3.735354915585067,0.880505470559001,-14.38359920628904,145.52208363853964,1.6474559956717811,0.349493200631353
2021-12-20,0.04439824509476362,2.14,KERVILCO,0.0,292.291079192371,3.735354915585067,2.0378340207250307,-12.998736788693304,159.70120128133863,1.6474193805886772,0.3757941537179319
2021-12-21,0.06514508859698961,3.14,KERVILCO,0.0,262.8635038244027,3.735354915585067,1.993660112341415,-10.684341591529764,203.6802647172273,1.880436570464837,0.4114871365276811
2021-12-22,0.0827799055738817,3.99,KERVILCO,0.0,280.3240225026067,3.735354915585067,2.8985334944575887,-10.997014371794457,188.5724405656381,1.941229879790656,0.4412894722709347
2021-12-23,0.058298630241255034,2.81,KERVILCO,2.9042550871199344,209.55339748975004,4.444072736122418,5.18462613490468,-5.905291325645096,315.4553379925716,1.6556021267156047,0.3841888791961183
2021-12-24,0.07634838408819165,3.68,KERVILCO,8.755489276747177,151.70164115321586,13.176886587173726,1.212833512769185,-7.199647917215457,335.4233588219038,0.6759309191512751,0.1007590424420056
2021-12-25,0.11763460265762136,5.67,KERVILCO,0.0,231.48772726420424,13.176886587173726,-0.885159563238853,-10.5409390771414,243.8679264374912,0.9315996203603912,0.1739007009310511
2021-12-26,0.1848543756048336,8.91,KERVILCO,0.0,268.62307990194347,13.176886587173726,-0.5692679158471021,-11.98733058640146,212.0028300298509,0.9194203326229744,0.1369814637746306
2021-12-27,0.28008238728005086,13.5,KERVILCO,4.014832788630653,191.1231777748052,17.191699154717895,-1.7396911908510604,-11.719215684300286,228.1890857939371,0.8627632953776233,0.1440640931765489
2021-12-28,0.29045580903116386,14.0,KERVILCO,0.0,180.26422458884915,17.191699154717895,-4.6574955969014535,-11.554583531505656,239.2793552789279,0.7166051103911588,0.1156843364981789
2021-12-29,0.38174192044095817,18.4,KERVILCO,0.0037136866341755,248.4822161497004,17.19542315984414,-4.878812033282531,-14.681152695312482,176.04959632284795,0.588033677121335,0.0947798734074551
2021-12-30,0.32987481168539323,15.9,KERVILCO,1.7489803978490066,233.2606938819648,18.94463817169851,-3.2408648674801808,-13.735345548299906,180.94649977657207,0.8230241928646911,0.1405347591991669
2021-12-31,0.4024887639431842,19.4,KERVILCO,7.701055216680554,171.24429081624876,26.644984577139347,-1.8326331896901489,-10.541426248897285,251.60381408307543,0.5510698633818204,0.0830548077360331
2022-01-01,0.2095431193724825,10.1,KERVILCO,2.9366014570306223,256.40418251811684,23.117129671494705,-2.071521077966187,-23.062095721047005,81.72438797073741,0.1361019620294083,0.004445775415587
2022-01-02,0.2551861750773797,12.3,KERVILCO,0.0,323.8615857386112,23.117129671494705,-4.614877365134584,-22.037267607248765,86.15595933380338,0.8330205245516409,0.1388825639429804
2022-01-03,0.4896255066525334,23.6,KERVILCO,0.0,321.7321702154191,23.117129671494705,-0.2587990412855952,-17.428520780661543,115.15894301987844,1.3866560219496589,0.2791511137631645
2022-01-04,0.6078825146152216,29.3,KERVILCO,0.0,277.0539131815758,23.117129671494705,2.0541885434135274,-11.493764943614158,182.74324987040268,1.3429769409075347,0.2272616574700464
2022-01-05,0.7074673634259063,34.1,KERVILCO,0.7227633049165084,212.50387255941027,23.84014756472225,-1.2792988630206124,-11.568533147782883,215.54054630768644,1.235003808854499,0.1934940613165842
2022-01-06,,,KERVILCO,0.0,226.32528995903505,23.84014756472225,3.490423613235001,-7.0554973041311895,282.1061714804276,1.6220458310708237,0.2611200950065669
2022-01-07,,,KERVILCO,0.0,247.0625719860831,23.758878648350528,5.635982820608545,-5.955542570628058,282.80065712781686,1.533516369735988,0.3222142365235766
2022-01-08,,,KERVILCO,1.842254838389385,278.1566283855736,25.60200834678917,5.4404402407373,-9.051131408006944,206.72686264131016,0.932418224589487,0.1648417695658103
2022-01-09,,,KERVILCO,0.0,349.421688335112,25.60200834678917,2.985091009448164,-16.492314775772915,107.9197673134342,0.9674586458637144,0.1833107050389625
2022-01-10,,,KERVILCO,0.0,322.460886969447,25.60200834678917,1.984470404891071,-14.35571995941733,138.62108259165186,1.0483411648980294,0.367288275125566
2022-01-11,,,KERVILCO,0.0,327.3292644265005,25.60200834678917,2.6515270861439726,-13.996542549622028,138.60614369207605,1.6837343311655733,0.333232509924653
2022-01-12,,,KERVILCO,0.0,325.30115725365687,25.60200834678917,4.463175602996334,-11.929873201788446,157.01953785955237,1.874782858456293,0.3719766398199521
2022-01-13,,,KERVILCO,0.0,331.29332631576284,25.60200834678917,8.81915272038684,-7.999454938442294,190.53721841408023,1.8499417490762573,0.5052736950894132
2022-01-14,,,KERVILCO,0.0,327.00640301969247,25.60200834678917,1.722288767292078,-14.402749309626753,135.20428396192412,1.173721329096229,0.1929786016826844
2022-01-15,,,KERVILCO,0.0,363.62894899146704,25.60200834678917,5.967090273787268,-13.86658617938514,118.7811489246764,1.670320456644679,0.3150604006813782
2022-01-16,,,KERVILCO,0.0,324.5626702712485,25.60200834678917,4.321736045218693,-11.37027793285879,163.41537874306914,1.9421250224331643,0.3978852593037163
2022-01-17,,,KERVILCO,0.0,323.525196252268,25.60200834678917,5.848140830307539,-9.61223223430655,181.1247397851185,1.936641022923473,0.4005031452593972
2022-01-18,,,KERVILCO,0.0,269.72199764520195,25.60200834678917,2.521744029073128,-9.375707627961267,222.86700333635287,1.5929187270219365,0.3139313167824309
2022-01-19,,,KERVILCO,0.0,286.88517553250705,25.60200834678917,1.028489901845969,-11.640128076939307,185.239716973536,1.048257976079169,0.2040574369812436
2022-01-20,,,KERVILCO,0.0,313.7961435916202,25.60200834678917,-1.8594033427112897,-16.02358195793688,130.52584180273053,1.1142824138564753,0.190152738489909
2022-01-21,,,KERVILCO,11.004373198122655,173.05506405000983,36.60638972094505,-2.064732289377542,-11.72845663660509,239.77823042522857,0.9130245191472324,0.1580699498806297
2022-01-22,,,KERVILCO,0.0,313.6999746142821,36.60638972094505,-1.1243063448154595,-14.921260535334206,156.1979744282742,0.8095703912865865,0.1279544769341107
2022-01-23,,,KERVILCO,0.0,361.3824850892725,36.60638972094505,2.338808361982008,-14.822552987023457,135.58542111203116,1.299823646089059,0.2692775578189382
2022-01-24,,,KERVILCO,0.0,307.2765149242219,36.60638972094505,0.4234361576068826,-12.776040060358088,181.5732340871552,1.249845248618058,0.2238630987972805
2022-01-25,,,KERVILCO,2.052701073380573,212.7714798335668,38.65940209059608,-4.092021224082305,-14.17511498001006,194.0805457550168,0.7402715490628455,0.1112215874881452
2022-01-26,,,KERVILCO,0.0,329.6242941727255,38.65940209059608,-3.3298236442474654,-17.483329628490615,131.74212108915577,0.838038662807592,0.1247702227637441
2022-01-27,,,KERVILCO,1.572974605931763,290.0196233795532,40.23218948744066,-5.5182526366039735,-18.013617192467958,136.82392751155433,0.6144520983708365,0.0975864360847868
2022-01-28,,,KERVILCO,0.0,393.8548757629202,40.23218948744066,-0.7690106791027508,-19.592760604993472,98.0051566539662,1.1943562739835814,0.2007297578563008
2022-01-29,,,KERVILCO,0.0,409.5453710727082,40.23218948744066,3.5624678011071627,-16.866334267826648,108.3641658505086,1.7622974362334798,0.416339222150001
2022-01-30,,,KERVILCO,0.0,423.76527956368216,40.23218948744066,6.541080513015088,-15.586220783860602,109.22837664617616,1.5753119876073651,0.5029942484035821
2022-01-31,,,KERVILCO,0.0,387.2005244475911,40.23218948744066,3.94555023428898,-13.35630493405885,146.80638317971224,1.9769192070442287,0.3544550955509775
2022-02-01,,,KERVILCO,4.4805893245296655,234.2014665603956,44.713323804115234,-0.9230810932472684,-13.225020115270231,209.9082016382696,0.8542777150170205,0.1437895583266355
2022-02-02,,,KERVILCO,3.165692317632981,223.7963635424109,47.87857989986258,-10.357206771030295,-21.52545768914496,110.12529099928926,0.3000000119209289,0.0029203686412569
2022-02-03,,,KERVILCO,0.0,412.71372022664025,47.87857989986258,-10.107605770230792,-28.25672132978185,55.36622235125297,0.6580346774739171,0.0909091220930437
2022-02-04,,,KERVILCO,0.0,444.31980545487227,47.87857989986258,-2.157923859275124,-24.297223691587096,63.73871701077326,1.126388503062714,0.1926235383705174
2022-02-05,,,KERVILCO,0.0,410.2009445362564,47.87857989986258,-1.0966460346056934,-19.189728536660112,99.62556367061534,1.5277861035932092,0.2384769224558435
2022-02-06,,,KERVILCO,0.0,362.971812473645,47.87857989986258,-2.7563182695634496,-17.392905456453093,127.42144357806252,1.1030881081693429,0.1925044076701995
2022-02-07,,,KERVILCO,0.0,440.3508156688238,47.87857989986258,1.5363345670444606,-19.375216092235384,87.6588646011985,1.6640145168070877,0.2993627521543352
2022-02-08,,,KERVILCO,0.0,388.952156336263,47.87857989986258,2.893748292335556,-13.13108317796722,152.32855998541908,2.078586375220263,0.3643489361695929
2022-02-09,,,KERVILCO,0.0,355.43776891641807,47.87857989986258,2.519143447811,-11.27822270259608,187.4778546530104,1.8615420395743016,0.3042887141978593
2022-02-10,,,KERVILCO,0.0,373.88178421268816,47.87857989986258,3.286461017515881,-11.316694969940665,177.62390591217508,1.8883863800770235,0.3067345559896517
2022-02-11,,,KERVILCO,0.0304242787490148,379.7937762116455,47.908994861729845,2.6412442266843894,-12.087226410911128,166.91653561554813,1.6971248654905708,0.2538284912399474
2022-02-12,,,KERVILCO,0.0,457.6525754280873,47.908994861729845,2.5400332776620536,-18.101851541291254,83.90067760077439,1.3198129807743215,0.2009790043700599
2022-02-13,,,KERVILCO,0.0,434.9473834636148,47.908994861729845,3.123338330270431,-15.100921439686568,109.14854740837062,1.970962665076344,0.3324129052872007
2022-02-14,,,KERVILCO,0.0,420.6051790224035,47.908994861729845,6.21388605078827,-10.556701566315285,147.4743720617577,1.9512827828427823,0.3800362662348168
2022-02-15,,,KERVILCO,0.0,380.77194571637057,47.908994861729845,6.288559811178181,-7.858713498556185,196.4835639347598,2.0239026305925507,0.4202622173659667
2022-02-16,,,KERVILCO,2.0597477592980344,302.4035303725732,49.96929258397527,1.2087877286141702,-10.435650761903158,212.0086926276234,1.1549665738308856,0.1906139530534792
2022-02-17,,,KERVILCO,0.0,420.828182805783,49.96929258397527,-2.4209074496827205,-18.318272514314074,101.81720435636416,1.0059798388154904,0.1265764865419428
2022-02-18,,,KERVILCO,0.0,412.53089845123,49.96929258397527,0.7671555017479185,-14.670808904615525,128.02751655447864,1.5014874778695646,0.2124811129997876
2022-02-19,,,KERVILCO,0.0,456.3388714628655,49.96929258397527,4.55293237271632,-13.712823570819909,115.06389887237476,1.8718445278047893,0.3046141640727864
2022-02-20,,,KERVILCO,0.0,428.72477816662695,49.96929258397527,6.102879459745042,-10.22585043917162,152.66607248659744,2.1665002928133688,0.4018205736211911
2022-02-21,,,KERVILCO,6.75125353680106,198.3465155850656,56.720795007145696,0.842422552439081,-8.019751441946426,310.73103725071184,1.7026388216032962,0.2643955270638741
2022-02-22,,,KERVILCO,7.492582948524177,268.80725301980124,64.2132552245513,-1.4417466947875863,-13.567030123611335,203.1224692812665,0.6811054568553163,0.0838917169243534
2022-02-23,,,KERVILCO,10.920064843001256,217.82098630824103,75.13359015353934,-5.558322535009893,-14.686911588912997,196.5912756744524,0.6720674842123001,0.0533729328762355
2022-02-24,,,KERVILCO,0.0,376.26715340959765,75.13359015353934,-7.134807465727096,-19.34899507995882,130.23703178691886,0.923084082857257,0.1090449565028411
2022-02-25,,,KERVILCO,0.0,426.84066088707146,75.13359015353934,-4.092387269207383,-18.545133578004165,130.40461302811184,1.189977035177817,0.1606192830928328
2022-02-26,,,KERVILCO,0.0,452.1823466858456,75.13359015353934,-5.175481657193094,-20.900554451084485,105.89894133936544,1.3129413277213264,0.1726717927075795
2022-02-27,,,KERVILCO,0.0,531.9983494358013,75.13359015353934,5.116715600758653,-16.751676139591627,114.63341568270911,2.123679723391648,0.3639376378686952
2022-02-28,,,KERVILCO,0.0,507.8137154944913,75.13359015353934,9.060236283639622,-10.241977272745832,182.9385556303552,2.528894209107253,0.5387111904607161
2022-03-01,,,KERVILCO,0.0,511.4625306077569,75.13359015353934,11.112520355880132,-8.167462651437859,204.8353232401849,2.3986755978632304,0.6245086717131945
2022-03-02,,,KERVILCO,0.0,505.2199488043179,75.0993924003358,12.444659097552249,-6.156040734782371,234.53682922940104,2.3356726912586416,0.6981208619807695
2022-03-03,,,KERVILCO,0.0,466.55444627901295,74.65406782839494,11.085597856497554,-4.940193006549715,277.9098665244345,2.478955792276354,0.6707374217851297
2022-03-04,,,KERVILCO,0.0620774678043714,403.0268614258268,74.71001834024597,6.481098459967401,-6.4134950583550205,291.6519171101755,2.030311760892568,0.3740128470997989
2022-03-05,,,KERVILCO,3.873036505826829,250.4250364965904,78.58354727436685,1.816092652347148,-8.236193414877063,321.855596568191,1.651279488409908,0.2165232408420007
2022-03-06,,,KERVILCO,3.63242587703329,225.3174174749484,82.21600253852307,-4.31487703908482,-12.829381379227184,227.92400726382328,0.8973644742283076,0.0654976540187007
2022-03-07,,,KERVILCO,1.5407517261383905,498.71127689190587,83.7569304626796,-0.7797414367652004,-17.447696532890852,131.2898059482047,0.926937528713496,0.0933156960083906
2022-03-08,,,KERVILCO,0.0,455.972825350347,83.7569304626796,-5.2376370064720605,-18.84195671555668,130.51414983748822,1.1864064558584289,0.1314967875824622
2022-03-09,,,KERVILCO,3.5770330367114185,302.0996416149106,87.33352518172109,-2.193873075052017,-13.60225151000192,212.6523354120221,1.1616884736383084,0.143869755373795
2022-03-10,,,KERVILCO,0.0,477.7447984331178,87.33352518172109,-6.623446847574432,-20.52213866178067,115.44127787758572,0.8228611319732567,0.0627659639953344
2022-03-11,,,KERVILCO,0.0,567.2038445297699,87.33352518172109,-4.237308567603502,-23.38499383525576,81.63069579936966,1.280023963271844,0.1410638564221792
2022-03-12,,,KERVILCO,0.0,583.277796881857,87.33352518172109,7.190423602546292,-13.676771185552097,144.00076742884065,2.344441117393344,0.3442694120750479
2022-03-13,,,KERVILCO,0.0,536.04729110374,87.33352518172109,8.551009303420434,-8.577740160059303,211.81622874211183,2.32343015834292,0.3606548920565845
2022-03-14,,,KERVILCO,0.0,475.6239225937164,87.33352518172109,4.887163146102036,-8.874814473738912,236.92915495247027,2.270037602515099,0.3189447931438305
2022-03-15,,,KERVILCO,0.0,549.7200566369529,87.33352518172109,9.820598926914222,-7.534021490651841,218.4115958609703,2.910225943842132,0.53162955431124
2022-03-16,,,KERVILCO,7.658180427735332,332.83434567586835,87.04525376280182,7.131135405655065,-5.314070745139808,363.0329156224214,2.283464778925884,0.3955741921287104
2022-03-17,,,KERVILCO,0.0,481.0088862290632,87.04525376280182,2.553377918758979,-10.813805826975496,222.1132324052205,1.1788892251180343,0.1048104879406194
2022-03-18,,,KERVILCO,0.0,554.0885672589427,87.04525376280182,3.266483644860926,-13.668065617617732,161.54108333977982,1.9888455934649256,0.2669984347130796
2022-03-19,,,KERVILCO,0.0,592.9507444887638,87.04525376280182,7.713568938972113,-11.80466339867515,164.69127012886688,2.4781404787250656,0.4274123969964588
2022-03-20,,,KERVILCO,0.0,466.1666806748353,86.76862881253521,7.506241352600741,-5.341443213522839,315.3107893689494,2.728358454031658,0.4913064448342602
2022-03-21,,,KERVILCO,0.1480992278228889,410.3002899313111,86.9166705375987,0.7236873949008145,-9.855202157597928,260.9862494465993,1.4668097550498242,0.1518159154810619
2022-03-22,,,KERVILCO,0.0,605.8140799942671,86.9166705375987,5.391487135815265,-14.263777227561365,139.45683400129778,1.7181724308532853,0.2139329775321928
2022-03-23,0.07572597878312486,3.65,KERVILCO,0.0,607.2571831195075,86.9166705375987,5.352364973801193,-14.352641477810478,137.1671022250964,2.5913047842335057,0.3383674410255392
2022-03-24,0.0692944572974348,3.34,KERVILCO,0.0,572.7750216863592,86.9166705375987,10.16754218319808,-7.417797050445609,223.4346759937428,3.2397324462043424,0.4836487967880082
2022-03-25,0.08195003183379267,3.95,KERVILCO,0.0,491.6243669686907,86.18791745400924,9.702442557850375,-4.264741277961279,316.9614136782088,3.4538717947205857,0.587680277955389
2022-03-26,0.08879649018952725,4.28,KERVILCO,0.0,549.781690134137,84.57950046906548,14.434063369146994,-2.1698426021751613,316.50682786711315,3.924518315408327,0.799667229793547
2022-03-27,0.09585041698028408,4.62,KERVILCO,0.0,560.7972839422496,83.13375044622731,14.619461554480669,-2.557299262794781,300.8573524774931,3.947040043386232,0.9502885056384562
2022-03-28,0.12385865570828916,5.97,KERVILCO,0.0,505.0985926271125,81.32866714526793,12.675645744307488,-1.702697079319164,355.8859933951721,3.637552804563856,0.8483065396020714
2022-03-29,0.09439813793512825,4.55,KERVILCO,7.796317232939999,242.1291497945112,80.05445829649615,5.129258917443612,-2.9660663467957646,486.1456712858162,2.37173799043376,0.3120678236836908
2022-03-30,0.08734421114437142,4.21,KERVILCO,1.9248341149266064,342.88652345720124,81.97940249495576,1.2066007779687338,-8.337885260197181,304.4947236355504,1.7678846104530392,0.2044477727921059
2022-03-31,0.15290423661140556,7.37,KERVILCO,0.0,583.8006135013186,81.97940249495576,7.745377828632869,-8.820313439806036,204.3917795436235,2.787075302731054,0.4352088106695673
2022-04-01,0.09024876923468306,4.35,KERVILCO,0.0,516.7037545978153,81.96229624055609,5.488892199960697,-7.874031817447737,246.189930895046,2.769272274290447,0.3879877530182902
2022-04-02,0.10373421751112995,5.0,KERVILCO,0.0,559.9847736356738,81.40814521385629,10.540424929962818,-4.68161326047208,264.5272777971581,3.386799088778273,0.569808998279201
2022-04-03,0.08734421114437142,4.21,KERVILCO,7.882317066827331,368.7973705453089,81.71226244625575,7.909815660471419,-4.619790359922451,362.8927122069566,2.3095570864453223,0.3517290575901549
2022-04-04,0.083817247748993,4.04,KERVILCO,0.0,555.709620375708,81.5490140584554,7.514756921642708,-7.277578142152555,249.5361563508744,2.760803326438269,0.3862610236268952
2022-04-05,0.09211598514988341,4.44,KERVILCO,0.0,528.1406763216482,81.41130384793202,7.060270241201708,-6.669433938529084,268.26363063041856,2.782726013205429,0.3480177080194698
2022-04-06,0.1132777655221539,5.46,KERVILCO,0.0,506.1211699753973,81.41130384793202,1.6782958909557046,-10.943845787919788,215.9172301557567,2.455648776398043,0.2893501054135454
2022-04-07,0.12157650292304431,5.86,KERVILCO,0.0,581.8734440412074,81.41130384793202,4.61482747648054,-11.13623240129638,184.20305385324937,3.185591145127608,0.4350896775058047
2022-04-08,0.08174256339877041,3.94,KERVILCO,0.0,616.7885420935937,81.41105727258294,10.041974936280248,-7.702801559710122,207.2453005158769,3.7695318168540375,0.631092813124193
2022-04-09,0.06784217825227899,3.27,KERVILCO,0.0,542.7618494045557,79.77025314708831,12.288786042950864,-2.093206211241751,329.94269454756505,4.113270778179344,0.7240417930874462
2022-04-10,0.07676332095823617,3.7,KERVILCO,0.0,380.481546865121,79.24469416383731,4.118579102268211,-4.799074564157503,371.2378685980336,3.0524408464078547,0.401442543549338
2022-04-11,0.07697078939325844,3.71,KERVILCO,0.0,577.6858487665696,79.24469416383731,7.658155813442801,-7.286749522859201,229.37572764839408,3.133496382427606,0.4703836744666509
2022-04-12,0.08008281591859233,3.86,KERVILCO,0.2269981013832424,549.366162693912,79.47187245963583,2.1792605982381885,-11.927640013335996,186.98031650738835,1.450920085261013,0.1553605534474722
2022-04-13,0.09958484881068476,4.8,KERVILCO,0.0,414.9777221628912,79.47187245963583,-6.01488966631483,-15.337922851645263,176.75320291482677,1.5687198537879097,0.1939366420415517
2022-04-14,0.14294575173033708,6.89,KERVILCO,0.0,619.0815301690576,79.47187245963583,4.520892142988194,-11.768796014577903,163.02498036865975,2.622681406602571,0.351429238163716
2022-04-15,0.09087117453974983,4.38,KERVILCO,0.0272759635937733,554.837054706787,78.71791905926165,9.675461391328255,-4.205097999236679,285.7507565319906,3.499447652652639,0.5353429073272047
2022-04-16,0.08962636392961629,4.32,KERVILCO,0.0,567.4952724086501,77.76710636471124,10.413881004124429,-3.735448747683888,285.03801503904555,3.5206582459517723,0.5820501786300434
2022-04-17,0.10497902812126352,5.06,KERVILCO,0.0,667.492303044541,77.47921719264997,13.46640640342697,-5.917958457887815,198.16151771368968,3.785564538290139,0.5433053773221689
2022-04-18,0.11638979204748781,5.61,KERVILCO,0.0,598.8667487662738,76.00134537737365,13.017171834162642,-2.482759313771247,284.52463978858816,3.9913447046037134,0.7977701228377645
2022-04-19,0.13900385146491412,6.7,KERVILCO,0.0,546.5688416687075,73.33299299711507,13.90462978664268,0.3527380121629292,372.2173733653643,4.675711264773251,0.8338052045168016
2022-04-20,0.16369259523256308,7.89,KERVILCO,0.0,512.4663631102435,70.46236653096435,13.229213637340289,0.8344021823577908,406.7070720132221,4.7283584280326,0.804345271481535
2022-04-21,0.18962614961034557,9.14,KERVILCO,0.0,620.7482851519767,68.1387568855876,16.016189835201757,-0.4659003032883567,299.39623620425914,4.722132304659588,0.94439652114576
2022-04-22,0.2199165411235955,10.6,KERVILCO,0.1569588367548097,661.0184341648496,67.5510987074283,14.24869225723431,-4.294799858446919,185.4694027233781,4.7937971827059656,0.7459558660601395
2022-04-23,0.21161780372270508,10.2,KERVILCO,0.5487800824226055,453.4079085045983,68.00902381255413,3.776271682751416,-6.325175533635516,275.7014236716772,2.449539132199308,0.3029439954772607
2022-04-24,0.16701209019291927,8.05,KERVILCO,0.0,532.358035320871,68.00736728810513,3.5033603068275663,-8.539880855893268,210.9960769562431,2.2295830579316704,0.3131795966516323
2022-04-25,0.16348512679754082,7.88,KERVILCO,0.0,582.9006050817941,68.00736728810513,6.042931984005636,-7.750021293093404,195.2650028124796,2.684186842170938,0.3672909402055102
2022-04-26,0.1593357580970956,7.68,KERVILCO,0.0,665.039516562079,67.55463888358685,12.867016396845116,-4.9238091698383455,175.64776671650384,3.792016897140925,0.6932361682045819
2022-04-27,0.1807050069043884,8.71,KERVILCO,0.0,537.8668510378873,64.88766682933823,12.72340347659691,0.3506016436940596,324.3969595097556,3.864067743821912,0.6577205423217724
2022-04-28,0.19232323926563494,9.27,KERVILCO,0.0,606.9523570408008,62.77693480965476,14.04294396757441,-0.9749658890902824,245.8206087828183,4.129370078013578,0.8341309829526391
2022-04-29,0.2074684350222599,10.0,KERVILCO,0.0,509.7423045353336,62.32470788600572,6.539163097227369,-5.006524262232001,251.73019433298444,3.654044801068384,0.4859299183344072
2022-04-30,0.1946053920508798,9.38,KERVILCO,0.0,651.2669703813091,62.00402770420544,11.847290611327388,-5.236754497281049,173.09130448797754,4.312362264894233,0.7273238800729613
2022-05-01,0.2261405941742633,10.9,KERVILCO,0.0,578.9944331452936,60.09540357891523,12.434483369651652,-1.4567425373842116,255.1966194548125,4.430947409394633,0.7511653544454463
2022-05-02,0.2614102281280475,12.6,KERVILCO,0.0,534.1330499097174,58.415473485888704,10.319569448247211,-1.9995886982588087,277.6822619493232,3.963984554291788,0.543002225721677
2022-05-03,0.26348491247827005,12.7,KERVILCO,0.0,663.7644308731959,57.52356597986965,13.851993944691664,-3.877144166258645,166.62188407007085,4.360613704890024,0.6561542057409085
2022-05-04,0.27800770292982824,13.4,KERVILCO,0.0,564.079532180141,57.33733501410842,6.741191325753047,-6.298217696297178,184.2315175570345,2.683434789809351,0.3320182365071559
2022-05-05,0.2551861750773797,12.3,KERVILCO,0.0,648.6492221524192,57.10498366353199,11.207085935245408,-5.620551706903536,152.4114651663015,4.128914204466058,0.5631919029465035
2022-05-06,0.27800770292982824,13.4,KERVILCO,0.0,621.8722940451103,54.17737285982396,16.956222752105273,0.9717809753800222,245.6148549860866,5.465681720115569,0.992176966740008
2022-05-07,0.31742670558405767,15.3,KERVILCO,0.0,598.2511944538036,50.11224721385764,18.627879948771685,3.67865895503,299.3942644479077,5.899008355352202,1.0764124192262008
2022-05-08,0.32987481168539323,15.9,KERVILCO,0.0,535.1813266476532,46.000564275234254,16.10643340526478,3.789323824322176,323.65230965472307,5.68864592509057,0.9254876681145472
2022-05-09,0.35892039258850966,17.3,KERVILCO,0.0,529.0080488962222,42.56789028290319,14.257479292902664,2.1743336285830384,302.1464085720616,5.598296262385593,0.8756204513118078
2022-05-10,0.3526963395378418,17.0,KERVILCO,0.0,592.3745584674833,39.12578755980312,16.98959400886221,2.216647692581315,273.5366256016709,5.873188868461047,1.031135403938585
2022-05-11,0.3651444456391775,17.6,KERVILCO,0.0,579.7588168574526,35.15760955530168,17.774213237749123,3.606635728472184,295.4321778627376,6.2012811247542645,1.1142068583950775
2022-05-12,0.3672191299894,17.7,KERVILCO,0.0,481.7643816059576,32.54995197044832,11.276065716231422,0.4289501199344993,311.6063299934057,4.9515857149894495,0.7212555275745337
2022-05-13,0.34232291778672885,16.5,KERVILCO,0.0,603.2720402801403,30.89134138600064,13.518664597044816,-1.9124311926892417,206.5912381979809,5.181777659836975,0.8496422619019282
2022-05-14,0.31742670558405767,15.3,KERVILCO,0.0,626.1433566395788,28.265557543628645,17.197593994987322,0.6017483601743363,232.67269865421088,5.728105524876232,1.0746570868339955
2022-05-15,0.3153520212338351,15.2,KERVILCO,0.0,613.7908184382449,24.80405614672277,19.34833522120798,3.0434707732475283,276.7782975565887,5.850534063834114,1.211805280270598
2022-05-16,0.33817354908628366,16.3,KERVILCO,0.0,549.4180731582808,21.22764199008792,17.609246263107025,3.7777781151466936,315.93500841964675,5.245109887485046,1.1413460489811114
2022-05-17,0.33402418038583853,16.1,KERVILCO,0.0,590.468342314972,18.00283672507245,18.75652494021476,3.249586702499892,286.43776185140206,5.392878802206422,1.1703637010154424
2022-05-18,0.33817354908628366,16.3,KERVILCO,0.0,577.5837566534029,15.228259270915988,17.57432206122674,2.682457483698217,269.99555669201067,5.319473502774877,1.0223390354752673
2022-05-19,0.32780012733517067,15.8,KERVILCO,0.0,555.2754347618,12.290600613501896,18.402048167038,4.066287667718546,301.80924986625126,6.790086764225545,1.2148211502992377
2022-05-20,0.3132773368836125,15.1,KERVILCO,18.677924156665,446.0578978819909,12.547306879320017,12.917702247836957,-3.395653395800578,242.73301236185443,3.4863865140519694,0.4803963308356009
2022-05-21,0.32572544298494804,15.7,KERVILCO,14.929881189790676,204.73183648100968,14.693559176290378,1.158452293796996,-4.870973352108427,425.85714836738816,1.2963761547386052,0.1027756149748161
2022-05-22,0.3236507586347255,15.6,KERVILCO,0.0,395.0895290069464,14.09474725026937,5.75383115239564,-3.2292356328684027,401.5667418793813,2.3745100026852497,0.2295883666226988
2022-05-23,0.3153520212338351,15.2,KERVILCO,11.568254301867022,342.03470152478246,13.244326996679469,8.955846059683745,-1.639404012856604,456.8449612272498,3.5099364902044057,0.463667759215676
2022-05-24,0.31120265253338986,15.0,KERVILCO,6.341452836506397,347.6054327130369,14.012398634630172,6.3519882800904295,-4.432281460747267,387.9116344296402,2.6781537966547173,0.2646214784948026
2022-05-25,0.28423175598049605,13.7,KERVILCO,0.0,625.4557947107595,13.953737073393144,12.3065232107165,-5.247391778606926,212.34200973741773,4.514232539935445,0.6202755300761704
2022-05-26,0.28008238728005086,13.5,KERVILCO,0.0,602.0528365978682,12.413754076998076,18.32471739352077,1.468617676657205,323.1983217057411,5.758457288183212,1.0977524835307058
2022-05-27,0.27593301857960567,13.3,KERVILCO,0.0,571.4178425139991,10.493582957496775,20.22179084833177,4.637013753556693,414.2543052949309,5.890952113067358,1.207956130306422
2022-05-28,0.26348491247827005,12.7,KERVILCO,0.0,555.2971555391156,9.014438782669393,19.547042342470927,4.439489850434309,424.66886942222646,5.868380314474487,1.0982436446285753
2022-05-29,0.2717836498791605,13.1,KERVILCO,0.0654147951691239,583.3340227273628,8.654453187222916,15.465472059048995,-1.0383148578370505,292.96985755421025,4.834484641823546,0.7435399758760627
2022-05-30,0.2821570716302735,13.6,KERVILCO,0.0,472.85809465095855,8.533434474207606,8.194716307181597,-3.435480359282844,327.69204234007424,3.8439918936701214,0.5145991745100162
2022-05-31,0.2717836498791605,13.1,KERVILCO,0.0,583.1239308479136,8.133076093742597,15.2743989025026,-1.1953928320037996,288.3029727733321,4.375275420799838,0.7036517967337129
2022-06-01,0.2676342811787153,12.9,KERVILCO,0.0,462.18046882352405,7.540336057801109,12.77905631794485,0.9992416218760676,427.12738158261664,4.1440151441252375,0.5520817916990934
2022-06-02,0.2593355437778249,12.5,KERVILCO,0.0,560.2761404062801,6.951155317423329,17.475777875507962,1.906013113207312,360.1783032687205,4.907457381483918,0.8440960337130233
2022-06-03,0.26348491247827005,12.7,KERVILCO,0.3610448858225502,479.69963547118033,6.335564522055999,15.58395829520794,3.12268277887203,463.9233083258785,4.90214640540984,0.8514528537660561
2022-06-04,0.2510368063769345,12.1,KERVILCO,0.0,528.6049915796223,5.747989078158487,17.989603992500367,3.6976549929737255,412.2500142549415,5.360077920616464,1.0729060522994525
2022-06-05,0.2448127533262667,11.8,KERVILCO,0.0,529.2583924446769,5.150127115878308,18.80653211583409,4.638446285944328,413.371883086026,5.564084400127369,1.0249762164150464
2022-06-06,0.2448127533262667,11.8,KERVILCO,0.0,511.4546493860829,4.574886983827223,18.207997068867407,4.775418116056138,426.9824352667442,5.258700104911117,0.9499763638174858
2022-06-07,0.2448127533262667,11.8,KERVILCO,0.0,539.8110159506185,3.966093606042178,20.29005095209046,5.6045925339138405,413.6245333393031,5.707547113417884,1.069271232731858
2022-06-08,0.2365140159253763,11.4,KERVILCO,0.0,544.1463432473228,3.304434495324728,21.191122783884182,6.083836482839099,401.6772919945193,5.9668231462028825,1.239775390836198
2022-06-09,0.2240659098240407,10.8,KERVILCO,0.0,531.1930628586109,2.7785827533952268,21.437404340255487,6.801313094436488,432.2601742372033,6.113853121703527,1.3271185565338344
2022-06-10,0.21369248807292773,10.3,KERVILCO,0.0,563.9806071459118,2.31881200394128,24.185214465471567,7.6510338987956175,421.4938033108608,6.861285809244655,1.593395545293732
2022-06-11,0.2053937506720373,9.9,KERVILCO,0.0,553.296406777424,1.896656688979484,24.993395203120105,8.913580908624112,458.1535511131727,7.013397258449319,1.617760457118567
2022-06-12,0.20207425571168114,9.74,KERVILCO,0.0,508.34193868308,1.4901487318109838,22.54994346309171,8.622580927583222,503.7388765575573,6.344334661034332,1.4255998138738617
2022-06-13,0.1858917177799449,8.96,KERVILCO,0.0,516.9219184442113,1.1239948829975088,23.21366475479032,9.023614189025071,501.5460356330599,7.245632351966104,1.4190369794136368
2022-06-14,0.16016563183718466,7.72,KERVILCO,0.0,493.7052906583872,0.8270626629153798,20.125098352634403,6.986669643941346,477.6341243069968,6.503327784056372,1.1189581122197174
2022-06-15,0.13900385146491412,6.7,KERVILCO,0.0,598.488645305991,0.7106858385624353,22.17403943328182,3.3975870913703314,285.4451146501063,6.589690852738836,1.326221746294151
2022-06-16,0.1284229612787789,6.19,KERVILCO,0.0,582.1959406009298,0.5570619923077282,24.55684599156492,6.6581840846928175,362.4056107100028,6.622305411403263,1.7016129167158232
2022-06-17,0.12261384509815562,5.91,KERVILCO,2.5861748451758326,403.4435058555162,0.4213666738017793,22.68727370420156,8.096917570246218,557.6257473033963,6.180616254937585,1.2942284653339209
2022-06-18,0.13838144615984735,6.67,KERVILCO,7.229334127906556,285.5863950473648,0.3075847710386052,16.828374450430733,7.3137137065064355,755.5033642799103,4.096169870961532,0.7067744856771148
2022-06-19,0.17800791724909898,8.58,KERVILCO,1.81457056471133,307.66719550041705,0.2284050489526387,13.487890553456175,5.638967765214216,696.6776945501242,3.84297025386579,0.4891427952828081
2022-06-20,0.1402486620750477,6.76,KERVILCO,0.0,532.0206136699368,0.1671335401957429,18.80447272718705,4.067713217875561,383.2863617182009,5.491417977556894,0.8763917969418091
2022-06-21,0.12074662918295528,5.82,KERVILCO,0.0,526.9040135624826,0.1054969843578538,18.336823443034216,3.663537985758633,380.0753624010895,4.291487759145253,0.9551984854063608
2022-06-22,0.11638979204748781,5.61,KERVILCO,0.0,466.265447492112,0.0746627399946884,15.374006834281175,3.1878589624029834,434.2577643132815,3.9176466855021888,0.6708485600531894
2022-06-23,0.11659726048251007,5.62,KERVILCO,5.373231164350165,389.5001850979312,0.0313347318494487,17.77019141835939,5.600023946295264,582.2172477980873,4.421663219585764,0.6859302407883751
2022-06-24,0.11638979204748781,5.61,KERVILCO,2.514368579152112,408.2851193539017,0.0038005390997032,17.56776682770648,4.896036728682532,564.538785439062,4.892635914613824,0.8034032117800404
2022-06-25,0.11016573899682,5.31,KERVILCO,7.751669849914178,359.8840160468253,0.0,18.16776841857272,5.216632053207936,638.3252744199609,4.505667021800499,0.7686899054574473
2022-06-26,0.11721966578757687,5.65,KERVILCO,13.00405612535665,201.4412410624757,0.0,11.49199201077623,5.061463194787415,862.4627348534351,3.195244723455485,0.2908748485960424
2022-06-27,0.14605777825567096,7.04,KERVILCO,2.4252048114314744,410.8201373237599,0.0,17.94964931930807,4.185757876783318,626.1161699803127,4.283145260879876,0.6025583138640745
2022-06-28,0.11659726048251007,5.62,KERVILCO,0.0,534.175509369261,0.0,19.40633400915181,4.550378682256272,503.9478883588736,4.591231584985308,1.0200915105417998
2022-06-29,0.1039416859461522,5.01,KERVILCO,0.0,533.0149754003808,0.0,21.28716840201665,6.351183980091461,551.3407760670385,5.610898165959719,1.1650004871557773
2022-06-30,0.10311181220606318,4.97,KERVILCO,6.604667387382827,340.7507909141535,0.0,19.459734116737984,7.597435669773476,837.7217888606299,4.5019932706869135,0.8388110194018682
2022-07-01,0.16141044244731823,7.78,KERVILCO,2.6178293524873486,345.1751905173884,0.0,18.62782414043364,6.648283911736718,810.1864328383447,4.101041577746241,0.6860101193835236
2022-07-02,0.17385854854865382,8.38,KERVILCO,0.0,507.8935628513152,0.0,19.39325419564299,5.757859641996061,602.7912541944484,4.450890194734622,0.7845625732608386
2022-07-03,0.13941878833495866,6.72,KERVILCO,13.011113753688027,328.02806214542704,0.0,17.789144505709018,6.629474211975224,813.7996850910095,3.975105680874641,0.6363608551094416
2022-07-04,0.14107853581513674,6.8,KERVILCO,1.1082932318477945,523.7932544652527,0.0,20.91153777344232,6.530071529515878,636.3323848176365,4.396429449630252,0.8137968858166392
2022-07-05,0.12904536658384566,6.22,KERVILCO,4.283009877962891,324.8784477267146,0.0,17.951949757699158,6.945009176903511,889.9213103085273,3.7660610615038888,0.6325390213365177
2022-07-06,0.13049764562900149,6.29,KERVILCO,2.138376436369665,444.1412516883327,0.0,18.4157841230747,4.670400661674975,664.9587474161762,4.155675344977149,0.6042337938674595
2022-07-07,0.11099561273690904,5.35,KERVILCO,0.0,541.4402007513336,0.0,21.025401234170577,5.713786256090783,615.3064768673365,4.827333550426053,0.9845040062057692
2022-07-08,0.09564294854526183,4.61,KERVILCO,0.0099321153472455,575.4361698353359,0.0,24.899665196165422,7.174371276511588,628.5543356587585,5.142660807414421,1.2622698172170703
2022-07-09,0.09336079576001696,4.5,KERVILCO,0.0,545.5847698215605,0.0,25.505708011135827,9.428903195176568,760.3708859124063,5.547356138149718,1.5050697330270038
2022-07-10,0.08713674270934915,4.2,KERVILCO,0.0,503.32712290209344,0.0,23.53153648908347,9.63853049813791,829.6304567493238,5.033952270862104,1.2324342199210654
2022-07-11,0.08983383236463854,4.33,KERVILCO,0.0,487.92723429638215,0.0,20.76102391113153,7.736936221189866,761.2152662637416,4.753266096011974,1.0013923060338248
2022-07-12,0.09336079576001696,4.5,KERVILCO,4.989139793470637,443.83318884629546,0.0,21.94828466010656,6.938880239245956,765.3730161350215,5.029276862516883,1.013855788254396
2022-07-13,0.08132762652872588,3.92,KERVILCO,0.0,546.1426535461005,0.0,22.68668198957605,6.836792772032294,673.6669926343313,5.2337060086060925,1.1359332625387766
2022-07-14,0.08029028435361459,3.87,KERVILCO,6.412842174317531,370.2190792650784,0.0,23.22398817901393,9.362803232356049,1003.5201984588442,4.899820348529476,1.199961387711648
2022-07-15,0.07676332095823617,3.7,KERVILCO,0.0,486.9700238547516,0.0,22.573432181156097,9.485180197878847,898.6665050294223,5.006242736874039,1.076883625257853
2022-07-16,0.0713691416476574,3.44,KERVILCO,0.0,529.5472678969353,0.0,23.171452899260213,8.290559673518779,784.5207375448392,5.330671170091778,1.0885534466298734
2022-07-17,0.0657674939020564,3.17,KERVILCO,0.0,530.3915156164859,0.0,23.930864123829046,8.927700591918013,814.6815144519619,5.173997513121535,1.2844670659245947
2022-07-18,0.06265546737672249,3.02,KERVILCO,0.4075801157601476,481.3185602491309,0.0,23.77707722178236,9.81646932890275,920.2003559524978,5.542783997442946,1.2033113880818518
2022-07-19,0.05995837772143312,2.89,KERVILCO,4.089577078497958,395.0337084579508,0.0,24.570685800579863,8.804154963260254,958.4400513938316,6.069035975953942,1.287419041632527
2022-07-20,0.07904547374348103,3.81,KERVILCO,1.495382184708743,500.650762508667,0.0,23.315114254713624,9.241405905742962,886.9035124256861,5.1253735536362885,1.2047715391923433
2022-07-21,0.061203188331566676,2.95,KERVILCO,0.0,518.792260870347,0.0,23.055895874319475,8.13521879749375,813.8903202548018,5.1458720199947,1.225924605978281
2022-07-22,0.05933597241636633,2.86,KERVILCO,0.0,477.59037602283,0.0,23.15733748944341,9.88412465151406,959.3306352670512,4.760440559237417,1.3090609312255843
2022-07-23,0.07240648382276872,3.49,KERVILCO,4.940017965207985,380.9838173674496,0.0,23.886308353072828,8.949097197558265,1009.165126470872,5.118894574090861,1.2498199990365253
2022-07-24,0.07157661008267968,3.45,KERVILCO,2.022355659992373,388.9888355678729,0.0,20.909672120094218,8.588123871599324,1008.856422111788,4.123995896968695,0.7243363000220707
2022-07-25,0.06867205199236803,3.31,KERVILCO,1.0289810637456482,396.9424855197744,0.0,18.51179995061887,8.322059786326477,996.5045567575,4.03541643321782,0.5970809730704839
2022-07-26,0.0668048360771677,3.22,KERVILCO,1.9413929685059208,420.5793372133259,0.0,20.251123799107003,6.986329215191191,881.5330793973487,4.524295363496503,0.8165575096934161
2022-07-27,0.05248951406063176,2.53,KERVILCO,6.709902452798159,329.42980530205574,0.0,20.545088708501886,8.570328448553507,1089.7456934681582,4.170230599593127,0.8914531936229303
2022-07-28,0.07780066313334746,3.75,KERVILCO,25.14410193915105,210.02113380722827,0.0,14.542769662687528,7.747181823386838,1057.2168460934938,2.971082491516245,0.3323243825324605
2022-07-29,0.12178397135806657,5.87,KERVILCO,13.233313035649209,232.0150775343903,0.0,14.389863228909784,6.882717713243073,995.4770867857164,3.048144765171704,0.3035815785778791
2022-07-30,0.09543548011023954,4.6,KERVILCO,0.0,475.1384465561379,0.0,19.11618889940705,6.365336909015971,910.41302288754,3.586669316922865,0.5775558225599045
2022-07-31,0.09294585888997245,4.48,KERVILCO,12.563093645220166,361.4824270216868,0.0,20.55137163330238,7.084837126464502,1006.6745634451868,4.070137400693939,0.8397843662242415
2022-08-01,0.09626535385032858,4.64,KERVILCO,12.762402548416617,373.1832879222509,0.0,21.183685073288924,6.955659390281295,1000.6491431383868,4.060087815469079,0.7836631108276821
2022-08-02,0.07676332095823617,3.7,KERVILCO,5.806877297841945,354.3842096650212,0.0,20.91690194533393,8.101386251126204,1080.0867912305434,5.132711038633589,0.8359292539886649
2022-08-03,0.06597496233707865,3.18,KERVILCO,3.1282998896141807,338.92682263150687,0.0,21.44778337999412,9.004696652994852,1148.1036555442015,4.427333549804044,0.9276230342455356
2022-08-04,0.11286282865210939,5.44,KERVILCO,2.9369372113691723,346.01272405900056,0.0,21.425128346873795,8.54519486800989,1113.0885733388986,4.506598750912866,0.9511869833463916
2022-08-05,0.1831946281246555,8.83,KERVILCO,2.0365778120824496,401.8924711108792,0.0,21.85323073086392,9.3022059198505,1159.1613069305622,4.372816271450448,0.8798828620029362
2022-08-06,0.12406612414331143,5.98,KERVILCO,3.433761277836193,338.3515929363359,0.0,21.676025080889502,9.14739344267674,1158.983466518377,4.325153936368211,0.8566766545552867
2022-08-07,0.1821572859495442,8.78,KERVILCO,3.969643270595313,357.5105361402788,0.0,22.34982031737503,8.902468786601089,1140.4324365416355,4.52827858820933,0.8809310861413108
2022-08-08,0.141286004250159,6.81,KERVILCO,1.9886629396673248,442.7689268687161,0.0,22.169483956423967,7.707813381930568,1046.5983278337312,4.275351862443917,0.8885970534625689
2022-08-09,0.12136903448802204,5.85,KERVILCO,0.0,491.8659582339579,0.0,22.0797198303432,8.074092035654408,1063.2733058065614,4.722168933928324,0.98040098417008
2022-08-10,0.10207447003095187,4.92,KERVILCO,0.0,493.30846752009217,0.0,22.41359923915782,8.255267394036881,1076.7525895227786,4.889950460294519,0.9590852198051436
2022-08-11,0.09647282228535085,4.65,KERVILCO,0.0,513.5361029082998,0.0,22.9272909355792,7.674321968049039,1027.7338624618912,4.472723085635682,0.9658450570992234
2022-08-12,0.09149357984481662,4.41,KERVILCO,0.0,501.2552701971592,0.0,22.30177384677027,7.704889013677515,1035.1591287446438,4.357409094047287,0.902812217712831
2022-08-13,0.08506205835912656,4.1,KERVILCO,0.0,491.2324169639154,0.0,22.236401462685045,8.070377379240306,1064.7864595174372,4.368952847111028,1.0687224824457675
2022-08-14,0.08112015809370363,3.91,KERVILCO,0.0,495.6125956611472,0.0,22.9322624444557,8.40633588495566,1088.446891395468,4.76883295082117,1.1045822024281924
2022-08-15,0.07572597878312486,3.65,KERVILCO,2.8917939626279203,358.6898013469063,0.0,21.249590414287848,7.595195503069207,1043.4339054292109,4.039353070507105,0.8495437778382013
2022-08-16,0.08547699522917108,4.12,KERVILCO,5.749063933852872,226.18196086001944,0.0,14.608639560044576,7.30191208619587,1024.8339745122096,2.7829589760365776,0.2852916746854599
2022-08-17,0.10954333369175323,5.28,KERVILCO,1.3636987096858475,308.36110711146114,0.0,15.022014191843208,6.838623013886266,991.104015048604,2.755355911585564,0.3382389947257816
2022-08-18,0.08547699522917108,4.12,KERVILCO,0.0,517.1889209821575,0.0,19.90187244235028,4.984629786624271,867.032257515739,4.272816163546027,0.84745998188944
2022-08-19,0.07800813156836972,3.76,KERVILCO,5.995334595492398,349.6907225947093,0.0,18.245907938852067,5.681745032447614,915.5112497596864,3.4681774419673674,0.7297604158969453
2022-08-20,0.10663877560144158,5.14,KERVILCO,2.559134801272477,287.4143048487291,0.0,15.091556983051044,6.293503372313232,955.12174209646,2.9925027421213337,0.4160849867025821
2022-08-21,0.09004130079966079,4.34,KERVILCO,7.215637067935896,330.10158088610206,0.0,16.22222959627538,4.892774628218762,866.1078940053212,3.2055904935002992,0.4504172926403151
2022-08-22,0.12136903448802204,5.85,KERVILCO,12.49875213862584,309.4177908917554,0.0,15.78196132511138,5.520710478439567,905.2689987872668,2.808532176940145,0.4366237364955078
2022-08-23,0.13381714058935765,6.45,KERVILCO,4.133241833301596,430.1815044337956,0.0,18.239422934554604,5.39712952794753,893.7670304090631,3.668177394231288,0.6361675006229147
2022-08-24,0.09626535385032858,4.64,KERVILCO,4.9494286337921,363.0912146271098,0.0,19.73299025727613,6.133274412286854,943.351945071065,4.071538338641042,0.8279341806536653
2022-08-25,0.0935682641950392,4.51,KERVILCO,8.503207893951704,368.8698055306305,0.0,19.493405133982648,5.580188685925544,908.2822031871176,3.584206838821368,0.7212139335727025
2022-08-26,0.1097508021267755,5.29,KERVILCO,8.75890717262524,242.20893097913967,0.0,13.779015366691768,6.047121896160163,938.8033184163096,2.534111996949928,0.3103896732797582
2022-08-27,0.10477155968624124,5.05,KERVILCO,0.0,495.7857716355261,0.0,18.529199623164267,4.451366353180162,838.4936753454186,4.174686341455332,0.7726245447544525
2022-08-28,0.08983383236463854,4.33,KERVILCO,2.7664370597894448,409.07668386980265,0.0,18.61326276650266,4.8134268285637045,860.6870099497032,4.461575330868685,0.8803534064827331
2022-08-29,0.083817247748993,4.04,KERVILCO,0.0,514.8574045491074,0.0,20.46011116794174,4.585108368294653,844.8091741983777,4.36030080837242,1.028399060569521
2022-08-30,0.08008281591859233,3.86,KERVILCO,0.0,493.45123733378847,0.0,21.908753826964823,6.965594148212202,998.0409977456452,4.329386734525312,1.1220365653402664
2022-08-31,0.07842306843841423,3.78,KERVILCO,0.0,477.6011643995087,0.0,22.17653448660797,7.80852717590992,1056.9875076444753,4.43935310507784,1.145610474230291
2022-09-01,0.07531104191308034,3.63,KERVILCO,0.0,495.8848272156492,0.0,21.51521831456723,6.16464976585906,944.1061321973348,4.564636821489137,1.2074772968775724
2022-09-02,0.07282142069281322,3.51,KERVILCO,0.0,486.9165458160011,0.0,22.741188352895275,7.545824416952918,1038.270779802916,4.939606055218165,1.420046908947232
2022-09-03,0.0692944572974348,3.34,KERVILCO,4.665771224939789,358.1169127950827,0.0,20.923109391561457,6.850709485292062,990.92359624787,4.129479914686455,1.057584755208694
2022-09-04,0.07053926790756837,3.4,KERVILCO,0.0,503.9533014395547,0.0,23.386954808305774,6.74334432213109,982.4331773131674,4.999241285024834,1.37326378123121
2022-09-05,0.06286293581174475,3.03,KERVILCO,0.0,498.2580216161416,0.0,24.435258642321514,7.660820264030204,1045.8526811711758,5.612452171324163,1.560804642649888
2022-09-06,0.05892103554632181,2.84,KERVILCO,0.0,472.4230189425454,0.0,24.24064494735933,8.85721574479112,1135.7136469320517,4.585641119024814,1.5749079868252485
2022-09-07,0.056431414326054696,2.72,KERVILCO,0.0,458.7704984361466,0.0,23.42170532010509,8.747106943894996,1127.7144302155411,4.413300752298619,1.6268420180268095
2022-09-08,0.05622394589103244,2.71,KERVILCO,0.0,485.7852158410781,0.0,24.09355321120417,7.718598056127536,1051.1873301512103,4.586509616842033,1.5461445635898128
2022-09-09,0.052282045625609494,2.52,KERVILCO,0.0,479.6930109367869,0.0,21.711176929154625,5.97602042216937,933.189069918216,5.105184533251632,1.2587780980459922
2022-09-10,0.044813181964808144,2.16,KERVILCO,0.0,409.4006453281133,0.0,16.76888059467759,4.778525162304877,858.6062655034294,3.771368681255909,0.7657761849173653
2022-09-11,0.03651444456391774,1.76,KERVILCO,0.0,498.1026351688541,0.0,19.88276029211492,2.978707185041797,756.35693544607,4.352650557931802,1.0836285001001624
2022-09-12,0.03547710238880644,1.71,KERVILCO,0.0,480.0499348901465,0.0,19.92896510447876,3.937573802359692,809.483868776433,4.355445803344312,1.2711929808852722
2022-09-13,0.043568371354674576,2.1,KERVILCO,9.699018544926387,336.81381104738324,0.0,18.354215128021696,4.056699958650022,816.4201099565475,3.981122113857758,0.9439000330793736
2022-09-14,0.05414926154080983,2.61,KERVILCO,17.078760509796265,241.97099699340475,0.0,13.201706777884082,4.180071551471871,823.8463035528407,2.4642408046780817,0.4300988257567991
2022-09-15,0.07074673634259063,3.41,KERVILCO,0.0,364.7291025783311,0.0,14.275353256444047,3.5673445287724586,788.6276507082327,3.317719874971184,0.5559315824057631
2022-09-16,0.05684635119609922,2.74,KERVILCO,0.0,438.1217605221676,0.0,16.978219978091587,2.9335090305907467,754.0463308668398,3.718089242540205,0.763611875067598
2022-09-17,0.05103723501547593,2.46,KERVILCO,0.0,458.1267641376037,0.0,18.56754813366122,3.226273671532903,769.8668064908146,4.153036500200813,0.9332484693274294
2022-09-18,0.04460571352978588,2.15,KERVILCO,0.0,452.35255632543016,0.0,19.84864100287756,4.525760543353941,843.6196151235285,4.527167222269054,1.0948181238167614
2022-09-19,0.04439824509476362,2.14,KERVILCO,0.0,410.40390450410746,0.0,18.74098958940872,5.3588269830706095,894.1325407451866,3.7941199984551592,0.8988669258017522
2022-09-20,0.04315343448463006,2.08,KERVILCO,0.1792206577261229,439.6812501795452,0.0,20.97783743958716,5.79162391006187,921.4421288700164,3.494303020882428,0.9844843749952242
2022-09-21,0.05248951406063176,2.53,KERVILCO,13.669918479207295,149.7745719575306,0.0,13.553331345290994,7.673745972452249,1049.091964792259,2.560284196832629,0.4644407812007742
2022-09-22,0.12717815066864532,6.13,KERVILCO,7.41056067809254,218.6851189505347,0.0,12.658246673096404,4.094114337017928,820.8714306020748,1.8522212018086348,0.251348379801674
2022-09-23,0.09004130079966079,4.34,KERVILCO,0.0,385.16698840466506,0.0,15.449387015298637,3.184036475704228,767.6022426283682,3.5780240196518616,0.6115653414876366
2022-09-24,0.06431521485690057,3.1,KERVILCO,0.0,447.0823251229748,0.0,17.17011977817718,1.617020395614435,686.3974262410317,4.1287477907097205,0.953400545533035
2022-09-25,0.05705381963112147,2.75,KERVILCO,0.0,423.4157948932697,0.0,17.385239754543186,2.791969644333504,746.501473747884,3.6786163478900327,0.9536757400430882
2022-09-26,0.05663888276107695,2.73,KERVILCO,0.0,440.0092212735015,0.0,18.60746694411665,2.802221551924783,747.0703215727114,3.881421534282262,1.0252224575171691
2022-09-27,0.05850609867627729,2.82,KERVILCO,0.0,405.9110339083715,0.0,17.34139866387958,3.415305317588696,780.226837317641,2.440454591122299,0.7972959176894494
2022-09-28,0.06348534111681153,3.06,KERVILCO,0.0,362.6824050968821,0.0,15.594928951732474,3.6825746758036297,795.0071865540172,2.9395294855654184,0.7595873705194593
2022-09-29,0.0692944572974348,3.34,KERVILCO,0.0,340.5166432620372,0.0,14.939264603031804,3.904195542645087,807.6796505754669,3.099168068406382,0.6783108735708526
2022-09-30,0.06659736764214542,3.21,KERVILCO,0.0,396.33583106980666,0.0,15.475194535355875,2.064851030891325,708.7437110208544,3.023446824434717,0.7151003384375144
2022-10-01,0.06784217825227899,3.27,KERVILCO,5.1248128161303885,250.6047598959495,0.0,12.044814162323991,1.5215816471562311,682.5656692805986,2.6898771958606456,0.5125014182940202
2022-10-02,0.10705371247148612,5.16,KERVILCO,11.303544991663234,176.3680345483804,0.0,8.44028517539908,1.4940051898679592,681.005223271724,1.5857509049570817,0.176533558960465
2022-10-03,0.1180495395276659,5.69,KERVILCO,0.0,328.3791967961107,0.0,11.212693425503144,1.1020817966138583,661.8381394065799,2.1618614906296947,0.3609903181282711
2022-10-04,0.10248940690099641,4.94,KERVILCO,0.0,336.4646848902196,0.0,11.99518189673488,1.5676945886878992,684.0477031738105,2.2193304869161588,0.4680090450311492
2022-10-05,0.09543548011023954,4.6,KERVILCO,2.413662104518404,239.3120133958916,0.0,10.193010533924276,1.2018175737968335,666.260850921922,2.225047420615988,0.3527423394456853
2022-10-06,0.08630686896926013,4.16,KERVILCO,0.0,398.676492737818,0.0,12.547447367327916,-0.6538627684277021,582.2723891337041,2.337476277874217,0.5139645969995441
2022-10-07,0.08775914801441595,4.23,KERVILCO,0.0,376.37856062885646,0.0,12.189238623522956,0.0103454123874408,611.2650348127261,2.430431605591315,0.5441905420725646
2022-10-08,0.1004147225507738,4.84,KERVILCO,0.0,379.6303580411916,0.0,12.273153258736198,-0.0875401821283493,606.8428348727737,2.582592912539203,0.5661295753773555
2022-10-09,0.09294585888997245,4.48,KERVILCO,0.0,407.19397640770944,0.0,13.06634086499591,-0.8904086399627191,572.3707120847849,2.371368656935643,0.6203474017073164
2022-10-10,0.08838155331948272,4.26,KERVILCO,0.0,387.73169047575993,0.0,11.840657227464035,-1.2049206369950858,559.3198489711859,2.6194236220141187,0.6172366928284289
2022-10-11,0.08402471618401526,4.05,KERVILCO,0.0,386.2714083689565,0.0,11.99670131088061,-1.0403680402390956,566.0960714299525,3.428415015360183,0.6333203550089358
2022-10-12,0.08029028435361459,3.87,KERVILCO,0.0,411.0702343136216,0.0,13.614084698539749,-1.1223094037323238,562.779238868143,3.80348406507308,0.7923922630412533
2022-10-13,0.0786305368734365,3.79,KERVILCO,0.0,404.56723714034285,0.0,13.008069285037038,-1.4350291158029478,549.9370203974371,3.4709028278641667,0.7551885138517657
2022-10-14,0.07904547374348103,3.81,KERVILCO,0.0,423.5163893104136,0.0,14.439115502045626,-1.9806948230332504,528.2577624528374,3.3197896825997897,0.8408335828927112
2022-10-15,0.07800813156836972,3.76,KERVILCO,0.0,406.4733672168528,0.0,13.859275533999789,-1.5189853850122987,546.5786666126246,2.9009882985587563,0.8152723684076392
2022-10-16,0.08132762652872588,3.92,KERVILCO,0.0,312.6316579299731,0.0,8.256860021188023,-2.009478216262345,527.081877647599,2.1325479626778554,0.3813992908715304
2022-10-17,0.08049775278863684,3.88,KERVILCO,0.0,389.8013721166613,0.0,10.833069124514084,-3.453748307288862,473.42227405610174,1.8337426109998816,0.4828202051591334
2022-10-18,0.07925294217850329,3.82,KERVILCO,0.0,410.3895226615324,0.0,12.195280980621138,-3.944177596359848,456.29653403301313,2.518711541584497,0.6303104856512813
2022-10-19,0.06597496233707865,3.18,KERVILCO,0.0,420.22285936742855,0.0,14.765406189137488,-3.0897753728034663,486.5022634342664,3.365385481928127,0.8510265815044209
2022-10-20,0.061618125201611196,2.97,KERVILCO,0.0,403.188598629766,0.0,14.602078235429843,-1.8723922594308189,532.5037578277979,3.1493294635178763,0.8877930837039967
2022-10-21,0.06348534111681153,3.06,KERVILCO,0.0,366.1587576845681,0.0,12.258044341285595,-1.818726495821216,534.604828310427,3.496299637220438,0.7497238091258439
2022-10-22,0.06307040424676702,3.04,KERVILCO,0.0,322.51463327264725,0.0,12.29474531469288,0.4785960515147404,632.4928565063254,3.1251073431355425,0.6103324305465355
2022-10-23,0.07095420477761288,3.42,KERVILCO,4.997766793871048,292.65268087829804,4.343538308071418,5.969503851929567,-7.872841153937106,340.7633540574408,1.2074706465296456,0.1521330419456146
2022-10-24,0.058713567111299554,2.83,KERVILCO,0.0,322.21620846489697,4.343538308071418,-1.018779742039552,-11.113226217936528,262.1645728933177,1.2714818271538302,0.1628744473844426
2022-10-25,0.057883693371210514,2.79,KERVILCO,0.0,407.7239714102644,4.343538308071418,4.4104831815660965,-10.232085830585907,280.93718229973405,1.7427207162854583,0.2619433622027646
2022-10-26,0.07282142069281322,3.51,KERVILCO,0.1310618591841745,254.4988905401549,3.853623160863375,3.346235739008996,-4.617670625812189,433.67741440401727,1.346158191795251,0.2192709098795139
2022-10-27,0.07053926790756837,3.4,KERVILCO,0.0,273.8198915887588,3.853623160863375,0.6227649658012688,-7.6478007389326415,344.82857300954265,0.9118165728304138,0.104636451514264
2022-10-28,0.06452268329192283,3.11,KERVILCO,0.0,427.3250922711177,3.853623160863375,7.7676117082613425,-9.162089435333288,305.5371767419622,1.525942570492534,0.3146411137574366
2022-10-29,0.06597496233707865,3.18,KERVILCO,0.0,407.5290042886973,3.853623160863375,8.38957872459295,-7.328669244503407,352.467994581534,1.9447438973864168,0.465095330166708
2022-10-30,0.06638989920712317,3.2,KERVILCO,0.0,352.9906915456046,3.814852756714648,6.426234728857381,-5.990912436233027,390.680762656893,1.592416236037316,0.3424964293870771
2022-10-31,0.06369280955183379,3.07,KERVILCO,0.0,375.99539913921245,3.813857116491672,7.674263765631744,-6.422434524253562,377.9670731143775,2.0451565674111274,0.4298119886344508
2022-11-01,0.060788251461522155,2.93,KERVILCO,0.0,378.9530810612276,3.360534086968752,10.002464179203104,-4.7792532778409855,428.4420276271306,2.1178596135697343,0.5735569570664422
2022-11-02,0.06638989920712317,3.2,KERVILCO,0.0,320.91336754190246,2.030834582826944,9.385226119167974,-2.213209534345153,519.2436925596037,2.603700345369637,0.5908798327222171
2022-11-03,0.06721977294721222,3.24,KERVILCO,6.432026883234126,221.26201268644496,8.320162059518887,1.9367405366806945,-8.178070269052744,331.35821330707216,0.990712471757807,0.1466177507880684
2022-11-04,0.06970939416747933,3.36,KERVILCO,0.0,234.49369972160204,8.320162059518887,-3.117923542317424,-10.738030686711229,271.3219684485187,1.1922365266536308,0.1637489616690882
2022-11-05,0.08734421114437142,4.21,KERVILCO,0.0,311.9820393100286,8.320162059518887,2.3076370249457336,-8.630246605263318,319.0056478276888,1.600868512174222,0.2308069633906392
2022-11-06,0.07489610504303582,3.61,KERVILCO,0.0,290.0886251515531,7.484083400360221,6.292550316769639,-3.963925367726458,455.549199968046,1.5156533929703546,0.3097494280669325
2022-11-07,0.06970939416747933,3.36,KERVILCO,0.0,330.9105316636361,6.2553452470370745,9.524001549343147,-3.002780935474016,489.5819983723389,2.3571128861598147,0.5382107109221155
2022-11-08,0.06950192573245706,3.35,KERVILCO,0.0,320.2105569345995,4.646982121838893,10.01964958395356,-2.0723742955988733,524.7213797173063,2.7144887240681737,0.6129080640218852
2022-11-09,0.06556002546703413,3.16,KERVILCO,0.0,382.1608867758876,4.646982121838893,8.835011470179396,-7.39610195669262,350.99001933326304,2.6296895232630164,0.4601051462927952
2022-11-10,0.06099571989654441,2.94,KERVILCO,0.0,297.8584338666708,4.646982121838893,-1.593267780602658,-12.24404811138742,239.51782770122904,1.0911983011118058,0.1627147184144196
2022-11-11,0.07261395225779096,3.5,KERVILCO,0.0,305.0636229455255,4.646982121838893,-3.993597882162342,-15.00011112935047,191.1637849597336,1.0054141307768898,0.1551572332980391
2022-11-12,0.1097508021267755,5.29,KERVILCO,0.0,390.2228869034215,4.646982121838893,3.8414042772403736,-13.59984390881053,214.03347691188168,1.4460550269042516,0.3172273877835196
2022-11-13,0.18008260159932157,8.68,KERVILCO,3.4555831801168955,247.5303399793472,8.10196399630804,2.173762604179194,-10.780724764132056,268.7646790891276,1.1418588620478418,0.2679042342727559
2022-11-14,0.07634838408819165,3.68,KERVILCO,0.0,275.2130316475704,8.10196399630804,-3.610548079583074,-13.306327589363244,219.22195365565304,0.6580479850662257,0.0880163727587703
2022-11-15,0.08734421114437142,4.21,KERVILCO,0.0,299.6572361592228,8.10196399630804,-5.893487754104054,-16.891447599586893,162.86559984917324,0.6038933867755811,0.0871478486723717
2022-11-16,0.06141065676658893,2.96,KERVILCO,0.0,364.9764194539937,8.10196399630804,-2.51366410083844,-17.810084490049164,150.70493936349874,0.9119896130856808,0.1557395792021132
2022-11-17,0.06058078302649989,2.92,KERVILCO,0.0,328.697600854264,8.10196399630804,-1.727516226362497,-14.55919135915218,197.8472374642552,1.0364347394244775,0.1603394213356411
2022-11-18,0.06721977294721222,3.24,KERVILCO,0.0,291.21754739456765,8.10196399630804,-4.4811141243441455,-15.212082765490434,187.4249524851535,0.736667665660586,0.1057788425232938
2022-11-19,0.08734421114437142,4.21,KERVILCO,0.0,376.1860113939524,8.10196399630804,-0.3802572273056133,-17.249116156947053,158.0794039988993,0.9227845842126392,0.1890629278059858
2022-11-20,0.08029028435361459,3.87,KERVILCO,0.0,375.9239133926427,8.10196399630804,2.086272333039587,-15.351396579170569,185.3097775890159,1.413626822452292,0.2768214061206194
2022-11-21,0.04688786631503073,2.26,KERVILCO,0.0,377.0693768205541,8.10196399630804,5.955058071086589,-12.511983938040403,233.86338884093985,1.45191839391398,0.397453987993324
2022-11-22,0.030082923078227686,1.45,KERVILCO,0.0,350.9763597075402,8.10196399630804,4.242418246992631,-11.442120729462724,254.9403620417759,1.370912757043946,0.3680496483000895
2022-11-23,0.02510368063769345,1.21,KERVILCO,0.0,332.9769640735912,8.10196399630804,1.3419803029142516,-13.12208975411458,222.55725186108592,1.4342317989132678,0.2605590501522559
2022-11-24,0.04336090291965232,2.09,KERVILCO,0.0,282.3679937866817,8.10196399630804,-1.524398861457338,-12.911169349927082,226.39429157565945,0.8451232863009654,0.1446760522865431
2022-11-25,0.11058067586686454,5.33,KERVILCO,0.0,356.36961356774214,8.10196399630804,5.578867252454327,-11.821992266003983,245.98462387196165,1.4491065130000196,0.3958866585600553
2022-11-26,0.1284229612787789,6.19,KERVILCO,0.0,305.9514160410132,8.10196399630804,4.694986495948752,-8.779041619805593,314.3792508363224,1.5274200478090725,0.3224901031443795
2022-11-27,0.1035267490761077,4.99,KERVILCO,0.0,188.51335531263115,8.10196399630804,-2.5350996617028585,-9.97386106277384,286.5901103418785,0.7018135854971478,0.0921789622232122
2022-11-28,0.09045623766970533,4.36,KERVILCO,0.0,287.5904603617738,8.10196399630804,2.831311775175753,-9.086857013791889,307.34872012338144,1.286709267396284,0.2379504866931034
2022-11-29,0.07987534748357007,3.85,KERVILCO,0.0,267.5531749168708,8.10196399630804,-6.503016531223475,-17.193520063171967,158.85192335048245,0.604678719771698,0.0802645497155462
2022-11-30,0.14315322016535936,6.9,KERVILCO,0.0,359.0453347544446,8.10196399630804,2.0261086213767623,-16.631107792672307,166.4841864213528,1.1847226488455762,0.2399996692680257
2022-12-01,,,KERVILCO,0.0,298.7194363845176,8.10196399630804,5.076298316438792,-7.974651729821373,335.15508541993097,1.4160194198231004,0.3015806462663704
2022-12-02,,,KERVILCO,0.0,224.2558610298001,8.10196399630804,0.6948194734181691,-8.373340334925121,325.0216329058636,1.0223752920280331,0.158898872889888
2022-12-03,,,KERVILCO,0.0,291.075857983465,8.10196399630804,2.5285554545432904,-10.039850569855115,285.0232980063043,0.8119030961367236,0.1692406224109009
2022-12-04,,,KERVILCO,0.0,273.0257409536154,8.06229743843749,5.772195618504326,-5.983780903711658,390.8965535790493,0.9747495917186044,0.2081388319096213
2022-12-05,,,KERVILCO,0.0,217.88427112923736,7.646489612576427,3.959623647326816,-5.009147431972533,421.0142773154779,0.9568533566620008,0.17462446992895
2022-12-06,,,KERVILCO,0.0,218.50585804262963,7.646489612576427,1.827471628234602,-7.159467240172629,357.14565108395334,0.7108049668003009,0.120249244880299
2022-12-07,,,KERVILCO,0.0,234.37612817650103,7.646489612576427,1.9072802918499967,-7.773677093574658,340.5086736063098,0.765225782243191,0.1433852443989789
2022-12-08,,,KERVILCO,0.0,228.25107074087748,7.646489612576427,-3.347813394867386,-12.596812449716731,232.2954242847585,0.6509001516116877,0.0952607229028943
2022-12-09,,,KERVILCO,0.0,318.11856454236937,7.646489612576427,0.2297777106891794,-14.65806792513955,196.20457837135044,0.8299324464283865,0.1743938636263692
2022-12-10,,,KERVILCO,0.0,321.3071086419323,7.646489612576427,2.3779784324833537,-13.184880055769058,221.3552212627084,1.0319556829707288,0.237956474345221
2022-12-11,,,KERVILCO,0.0,286.96822183598925,7.646489612576427,3.31602243690295,-9.672754324913372,293.3958797967041,1.299803658510135,0.2967665002034121
2022-12-12,,,KERVILCO,3.976879965298615,185.99571454032704,11.623247835038018,-1.2338487844027104,-11.665688984802904,250.54067455849147,0.744141625980582,0.1214242460225551
2022-12-13,,,KERVILCO,0.0,109.11254221628776,11.623247835038018,-10.154672368069203,-14.222027544229348,204.27857218635705,0.603600551193794,0.0773205555810439
2022-12-14,,,KERVILCO,0.0,213.6795611411203,11.623247835038018,-7.880171716933221,-16.191402882515092,173.49944511952572,0.6655385874786744,0.0919127483098775
2022-12-15,,,KERVILCO,0.0,253.02563910649192,11.623247835038018,-8.729224623905784,-19.059367144231988,135.46604511801374,0.5217164230949253,0.0699234639075429
2022-12-16,,,KERVILCO,0.0,267.38850975995035,11.623247835038018,-11.744569906478024,-22.72464841271608,98.38253446568004,0.4808791809552347,0.0640757379588592
2022-12-17,,,KERVILCO,0.0,331.5755778307575,11.623247835038018,-4.582541357010703,-20.691069969158715,117.52020136274112,0.8404645415448235,0.1364101013831599
2022-12-18,,,KERVILCO,0.0,326.6866393049784,11.623247835038018,-1.077217062268732,-17.038027590949394,159.0969701417056,0.9929320138883864,0.1999863593132102
2022-12-19,,,KERVILCO,0.0,306.85636515549305,11.623247835038018,-2.761943707800888,-16.737819669853696,164.5283270616872,0.9842068489242652,0.169871552223376
2022-12-20,,,KERVILCO,0.0,313.68530824715907,11.623247835038018,-0.7955558879842619,-15.243395874636816,185.21500948032303,0.8744833800269939,0.1709896520544779
2022-12-21,,,KERVILCO,0.0,230.50073383294864,11.623247835038018,-2.231435565251405,-11.412656471624636,249.67806291346952,0.9861468786939576,0.160935411228552
2022-12-22,,,KERVILCO,0.0,208.40447813271885,11.623247835038018,-5.890158711017333,-13.872762653491357,205.60811590947648,0.8564640074608344,0.1124035804632725
2022-12-23,,,KERVILCO,0.0,273.1006871204695,11.623247835038018,-2.691042211461614,-13.735716653216889,189.91484224996623,1.0563908001098503,0.1772639835562342
2022-12-24,,,KERVILCO,0.0,238.5370611623856,11.623247835038018,-0.562416552068487,-9.867697286159954,261.4987866868593,0.9563908126563592,0.1640637592564668
2022-12-25,,,KERVILCO,0.0,294.13169079240106,11.623247835038018,2.375534925078511,-9.769855243005887,230.67276096689912,1.296070032076354,0.215146585255896
2022-12-26,,,KERVILCO,0.0,275.43868167086754,11.623247835038018,2.811402286177977,-8.066477624228591,270.1288714017104,1.3256097987846098,0.2523050842911015
2022-12-27,,,KERVILCO,0.2920059246341106,291.75743900520087,11.719056951270156,5.8558989861361335,-6.401109426161448,283.09432685544607,1.4408405631406749,0.3201121469907986
2022-12-28,,,KERVILCO,6.130692162468829,210.968500027208,17.84935178477762,1.9298525780903253,-9.433209872175176,280.530138096291,0.538897210975137,0.0756913240823447
2022-12-29,,,KERVILCO,0.0277305245657323,227.82469920306625,17.87712523596945,-6.147858631915923,-14.473166288962515,198.47268527475453,0.5137466373721208,0.0701893453709185
2022-12-30,,,KERVILCO,1.9330378363031009,244.1679432587689,19.810472832127218,-3.014107036488578,-13.312395959720648,210.9575024963056,0.687684277820372,0.1107567137597599
2022-12-31,,,KERVILCO,0.3706335864889495,256.01852971317174,20.18082924510536,3.1107530600536464,-6.641360710069528,319.5388786460884,0.8029849205111186,0.1473102399159607
2023-01-01,,,KERVILCO,11.495693327158708,121.86665785789084,45.81604090181551,0.1371212293817282,-5.034971882216303,420.2303789927161,0.7008585459455864,0.1072496745121405
2023-01-02,,,KERVILCO,0.4997297931338685,257.6618561870521,46.31560960637447,-1.7279311896495104,-10.280358415908111,279.8508449301959,0.4878872602643486,0.063267112125115
2023-01-03,0.3547710238880645,17.1,KERVILCO,0.0,214.3658847550514,46.31560960637447,-6.342134057168401,-12.94867690662898,225.7035876991293,0.4906292726904623,0.0652793588242652
2023-01-04,0.28008238728005086,13.5,KERVILCO,0.0,233.06106880824984,46.31560960637447,-7.322553672884467,-14.606928872473445,197.03725020969807,0.7016139281918292,0.0944530965622066
2023-01-05,0.21369248807292773,10.3,KERVILCO,0.0,357.0350810909051,46.31560960637447,-0.8225856042088312,-14.960091830132978,189.871457211908,1.098805387771204,0.2358334181130315
2023-01-06,0.20041450823150306,9.66,KERVILCO,0.0,248.4049861918496,46.31560960637447,-2.6076672913101326,-10.538098561791928,273.9263616608033,0.7755548860073838,0.1306934892587791
2023-01-07,0.18423197029976682,8.88,KERVILCO,0.0,317.13492704593773,46.31560960637447,-1.944041807019528,-12.800260220156,227.8733919056152,0.7630028976826363,0.1348041667706189
2023-01-08,0.1697091798482086,8.18,KERVILCO,0.0,340.519260779827,46.31560960637447,-0.125222787755384,-12.414055439649234,234.2476456187608,1.38995039760164,0.3068836321693218
2023-01-09,0.15290423661140556,7.37,KERVILCO,0.0,328.0242453043856,46.31560960637447,0.1761195915386545,-11.250800000796524,255.5362056008489,1.218894556526225,0.2529370054076513
2023-01-10,0.14854739947593812,7.16,KERVILCO,0.0,251.5181472527994,46.28406515620023,1.632499084294188,-6.230622584433183,382.4238883091453,1.1855778536309909,0.2147605733059674
2023-01-11,0.1439830939054484,6.94,KERVILCO,0.0,241.402518221465,46.28406515620023,-2.923754615630034,-10.22863731588652,280.8981187385091,0.8946291303611636,0.1249815306208589
2023-01-12,0.1282154928437566,6.18,KERVILCO,0.0,342.77199089713184,46.28406515620023,-1.1424784519461129,-13.09135204608546,221.2168361560616,1.1745765556262016,0.216645699780216
2023-01-13,0.11576738674242103,5.58,KERVILCO,0.0,373.1102066814378,46.28406515620023,4.848628000175178,-9.903652455643222,266.55871017094023,1.512828195131955,0.3954846742817544
2023-01-14,0.11058067586686454,5.33,KERVILCO,0.0,340.45602805532525,46.28406515620023,4.294692679017377,-7.451246235081927,332.5167088843253,1.5654986679072014,0.3842434509951463
2023-01-15,0.10622383873139708,5.12,KERVILCO,0.0,203.78782271488367,46.28406515620023,-2.1304043060816533,-8.103149662914024,331.9114431197354,0.8100828561944372,0.1355608813619599
2023-01-16,0.10207447003095187,4.92,KERVILCO,0.0,255.33843852880923,46.28406515620023,-2.99969318320575,-10.647934229202326,271.3584949256918,0.6712322373909231,0.1049369405586278
2023-01-17,0.09647282228535085,4.65,KERVILCO,7.744315988223869,212.27601000712923,54.02853611930905,-3.3128079019256584,-11.795462750384134,248.10713273590085,0.4688496262212945,0.044744267892129
2023-01-18,0.09377573263006146,4.52,KERVILCO,0.0,206.76167611744808,54.02853611930905,-7.42079768704954,-13.276501594773986,219.71893397932905,0.5939203368144157,0.0690675847152879
2023-01-19,0.08630686896926013,4.16,KERVILCO,0.0,375.51534963194416,54.02853611930905,-2.9474453361755346,-16.00080603940099,175.51072159262847,0.9760074482746068,0.1909600356885357
2023-01-20,0.08132762652872588,3.92,KERVILCO,3.742170651404658,213.54857744184747,57.77020038402775,-7.942918716105821,-16.330794358403427,170.73575406834428,0.6111610319577839,0.0883671101448605
2023-01-21,0.08153509496374814,3.93,KERVILCO,0.0,342.8213853018881,57.77020038402775,-6.614417493190628,-17.21245817173214,158.51810985655442,0.563002904256185,0.0703743636413002
2023-01-22,0.07987534748357007,3.85,KERVILCO,0.1289674225855078,399.3988998599436,57.89916772046808,-1.7499660554176075,-16.595461371908854,166.76891066701097,1.2120794762208704,0.2099204684567488
2023-01-23,0.07697078939325844,3.71,KERVILCO,0.280627930296435,308.7844765100704,58.17990013493989,-6.416433743988471,-15.508403745325454,182.863468774531,0.5521114230540737,0.0629882532795173
2023-01-24,0.07676332095823617,3.7,KERVILCO,0.0,355.2279613812608,58.17990013493989,-5.702166972448022,-16.537427761412633,167.8005179428411,0.6608864943190415,0.0857881610888732
2023-01-25,0.03215760742845029,1.55,KERVILCO,0.0,374.2309213091001,58.17990013493989,-8.113417845939242,-19.76131842163437,127.71118624476694,0.807347505214643,0.1113224178345605
2023-01-26,0.00041493687004451985,0.02,KERVILCO,0.0,387.6906612152895,58.17990013493989,-9.070070531601433,-21.39982663303409,110.59121240310743,0.9417290544891505,0.1269388696403358
2023-01-27,,,KERVILCO,0.0,367.91875525677,58.17990013493989,-3.716682633920533,-14.91921295256017,190.52679393293943,1.123546649977624,0.1652307762715396
2023-01-28,,,KERVILCO,0.0,308.29377432022795,58.17990013493989,-4.471441888725107,-13.09957410009414,221.58148198487785,0.7835512864367944,0.1185131941228328
2023-01-29,,,KERVILCO,0.0,402.5231153364964,58.17990013493989,-1.8260503815502096,-14.812845176057506,184.3504163542705,1.1151376268652722,0.1979864246218237
2023-01-30,,,KERVILCO,0.0,332.397580145552,58.17990013493989,-3.5058001402556886,-12.771370362665827,226.1630409984343,0.8516288955478771,0.1268919488311425
2023-01-31,,,KERVILCO,0.0,405.75618024777,58.17990013493989,-4.684152622119128,-17.65481352256279,149.02190549594735,0.9065721568650784,0.1370104164641803
2023-02-01,,,KERVILCO,0.0,434.72215367724976,58.17990013493989,-1.5789847159672985,-17.132342331485066,148.58703434294756,1.2924162213534425,0.2456657031177186
2023-02-02,,,KERVILCO,0.0,433.3869202974248,58.17990013493989,0.7685960525291211,-14.771616608571865,174.38191524755814,1.5123756255196208,0.2838055361948023
2023-02-03,,,KERVILCO,0.0,436.0900553196529,58.17990013493989,3.3991497727560054,-12.61534724191582,199.33599854937367,1.7416259092418398,0.431665827991292
2023-02-04,,,KERVILCO,0.0,407.8635626898872,58.17990013493989,2.274329308880146,-11.057217746006108,233.3382919472485,2.0917340493917043,0.3900039887147427
2023-02-05,,,KERVILCO,0.0,419.48842655656784,58.17990013493989,4.720886165260861,-9.431426572671157,253.64430856947504,2.196522552976354,0.4766323868793829
2023-02-06,,,KERVILCO,0.0,371.7326874574454,58.17990013493989,-3.071851856880849,-14.213639832920276,197.06402687513747,1.14802169565956,0.1662653480774492
2023-02-07,,,KERVILCO,0.0,454.0399533652901,58.17990013493989,0.3768739805459429,-16.26446549080243,151.35235475464827,1.1374829666915462,0.2393437803281508
2023-02-08,,,KERVILCO,0.4894569241732022,424.8168839179857,58.66924897959013,-1.2594788802752273,-15.116466053265835,173.65569073499125,1.4282918987581683,0.2046327916357046
2023-02-09,,,KERVILCO,0.0,385.1408042302209,58.66924897959013,-7.36610095674141,-18.874709340340804,136.4300618734833,0.8875578142458865,0.1157402399883866
2023-02-10,,,KERVILCO,0.0,489.2359463744805,58.66924897959013,2.032176971296705,-19.63112043340307,108.5225508067458,1.921260499473436,0.3657445708702361
2023-02-11,,,KERVILCO,0.0,457.3478860605347,58.66924897959013,4.685436771132657,-11.976296991465876,198.2985714126684,1.9769192070442287,0.4814608489541595
2023-02-12,,,KERVILCO,0.0,423.84379147713696,58.66924897959013,3.227949804991702,-10.608420312124968,232.53242548529727,1.7974110586917496,0.3861691744292795
2023-02-13,,,KERVILCO,4.756774135185102,285.0403439143284,63.42584298828121,2.657174810155775,-8.95845060598267,305.2266903252997,1.507437358267165,0.2896362842502843
2023-02-14,,,KERVILCO,7.488027349707967,201.35720860840289,70.91388363371846,-3.100721452677871,-10.445823363950613,276.0654728565036,0.9754584000366968,0.1109364076129603
2023-02-15,,,KERVILCO,14.302578973467073,266.5196475612634,85.2162887119048,-9.305205497371672,-19.22373441170823,134.50895373464476,0.2864031228357567,0.0178227010092386
2023-02-16,,,KERVILCO,0.0,478.0397358487156,85.2162887119048,-7.521088827303344,-23.603346935941325,90.94126910191596,0.9175534805245206,0.1143159949890782
2023-02-17,,,KERVILCO,0.0,508.276581592502,85.2162887119048,-1.086735882271632,-20.700846709093074,115.30248158589993,1.5369871307111995,0.3126614785935019
2023-02-18,,,KERVILCO,0.0,442.4674451981032,85.2162887119048,-1.4926987448304647,-15.466052359540722,182.43211187029007,1.731147062000564,0.290715449291959
2023-02-19,,,KERVILCO,0.0,352.3863334705269,85.2162887119048,-1.2073784538102064,-11.393719343935835,254.7361154529935,1.5978370219957998,0.2277491596106193
2023-02-20,,,KERVILCO,0.0,373.8892452380515,85.2162887119048,1.6717563448022266,-9.273166647084656,296.6885366887602,2.130501450185138,0.305176530981563
2023-02-21,,,KERVILCO,0.6876583133956597,350.4260510458637,85.90338685853617,3.427240013580371,-7.111245219852124,353.6694756639544,2.0854048287625333,0.3519390406310985
2023-02-22,,,KERVILCO,5.840752394003963,325.7869468004246,91.74369212368882,-3.123259787613277,-16.1914614814557,173.19180306026547,0.8324781040285146,0.0862903075132109
2023-02-23,,,KERVILCO,2.2420658319033167,327.1321799459881,93.98505991809776,-6.869463579233648,-17.86021526764842,150.05666578770845,0.8518085794073427,0.1239566056544438
2023-02-24,,,KERVILCO,0.0,392.7935099330571,93.98505991809776,-3.273262124579652,-14.30308174487974,200.65117346927468,2.0161857941413195,0.3621799625990129
2023-02-25,,,KERVILCO,0.0,467.64309530914153,93.98505991809776,3.770438580773865,-10.37908157669666,255.8443452451025,1.938581062070916,0.4088153435757012
2023-02-26,,,KERVILCO,0.0,397.6092918659781,93.98505991809776,0.2165714966581433,-10.73576350572451,265.50014624999164,2.7282253495825985,0.4424544932360196
2023-02-27,,,KERVILCO,0.0,458.57265919929137,93.98505991809776,-1.0521460190979552,-14.383782228294232,195.81586342889943,1.506345874656041,0.2102815207586221
2023-02-28,,,KERVILCO,0.0,345.5922540684539,93.98505991809776,-4.105274029804522,-13.19617649989296,220.78944045651363,1.7263851432981825,0.2508974743303548
2023-03-01,,,KERVILCO,0.0,377.3078075397639,93.98505991809776,-2.779314501497904,-12.757828364042684,227.300926894738,1.8389072061707648,0.3164200826079544
2023-03-02,,,KERVILCO,0.0,459.7779541330439,93.98505991809776,-0.1937017014254437,-13.058485928313608,207.10636109592696,1.4292802154226465,0.2023599874071422
2023-03-03,,,KERVILCO,0.0077195435386541,457.788707436494,93.99275249587708,-0.0087058672390812,-12.56582241430286,214.8253413192731,1.471368672645357,0.2213101048607751
2023-03-04,,,KERVILCO,0.0,493.73143174710094,93.99275249587708,0.39192273170646,-13.625706993669944,190.43232610316048,1.8345079826025763,0.2862503765761001
2023-03-05,,,KERVILCO,0.0,433.2355296289277,93.99275249587708,1.7967465292933993,-9.582173612462022,268.3296166846155,1.951113071311854,0.2860730069704545
2023-03-06,,,KERVILCO,0.0,486.3140879610702,93.99275249587708,5.194979850458291,-8.160165047424217,273.08011433307934,2.4377657789417784,0.4460117747236547
2023-03-07,,,KERVILCO,0.0,455.3397289356223,93.99275249587708,4.610847910931533,-7.260517487077363,303.3280158705381,2.314851397694631,0.4319496831994364
2023-03-08,,,KERVILCO,0.0,449.45960880988,93.99275249587708,3.590515781305044,-7.9997138469922415,291.38864639544744,2.3436224760737407,0.3810225935052674
2023-03-09,,,KERVILCO,0.0,501.75446749173045,93.99275249587708,2.541838201094662,-10.744826821137467,227.22841196820883,2.1375960496922968,0.3438121869454491
2023-03-10,,,KERVILCO,5.0836817361936335,354.8405362789589,99.07612550150344,2.118662264772893,-8.202653489594116,311.13374183799255,1.5921300475853084,0.2321267182704181
2023-03-11,,,KERVILCO,5.331899088728842,217.3785959701841,98.73082339739447,1.4515573481442254,-5.17612558356744,415.55401688000353,1.256513931553621,0.1173471765713746
2023-03-12,,,KERVILCO,0.0,385.9045318586253,98.73021870129745,1.9000579048450064,-6.709506499565387,353.4312967058784,1.6237429668136072,0.1983950630974315
2023-03-13,,,KERVILCO,0.0,473.9458684843513,98.73021870129745,2.908272273339064,-8.098248623368793,288.1822223168895,1.7522012503158004,0.2317586729082901
2023-03-14,,,KERVILCO,0.0,546.0216131853601,98.73021870129745,4.931710762075688,-8.682007912490487,225.6271180312235,2.164353892182849,0.3388020355790069
2023-03-15,,,KERVILCO,5.541125391434959,328.45588331135906,98.00685238115432,5.564728964490187,-4.277912215914236,406.0361336716352,1.986140200224682,0.2938298251427674
2023-03-16,,,KERVILCO,8.890399337048928,367.60595389428966,106.89767723036528,-0.2768410320310158,-11.477130554689593,248.782547195098,1.040833928520313,0.0619144120384189
2023-03-17,,,KERVILCO,1.5001394381035524,538.2791889184709,108.3976222208338,-0.3532155338299912,-15.79336892994013,158.71562771643107,1.2931283265634903,0.1515912974407572
2023-03-18,,,KERVILCO,0.0,610.4662585079973,108.3976222208338,-1.325642069198162,-17.837090860852822,127.671729833321,1.5421217246950698,0.2324704636776056
2023-03-19,,,KERVILCO,0.0,596.9321406071433,108.3976222208338,-0.2139872272556333,-15.43594552016267,153.09794551197783,1.8547236091788888,0.2771335399666347
2023-03-20,,,KERVILCO,3.826003475993062,333.68871298817254,112.22325070756182,-0.4511959650732428,-9.13587172113676,296.3996490156593,1.4784399864340476,0.1764437119548366
2023-03-21,,,KERVILCO,4.726501955818939,335.0057930692629,116.94982884945816,0.6062360651940348,-8.724479695095733,312.3438425154533,1.4215733128646657,0.1511826573823567
2023-03-22,,,KERVILCO,5.973260801939919,379.1930659732296,122.92344265384628,2.618371772332816,-8.309007392088779,317.4037779786815,1.3576852521112197,0.146331236335165
2023-03-23,,,KERVILCO,0.0,516.4683859785371,122.92344265384628,-0.6775844369971485,-11.604551894823995,232.12846658452852,1.4066020936951027,0.2047665641785326
2023-03-24,,,KERVILCO,0.0,558.3504924562815,122.92344265384628,-1.6377195548634351,-13.815704918999405,187.78419746936387,1.5961099555855696,0.1912229221302663
2023-03-25,,,KERVILCO,0.0,497.8618563011973,122.92344265384628,-7.52777113020668,-17.57166715036561,151.38377779650605,1.322911048700305,0.1434448093526959
2023-03-26,,,KERVILCO,0.044324648098233,619.7554936616705,122.96776730194452,-4.423719027447728,-19.16935900277867,120.69670022621294,1.2653821967833498,0.1674193878474678
2023-03-27,,,KERVILCO,0.0,537.9251857566015,122.96776730194452,-7.99044656993934,-19.15384941301641,129.71358289906183,1.0940601116214348,0.1224398518548996
2023-03-28,,,KERVILCO,0.0,698.48724009394,122.96776730194452,2.80456724397466,-19.436936807760983,96.77425821832462,1.9766297002492592,0.3481614595413415
2023-03-29,,,KERVILCO,0.0,638.1472300048093,122.96776730194452,8.16879272188015,-7.819959051592936,231.9872596819173,2.9749625990233763,0.5096060031940249
2023-03-30,,,KERVILCO,0.0,605.0188100923418,122.96776730194452,4.6643173361748085,-9.507333857775697,222.33134435213395,2.507018097394843,0.3518372105433855
2023-03-31,0.045643055704897184,2.2,KERVILCO,0.0,399.1627576843936,122.96776730194452,-3.253825154406522,-11.23049883252035,246.4201207333112,1.6888755759733984,0.1933889048043426
2023-04-01,0.05062229814543142,2.44,KERVILCO,0.0,642.1059552297063,122.96776730194452,6.279934099670943,-9.698621371562686,205.11649857260485,2.8778775778908785,0.4308375803877886
2023-04-02,0.06742724138223447,3.25,KERVILCO,0.0,555.0918031966507,122.53941452682903,7.257589778457122,-4.980856222628932,289.2128032460785,3.280556374074441,0.5214172553402832
2023-04-03,0.08464712148908204,4.08,KERVILCO,0.0,541.9053266815393,121.82504845446216,7.187585444122078,-4.298654642149849,306.40522587228344,3.2027120547605468,0.4625143848149092
2023-04-04,0.06286293581174475,3.03,KERVILCO,0.0610006328652708,510.88509248023496,121.88604907215796,-2.4112349075749093,-12.696669986190818,197.2252049958471,1.4687397984560906,0.1731586301674054
2023-04-05,0.04502065039983039,2.17,KERVILCO,0.0,565.2786263331991,121.88604907215796,-4.674311023556467,-16.45388180862619,143.64506689437695,1.4144021712112402,0.1745778848498456
2023-04-06,0.07593344721814713,3.66,KERVILCO,0.0,710.7760681211244,121.88604907215796,3.947047037370772,-16.574174214383696,103.13890925171272,2.114242411489666,0.3405021521887332
2023-04-07,0.0910786429747721,4.39,KERVILCO,0.0,645.4301191189494,121.88604907215796,7.831383639272767,-7.754886017357911,203.64270389284343,2.636448002469302,0.4921623282510149
2023-04-08,0.10933586525673096,5.27,KERVILCO,0.0,547.1435978991559,121.36837480906892,6.890991009300012,-4.7658730103669615,292.4240556018554,2.7907024891196963,0.4586609409579875
2023-04-09,0.13008270875895694,6.27,KERVILCO,0.0,613.0757943714108,121.1103746050436,8.733538685644383,-5.386095300926227,247.5516769923544,3.0306679074932683,0.4888080307282663
2023-04-10,0.22199122547381808,10.7,KERVILCO,0.0,672.3833985520514,120.0209586287032,14.083319354583326,-3.4064207440235674,239.1947988544597,3.276376845733421,0.8100991540135871
2023-04-11,0.26970896552893786,13.0,KERVILCO,0.0,627.7159689449162,117.84936589852916,14.616682974773576,-0.8302529007270806,305.161336408749,4.012931343188228,0.8797643966498039
2023-04-12,0.2987545464320543,14.4,KERVILCO,0.0,578.9508767376954,114.99035355055506,14.274451171192316,0.8077797728693034,369.24232262591744,3.692216559442752,0.8075451756141724
2023-04-13,0.20684602971719315,9.97,KERVILCO,0.0,519.1449667939586,112.83906048072768,10.294427164025144,-0.8786762511090336,374.9107426574855,3.486762562455332,0.5889397960699543
2023-04-14,0.1943979236158575,9.37,KERVILCO,1.1843975216674911,478.8895407226661,113.85345035205286,4.459638608874138,-6.229659925692927,291.68145612673703,2.4116568091641546,0.3218511919407659
2023-04-15,0.18651412308501167,8.99,KERVILCO,0.0,566.6162745744344,113.85345035205286,1.426106279265033,-11.005851043369097,193.1216784823751,2.476386842233862,0.3003287750284611
2023-04-16,0.17302867480856476,8.34,KERVILCO,0.0,681.1715811554604,113.85345035205286,8.754099004951193,-8.960113813070159,171.63992123551304,3.2856111401769947,0.5354107997061698
2023-04-17,0.15829841592198432,7.63,KERVILCO,0.0,652.3023623755632,113.08522293310682,11.891022600678095,-4.171593638197293,239.57788432181167,3.717350511383344,0.6976746185988757
2023-04-18,0.1796676647292771,8.66,KERVILCO,0.0,570.2346385493621,111.42727049049782,10.603851098561424,-2.051660498744942,296.0011468337486,4.176816029229867,0.6888259984777239
2023-04-19,0.17157639576340894,8.27,KERVILCO,0.0,602.1708615698366,111.39667986836524,4.66593390668466,-8.876993453164278,189.17672907056948,2.747512546276985,0.3766689944245853
2023-04-20,0.21576717242315033,10.4,KERVILCO,0.0,518.5214331010816,111.39667986836524,-1.105487663752994,-11.926980823769332,186.40239420794305,2.272756314520424,0.2749901816552858
2023-04-21,0.21161780372270508,10.2,KERVILCO,3.6571438583509415,493.7707869908103,115.0533384358854,0.6800256214141128,-12.807052665651543,167.5043410729349,2.1482879177615044,0.241746693780143
2023-04-22,0.16680462175789693,8.04,KERVILCO,0.0,429.9823122550388,114.970021838424,2.3795457713589587,-6.321875152427315,294.1940653078894,1.537329875920276,0.1808029680998884
2023-04-23,0.16348512679754082,7.88,KERVILCO,0.0,607.4544277332704,114.90748092211136,7.3041582489873695,-6.3122012356958725,211.2150693130964,2.9409936681999223,0.4122711415140249
2023-04-24,0.1748958907237651,8.43,KERVILCO,10.137788052574926,400.7992168653864,113.8914292929498,7.936281309695552,-3.5817992761406354,350.8126078889968,2.727989098763198,0.4432458126857544
2023-04-25,0.1836095649947,8.85,KERVILCO,22.29328008704224,304.12245721986176,116.30931555454856,2.950501812926474,-5.121620604402511,389.81184868007927,2.15432096420598,0.2213107707117572
2023-04-26,0.182779691254611,8.81,KERVILCO,11.29453328503836,362.93090094109726,116.40474576119564,5.112714379098601,-4.807105264426951,401.8638591504224,2.188456282441595,0.2463295734574095
2023-04-27,0.21784185677337292,10.5,KERVILCO,6.416542514779319,470.3791203990896,115.75954660823956,8.530514127430413,-4.462956319541242,379.8525925350325,3.171295484986062,0.4018585003664767
2023-04-28,0.24273806897604408,11.7,KERVILCO,0.0,611.3854254408134,115.69120152829429,6.418740482560861,-6.696886965123388,293.2958404930977,2.7811154353670595,0.3377608026066918
2023-04-29,0.24066338462582149,11.6,KERVILCO,0.0,695.0227966217199,114.73471305128432,13.450367432783732,-3.722503740915796,307.0457044024305,4.269967709915448,0.683779900126408
2023-04-30,0.2966798620818317,14.3,KERVILCO,0.0,612.2003772998746,112.43635833616848,13.361575662893392,-0.5285248400976998,423.586325135494,4.540138436555428,0.7384216763117104
2023-05-01,0.33402418038583853,16.1,KERVILCO,0.0,639.8075729186814,109.63014010939403,15.564741950460192,0.6822668126970552,436.618325094999,4.378426714287173,0.92198363011865
2023-05-02,0.3962647108925164,19.1,KERVILCO,0.0,555.2172779053931,106.47854927598424,13.32885596805403,1.5038058596805215,516.5012743736853,3.9592626221838247,0.7591757404796692
2023-05-03,0.47095334750053,22.7,KERVILCO,0.0,598.2939426274488,103.52026474223966,14.2672523477463,1.0436650990843794,471.4174678092003,4.043496035961482,0.8312129471640092
2023-05-04,0.5746875650116599,27.7,KERVILCO,2.136661357631469,480.9028940981808,100.86238163188986,12.455539237702776,0.3281321760500941,515.0529355395714,4.014262483051023,0.7025160590569585
2023-05-05,0.5829863024125505,28.1,KERVILCO,0.0,542.1397066332449,99.01859373765627,9.95728455800224,-1.6095790454962182,434.9877594817734,4.027796133778973,0.6729639565088615
2023-05-06,0.5746875650116599,27.7,KERVILCO,0.0,608.3257450635517,97.48145777503764,10.998757085206403,-2.341141061153529,381.5435513198122,4.367698253464538,0.6913506921964264
2023-05-07,0.5892103554632181,28.4,KERVILCO,0.0,509.6675522877789,95.41707644291692,9.293745638665603,-1.0843699069999944,467.4402365648808,3.921303757161081,0.571979970662218
2023-05-08,0.5912850398134407,28.5,KERVILCO,0.0,623.2862757193793,93.2508618574183,13.197653631018206,-0.8408252614587206,408.3350361250296,4.325859366762497,0.7644823901145765
2023-05-09,0.6846458355734577,33.0,KERVILCO,0.0,638.7483084948619,90.71801597232418,14.7435782455945,0.0284223485569941,419.1800830022679,4.878117293320751,0.9716362236942536
2023-05-10,0.827799055738817,39.9,KERVILCO,18.03569264691355,446.2762888528548,88.21810875409915,12.877446331203029,-0.0473924331882217,522.8143905899116,4.669202308544346,0.8104875030277506
2023-05-11,0.8983383236463853,43.3,KERVILCO,21.303473490525608,202.87154611196107,86.25329466343068,3.7404855224607454,-1.321266844536432,554.3583317834374,2.1791121586520075,0.2107047991701491
2023-05-12,0.858919320992156,41.4,KERVILCO,0.0,579.376362823987,83.71524297620232,11.99780936761766,0.0437303229712473,528.3141016158356,4.054790222943515,0.5462097681485841
2023-05-13,0.9024876923468306,43.5,KERVILCO,11.234890653489574,271.34099447118285,80.69572490798643,8.037756475326141,1.1883048778250758,664.2071827807277,3.110595272771968,0.3553808550670666
2023-05-14,1.004147225507738,48.4,KERVILCO,1.5460167756624414,477.2667284992143,77.68265610316254,10.457495603040629,1.1740810600175755,630.2732260958784,3.44810157329809,0.439524142084683
2023-05-15,1.0975080212677548,52.9,KERVILCO,1.5764660110711963,528.6428195216733,74.44627931217897,12.764508248137131,1.7067841359504567,614.8962460777133,3.818302211378749,0.558606703323412
2023-05-16,1.3858891459486962,66.8,KERVILCO,0.0,615.0124262671101,71.16251941953958,14.994624527205788,1.8174486739128264,568.3738408357325,4.63748960178278,0.7834827422774382
2023-05-17,1.738585485486538,83.8,KERVILCO,0.0,579.051373490668,67.58442506650209,14.276039762935849,2.519199695068605,590.4817519760271,3.817896213988799,0.7364207561716402
2023-05-18,1.9585020266101336,94.4,KERVILCO,8.565188846510067,363.77722529699184,64.31938769890266,10.900469540193,1.774778875809389,682.488808350755,3.3068882713404832,0.5026308603274605
2023-05-19,1.7966766472927707,86.6,KERVILCO,11.772049502990656,244.7079424364769,61.02161117817241,7.641854191964123,1.8512911372893208,699.7342024377244,3.031955642123567,0.311274497154005
2023-05-20,1.8194981751452195,87.7,KERVILCO,3.5225107380405354,316.5666732206698,57.68879098288215,9.558017028238504,1.9711430625318949,705.2154113580642,3.2015540514772685,0.3770616609117346
2023-05-21,1.7966766472927707,86.6,KERVILCO,0.0,521.3680336740126,54.73484441486755,10.830878496003436,1.1496466025574985,616.4340636380393,3.482359989657903,0.4867265644610922
2023-05-22,1.7738551194403223,85.5,KERVILCO,3.5784978932665705,451.9580728153171,51.82611486760715,12.228748504962626,1.054797180593242,622.1471538799486,3.7449902036670735,0.562672788354189
2023-05-23,1.7427348541869834,84.0,KERVILCO,0.0,620.8894148928756,48.89700769052345,14.227459650381466,1.2260360718095753,563.2061404243158,4.212089389997975,0.6686236654499049
2023-05-24,1.5954322653211788,76.9,KERVILCO,2.3929150493080487,433.12787051685007,45.67325622376094,13.50704002672335,2.2754547200279585,694.6943386489548,3.945163271216197,0.6438874036489219
2023-05-25,1.6265525305745179,78.4,KERVILCO,0.0,606.0034872743516,42.51477056789517,15.316880306076207,2.347261639665769,601.4813124887806,4.3853249806444765,0.8197011755733085
2023-05-26,1.6701209019291923,80.5,KERVILCO,2.4107034631483315,456.42725145674393,39.4864352025556,15.125373869591884,2.3470213915170284,678.6442811787019,4.584669418880172,0.855320276216296
2023-05-27,1.8277969125461095,88.1,KERVILCO,0.005820106051376,597.9425705081472,36.69681808973986,14.853972846095266,1.8908498850183275,591.3054296475698,4.89981036381231,0.832188950654516
2023-05-28,1.8589171777994489,89.6,KERVILCO,0.0,616.5399099424046,34.058879667967005,15.428097210614002,1.5789075229954257,567.7181960507631,4.711174277107926,0.9175341853936468
2023-05-29,1.7759298037905447,85.6,KERVILCO,0.0,620.8177352853988,31.070364980831563,16.920797367285726,2.7713546939849976,607.8784173746674,5.170799609615198,1.0511017787087988
2023-05-30,1.7365108011363155,83.7,KERVILCO,0.0,580.6280487782587,27.995746212058616,15.98216570302344,3.3978087340752854,660.8458559352911,5.015570253854761,1.008357461095987
2023-05-31,1.7323614324358703,83.5,KERVILCO,2.0967974394816724,451.70976321657815,25.649499742692253,13.831408263926845,2.22039431546961,681.563516507208,4.296469336749908,0.7560783392248256
2023-06-01,1.5705360531185075,75.7,KERVILCO,4.159224649058147,411.63542885602783,24.146928555292806,11.456962825335555,0.1216135903194258,613.5689010759755,3.7177564979277897,0.4871015973660137
2023-06-02,1.4149347268518127,68.2,KERVILCO,0.800833584492641,456.3998476322754,22.87774649934521,8.368696900529716,-0.9864327346881954,547.0290203634618,3.4810056376269194,0.4182619474944027
2023-06-03,1.1950181857282172,57.6,KERVILCO,0.0,543.4511706289493,21.20069875559412,11.867264975049894,0.6469774718384065,583.92506926559,4.011071244538406,0.5318428651542181
2023-06-04,1.1141054960695356,53.7,KERVILCO,6.760417628750811,395.9264805951708,19.295355807972857,12.898738509616711,1.8915833075714328,690.6760275963485,3.7690792616494817,0.5568001030038936
2023-06-05,1.0788358621157514,52.0,KERVILCO,8.021635214836799,377.678838774986,17.389999212704897,12.978088916389368,2.5991580943482755,729.565874884035,3.696652378925988,0.5042198252679504
2023-06-06,1.0643130716641933,51.3,KERVILCO,0.0851196298138765,572.1497510973696,15.633385599011577,15.274897369639156,2.6030847584204384,664.0417803710742,4.20360380032111,0.6482549710486527
2023-06-07,1.1950181857282172,57.6,KERVILCO,5.1620275728405245,424.7859357567478,14.128748377237596,13.507589756655047,2.551653529033856,711.542477840568,3.885048707278651,0.5663116016848816
2023-06-08,1.1390017082722068,54.9,KERVILCO,0.0,569.0816437698816,12.612922057744958,15.41868326078536,2.701662832201232,674.7969478497884,4.890779079714496,0.8148421092952277
2023-06-09,0.9875497507059572,47.6,KERVILCO,0.0,556.4072688957256,11.147803391808424,15.474828819487405,3.1021197265620426,693.291373634548,4.652753638338953,0.8606725145880225
2023-06-10,0.9087117453974983,43.8,KERVILCO,0.0,571.6500182843464,9.96717643212576,16.222837096779788,2.733109051715292,658.0179169898477,5.00702478930794,0.9115936274691306
2023-06-11,0.8858902175450498,42.7,KERVILCO,0.0,558.3476668114727,9.059183358543148,15.388185472441757,2.573074766666947,661.1752014332793,4.939253303700091,0.8084203501334148
2023-06-12,0.8941889549459402,43.1,KERVILCO,3.684883361465544,406.66521699690935,8.34819075703415,13.350177094137518,1.4680110453767934,672.2238067233944,4.239865553755519,0.6279135475723658
2023-06-13,0.869292742743269,41.9,KERVILCO,2.520956385278857,373.67991485600777,7.780498722675323,11.55549136590515,0.6290825600394783,637.1188121733582,4.321776278708954,0.620508141403353
2023-06-14,0.8423218461903753,40.6,KERVILCO,0.0,587.0908974904611,7.243710387070831,15.470889460857626,0.8275721255129662,572.7578002872821,4.81722732342554,0.775899635813628
2023-06-15,0.8319484244392623,40.1,KERVILCO,0.5462147671943665,482.630937075957,6.5881694367836685,13.979576349615446,2.781797620554835,707.848693490191,4.353282695165517,0.7032315108413993
2023-06-16,0.8195003183379266,39.5,KERVILCO,5.100836580293372,405.1772058626638,6.11247178026255,14.468739454490224,1.7719879508098333,684.4012589486547,4.1005690644606245,0.5948950130419188
2023-06-17,0.8070522122365911,38.9,KERVILCO,5.176181494902068,367.2802471800544,5.742783939645816,11.13088312672996,0.2255761866203909,617.382862132828,3.761372301773773,0.4982919097908688
2023-06-18,0.7178407851770193,34.6,KERVILCO,0.0,581.5289375188645,5.180708448421396,17.706453740682065,2.2692515988591264,626.1373259341362,5.531343457290312,0.9494838839457764
2023-06-19,0.6742724138223447,32.5,KERVILCO,0.0,579.1191845972852,4.454303660704878,20.858520212865603,5.068258618599188,741.5025068102001,6.585740896728108,1.3747243004818526
2023-06-20,0.657674939020564,31.7,KERVILCO,0.0,516.5491245408521,3.647975134658296,19.80834115013688,6.76556688002281,871.0809129383208,6.264912917147398,1.3171578360406786
2023-06-21,0.6327787268178927,30.5,KERVILCO,0.0,571.6203021716924,3.034442437214367,21.35855744211992,5.522004931037555,746.1375732604672,5.61021267494653,1.306960499499674
2023-06-22,0.6099571989654441,29.4,KERVILCO,0.0,530.3888740236164,2.453825855067889,20.32318187930184,6.534765241340546,833.9736923852988,5.541932113126752,1.1563149339934324
2023-06-23,0.5746875650116599,27.7,KERVILCO,0.0,537.6380618098158,1.976000444979752,19.23762901867611,5.027655324358017,752.2148295570058,6.505500723052502,1.200252909201528
2023-06-24,0.5373432467076532,25.9,KERVILCO,0.0,573.6224518010141,1.670535445955128,19.480591977187267,3.199329141657951,641.8874140432214,6.744900291063066,1.3377864415790557
2023-06-25,0.4999989284036464,24.1,KERVILCO,0.0,579.999600561045,1.4049672013824466,21.49665044721901,4.425769527701626,685.9657952879035,6.1921100378599805,1.4982153594817167
2023-06-26,0.46887866315030746,22.6,KERVILCO,0.0,538.1271725964624,1.123983227803201,21.88496385343119,6.968109538878767,844.230327126746,6.811413878502139,1.489277903265907
2023-06-27,0.45020650399830403,21.7,KERVILCO,0.0,503.84997032551166,0.9058254456219392,21.11252541123308,7.693282776174682,917.090615444305,7.074982585020304,1.3800262841665512
2023-06-28,0.42738497614585547,20.6,KERVILCO,0.0,533.1357197017187,0.7064350635683052,21.15218989117833,6.566434086557196,829.7993942930484,6.571884498791049,1.404793183560229
2023-06-29,0.4024887639431842,19.4,KERVILCO,0.0,517.3277142338657,0.5091793820217825,20.09936847460178,6.232647495505253,827.670164425311,6.0158897104733295,1.2583558187758936
2023-06-30,0.38796597349162604,18.7,KERVILCO,0.0,473.8954360351077,0.3668403807330944,17.219499884229002,5.083350295937361,800.3622315168054,5.126897618273229,0.9660563791521356
2023-07-01,0.36099507693873223,17.4,KERVILCO,0.0,563.7983138665896,0.2714715057917115,19.81062697151973,3.5319320477525684,660.9711078568776,5.181398258118466,1.0203350966180855
2023-07-02,0.34024823343650623,16.4,KERVILCO,0.0,492.86065328244587,0.148415693566032,19.635512595938188,6.350417624868324,851.4655743561143,5.322734621978513,1.063637795704089
2023-07-03,0.32987481168539323,15.9,KERVILCO,0.0,526.1267341663784,0.0492908731640954,21.913092356831584,7.012661803054721,858.3526149913636,5.5702672496595245,1.3403294140525135
2023-07-04,0.3132773368836125,15.1,KERVILCO,0.1312974630737101,499.7575737497883,0.0,22.158331472660823,8.122339675162367,945.6706183614646,5.879897582551206,1.3441009987555377
2023-07-05,0.2966798620818317,14.3,KERVILCO,0.0,498.3257436001783,0.0,21.357204372674744,7.4805144709258045,910.4678440165716,5.867731478467276,1.1774679693040078
2023-07-06,0.27800770292982824,13.4,KERVILCO,0.0,540.2060889960376,0.0,22.771218627912425,6.767581459654854,830.9598776623199,6.581757696387909,1.3793464501024442
2023-07-07,0.2593355437778249,12.5,KERVILCO,0.0,489.4626010791828,0.0,21.958248289741142,8.182054169963216,958.9864508208768,6.408612001494029,1.3466237350206938
2023-07-08,0.2510368063769345,12.1,KERVILCO,0.0,528.794006269461,0.0,22.210659836251853,6.60688498139893,833.5476380460835,6.387195011132698,1.226346222139517
2023-07-09,0.2323646472249311,11.2,KERVILCO,0.0,543.6971055476037,0.0,23.16758072695587,6.576085319305149,817.1298889828374,6.313220757572693,1.4810126218885908
2023-07-10,0.22199122547381808,10.7,KERVILCO,0.0,458.7969853440314,0.0,21.41712986394326,8.657475302443205,1017.7180320514044,5.621936039688038,1.308728159344703
2023-07-11,0.21161780372270508,10.2,KERVILCO,0.0,491.49633556405456,0.0,23.227570772877133,9.007911224094851,1007.9847272860422,6.294293000350512,1.4229020654792215
2023-07-12,0.2095431193724825,10.1,KERVILCO,0.0,496.2817641568579,0.0,24.26113809851704,9.748746120141494,1049.876328206729,6.026588203895034,1.423751622871815
2023-07-13,0.21369248807292773,10.3,KERVILCO,0.0,505.2366605514117,0.0,24.561631160965987,9.462848093016907,1022.2768482442968,6.250517413158482,1.4698273142635048
2023-07-14,0.2070534981522154,9.98,KERVILCO,0.0,498.3503606521503,0.0,23.475164807095496,8.781106449689675,985.6743675542432,6.771292123368991,1.490537746544229
2023-07-15,0.19833982388128046,9.56,KERVILCO,0.0,505.6068203219566,0.0,23.06321191903553,7.968612023754361,930.4540567026456,6.046051763916196,1.3855346043428598
2023-07-16,0.18734399682510067,9.03,KERVILCO,0.0,539.173227477806,0.0,24.86874746098137,7.774439458113013,883.4658138517227,6.679464852415995,1.6812951343435838
2023-07-17,0.17676310663896544,8.52,KERVILCO,0.0,523.3769980660969,0.0,26.106202832514235,9.496693947696755,1000.7327000580946,6.656001429316456,1.974218161097145
2023-07-18,0.17157639576340894,8.27,KERVILCO,0.0,474.55720194695726,0.0,24.69891352128445,10.484402541515102,1124.143393107125,6.827107184445229,1.734325296898411
2023-07-19,0.167634495497986,8.08,KERVILCO,1.5719660023739128,407.75893704599497,0.0,23.818964410980964,10.074161887926568,1173.4216689578564,5.883973991901423,1.3877804279367063
2023-07-20,0.17925272785923257,8.64,KERVILCO,0.6218095889111644,472.6043331144592,0.0,22.9303643797635,9.047068296274269,1037.4366592661618,5.865711520640159,1.189142777754667
2023-07-21,0.17655563820394318,8.51,KERVILCO,0.0,491.4140838839356,0.0,22.899992736372628,8.293165299512475,965.4757780669348,5.037393057232495,1.1956487337799775
2023-07-22,0.16597474801780793,8.0,KERVILCO,0.0,499.0704822269265,0.0,22.802291407418057,7.789281874289149,929.0479954402228,5.279611293815194,1.275594163788309
2023-07-23,0.16327765836251856,7.87,KERVILCO,0.0,524.2010404720019,0.0,25.040960394528103,8.455526242410558,940.754577531104,5.428944124976654,1.5981561436612992
2023-07-24,0.14605777825567096,7.04,KERVILCO,0.4062007927846197,512.1232222939509,0.0,26.61140196613217,10.49236163326295,1053.0863372415822,5.668919508819997,1.8482729273426968
2023-07-25,0.14190840955522577,6.84,KERVILCO,0.0,470.0239399813532,0.0,24.540097548622,10.631005295262888,1047.5267115808724,6.4339556481087605,1.613645478991328
2023-07-26,0.1402486620750477,6.76,KERVILCO,0.0,485.8129895709683,0.0,24.166320919851707,9.842350674890994,938.857780664472,5.82400907379574,1.5358703617866991
2023-07-27,0.13672169867966927,6.59,KERVILCO,0.0,431.7856693832075,0.0,21.78055702741482,9.614659124973995,973.9627389338197,5.530604713859864,1.2900246183057662
2023-07-28,0.13526941963451347,6.52,KERVILCO,0.0,501.3456855330396,0.0,23.979872885363168,8.92457925239175,846.2297093009105,5.31785956854305,1.444520968037522
2023-07-29,0.12987524032393472,6.26,KERVILCO,0.953133003203382,461.3016527228013,0.0,23.730457539415767,9.234618161721206,913.622187622026,4.938131849046423,1.382011592017248
2023-07-30,0.1340246090243799,6.46,KERVILCO,4.703874769760152,350.3890405496041,0.0,22.40976515365621,9.33004266298344,1062.590556641275,4.693407855237456,1.1840497643010384
2023-07-31,0.13900385146491412,6.7,KERVILCO,4.533561276146302,357.9484681948892,0.0,23.169309838362167,8.99425875183382,1042.682455997087,4.898332860480848,1.1602841840243052
2023-08-01,0.13755157241975832,6.63,KERVILCO,11.480513138904506,306.9797179724888,0.0,19.76893249774613,8.376835720776555,1077.196273624471,4.111240912124816,0.7906795145628205
2023-08-02,0.16597474801780793,8.0,KERVILCO,3.63072710034296,344.81038537789794,0.0,20.628745392457304,7.45238094660515,998.8595780727454,4.478057318005738,0.8907563759302293
2023-08-03,0.12904536658384566,6.22,KERVILCO,1.479799005355396,378.4708878390624,0.0,18.771137764702143,6.84307377907501,939.7914312453498,4.61987290998524,0.8196991773509472
2023-08-04,0.1153524498723765,5.56,KERVILCO,0.005820106051376,481.3837645883185,0.0,21.059614987719424,7.0333023888470345,858.9621028894437,5.255991435424644,1.1037050300654283
2023-08-05,0.1080910546465974,5.21,KERVILCO,0.0,495.6064231689512,0.0,22.76914543927972,7.89882798564759,890.7495208422376,5.687650955892406,1.2842727352238303
2023-08-06,0.10124459629086284,4.88,KERVILCO,0.0,479.66243387929154,0.0,21.56876839185879,7.466607102427143,885.7431224563913,5.775035708633932,1.224707319418653
2023-08-07,0.08941889549459402,4.31,KERVILCO,0.0,503.7044702482749,0.0,21.630604199698944,6.411153047684844,806.2532386836908,5.820924377596911,1.2375315348878526
2023-08-08,0.08070522122365911,3.89,KERVILCO,0.0,520.9105112860873,0.0,21.43850318188557,5.422801891446991,743.1311272911245,5.677315203212338,1.1759502033811096
2023-08-09,0.07842306843841423,3.78,KERVILCO,0.0,477.7805819482695,0.0,20.094843734041003,6.0940650843498165,771.2798427122138,5.831286741871555,1.1328658005932688
2023-08-10,0.07551851034810261,3.64,KERVILCO,0.0,466.2469049645228,0.0,20.234176205508167,6.923383572990892,753.6603741027137,4.929622983064539,1.052743322376975
2023-08-11,0.0657674939020564,3.17,KERVILCO,0.0,494.9232944771476,0.0,21.0338773601111,6.503843128167469,705.173785214956,4.891617647689384,1.0376040735624306
2023-08-12,0.04419077665974136,2.13,KERVILCO,3.416229406603839,281.4049379797427,0.0,17.222016199532177,7.073389543748679,943.0066076654878,3.180752696001146,0.622945997435211
2023-08-13,0.06659736764214542,3.21,KERVILCO,3.377127887936805,364.3185577011757,0.0,19.75468602072106,6.071491472550759,787.7469605869243,3.960533749152373,0.7458394109133708
2023-08-14,0.07821560000339199,3.77,KERVILCO,0.0,456.6448086633259,0.0,19.543038371906384,6.728102222829288,731.1818753760697,4.136527893440184,0.7346331195693887
2023-08-15,0.09543548011023954,4.6,KERVILCO,0.0,503.9087058185981,0.0,22.817651689756712,7.806818079795303,720.2333619557367,4.500039954196755,1.1882486319899743
2023-08-16,0.08298737400890396,4.0,KERVILCO,0.0,474.8318017603718,0.0,22.106041100889108,8.482324068210934,790.838452895459,4.655961524864619,1.109745103685492
2023-08-17,0.07759319469832521,3.74,KERVILCO,0.0,488.1802753799985,0.0,22.835691321785127,8.635000574462232,737.6380389787556,4.515536927870635,1.2348118362928655
2023-08-18,0.07302888912783548,3.52,KERVILCO,1.0385311663811276,373.2411388097511,0.0,19.77727989387061,8.733968233452089,844.2324648236349,4.839226603948323,0.940257221360178
2023-08-19,0.06887952042739029,3.32,KERVILCO,0.0,505.1885785660147,0.0,23.85814053725652,8.8118498588512,638.8097675591711,5.657199419261591,1.3599164733307236
2023-08-20,0.03630697612889548,1.75,KERVILCO,0.0,495.9113279560166,0.0,22.67028058418193,8.072033211687542,626.9922200201959,6.204512322525397,1.4706482205120073
2023-08-21,0.055601540585965656,2.68,KERVILCO,0.0,486.28332198726537,0.0,22.58366117388241,8.448571123754256,632.3165385293975,5.871335321787986,1.3575881004555646
2023-08-22,0.05497913528089887,2.65,KERVILCO,0.0,443.66276780766646,0.0,21.503482059878497,9.185575216337195,726.5251826432012,5.171984270889904,1.201866828188564
2023-08-23,0.05207457719058724,2.51,KERVILCO,0.0,432.0365821310562,0.0,21.10862361456937,9.307891596074088,735.3491440202697,4.39030984061232,1.1100559125231888
2023-08-24,0.054771666845876615,2.64,KERVILCO,2.611082482395869,429.2033492647459,0.0,22.22571690141023,8.947286918521828,718.2509174588748,4.2605337340845,1.074889672420961
2023-08-25,0.06182559363663345,2.98,KERVILCO,11.560831962244745,288.9226935628703,0.0,18.660810911160755,8.346915969903854,914.0539878938392,3.3994143308686704,0.6004482429488355
2023-08-26,0.19087096022047909,9.2,KERVILCO,6.912631849382431,261.8017851956566,0.0,16.69194610116248,7.571178011503723,971.2416506481624,3.0675518349051574,0.4262893023334134
2023-08-27,0.13568435650455798,6.54,KERVILCO,4.019097552855341,333.05576299912553,0.0,19.93100585501457,7.48865930465473,886.3885686406678,3.836384815493939,0.7709843183150086
2023-08-28,0.09045623766970533,4.36,KERVILCO,0.0,470.5794226647789,0.0,19.793030836035467,6.477364837887294,695.5653366754548,4.11853187015412,0.8477295252996047
2023-08-29,0.07406623130294678,3.57,KERVILCO,0.0,480.8201008765242,0.0,19.50184151200517,5.6144970112571135,651.3434067622966,3.940431272847488,0.8661355574648057
2023-08-30,0.06224053050667798,3.0,KERVILCO,0.0,510.0043569537337,0.0,21.87668065449421,6.270315463806896,633.0313332376058,4.890343111250264,1.198294215638929
2023-08-31,0.05539407215094339,2.67,KERVILCO,0.0,487.24581798792,0.0,22.5734597556758,7.937217059783949,708.6925216186845,5.251532296587601,1.4080935728450388
2023-09-01,0.04834014536018656,2.33,KERVILCO,0.0,476.6501174931327,0.0,22.12820231887149,7.868651315228231,717.4526650072482,5.218661541605719,1.3624568321491366
2023-09-02,0.04792520849014204,2.31,KERVILCO,0.1020298825298536,429.5177177608695,0.0,20.242486752375548,7.995236440330241,789.4069800008607,4.39804672757733,1.0919856274529804
2023-09-03,0.0502073612753869,2.42,KERVILCO,0.0,442.2785393076807,0.0,20.47454200416616,7.832231863204074,729.8048993387674,4.434211878938242,0.9941576057030064
2023-09-04,0.04896255066525334,2.36,KERVILCO,0.0,439.40931636107945,0.0,18.17163662029651,5.785304327970466,611.8869743579472,4.683468070792969,0.8473069091683544
2023-09-05,0.04273849761458554,2.06,KERVILCO,0.0,497.1857206041154,0.0,18.823902974727403,3.682209253303225,479.1260770183527,4.572004295023012,0.9827187122816592
2023-09-06,0.04273849761458554,2.06,KERVILCO,0.0,518.7755932752863,0.0,21.128190706456216,4.430371358634144,447.477798286736,5.030395037560396,1.229262591642031
2023-09-07,0.03900406578418486,1.88,KERVILCO,0.0,492.134750488582,0.0,21.143384190519047,5.913733990949062,522.4834478672227,5.382912391886523,1.3611723523358772
2023-09-08,0.0356845708238287,1.72,KERVILCO,0.0,492.1797463162314,0.0,20.82954932260401,5.4414981141835685,509.2575798398989,5.1238328409862985,1.3894762149575444
2023-09-09,0.0356845708238287,1.72,KERVILCO,0.0,492.54814012021046,0.0,20.71169646991985,5.146395807642933,500.9416336110855,4.759675194422087,1.3604073040632392
2023-09-10,0.03900406578418486,1.88,KERVILCO,7.394440123548621,348.3487916428301,0.0,18.814541297460178,4.41473895150498,631.6362623684593,4.177218699311661,0.973885400502092
2023-09-11,0.0713691416476574,3.44,KERVILCO,6.420936761570909,235.1472139148116,0.0,12.723292033274296,4.162243197449893,788.4597406678342,2.735792496554178,0.4136704240482837
2023-09-12,0.07593344721814713,3.66,KERVILCO,4.976838692234802,240.472096662054,0.0,11.99663170799948,3.320257565914972,751.5504580019146,2.80398655724777,0.4657176135780451
2023-09-13,0.09045623766970533,4.36,KERVILCO,5.760710134295501,268.0309103851862,0.0,12.823356297991127,2.927306572917551,719.6454509552188,2.585840726318441,0.4671914366980621
2023-09-14,0.08547699522917108,4.12,KERVILCO,0.1746564200069578,384.4350766660544,0.0,13.073550958878736,2.406723902721833,612.940558249056,2.5404545330595867,0.455142256049387
2023-09-15,0.09170104827983887,4.42,KERVILCO,12.560212968554204,156.48896292171432,0.0,6.761646545359501,1.3506582107738694,674.5777499113326,1.4219193850645455,0.0361908085226233
2023-09-16,0.08672180583930464,4.18,KERVILCO,0.0,479.33549392830713,0.0,14.75437715851619,0.0738554455825605,462.8883138644368,3.000748700204775,0.6070240650243329
2023-09-17,0.07157661008267968,3.45,KERVILCO,0.0,440.1464617561848,0.0,15.676536569357005,2.6080519817445977,578.199351854005,3.758330862247061,0.7943569167430445
2023-09-18,0.06307040424676702,3.04,KERVILCO,0.3546128227033892,395.2139199004191,0.0,14.144051747561532,2.5323323719370823,617.3150164617615,3.392096742417889,0.6333463163315319
2023-09-19,0.06099571989654441,2.94,KERVILCO,0.4777029066775104,416.8205280748884,0.0,14.210860486046611,1.487106911116823,559.3713146503078,3.222877786844282,0.5982679370528531
2023-09-20,0.06369280955183379,3.07,KERVILCO,0.978758106985083,412.8417796262875,0.0,15.1626089218948,1.8834228357980425,577.548670522441,3.588562772601763,0.7797747145341416
2023-09-21,0.06390027798685606,3.08,KERVILCO,0.0,416.5223007615977,0.0,15.0959302489918,2.8516937824839674,618.3322687612704,4.0155403095253135,0.8039482809303966
2023-09-22,0.05663888276107695,2.73,KERVILCO,0.0,464.8026735967721,0.0,16.228128547093416,1.3424428442243228,521.009406271911,4.592639195978938,0.9287997023848492
2023-09-23,0.05290445093067627,2.55,KERVILCO,0.0,404.287188353489,0.0,14.065654042770667,2.035355555007971,600.3879517308371,4.1405510568788575,0.7754307759291702
2023-09-24,0.05248951406063176,2.53,KERVILCO,0.0,454.9957572767165,0.0,15.27203955032604,0.5961322412626195,506.6822343980971,3.587361454293279,0.7983394835634814
2023-09-25,0.05248951406063176,2.53,KERVILCO,0.0,445.79928087603446,0.0,16.582997181178257,2.046779464363897,562.5679443375625,3.224874410941548,0.9776599894212264
2023-09-26,0.05290445093067627,2.55,KERVILCO,0.0,438.25548503579074,0.0,17.803102441240412,3.393502719421909,619.0878762735836,3.372922683570602,1.089082219996098
2023-09-27,0.052282045625609494,2.52,KERVILCO,0.0,437.4967912062922,0.0,18.2440217729218,3.6408292626720526,629.5971681474826,3.655781800566584,1.1354976527576093
2023-09-28,0.049170019100275596,2.37,KERVILCO,0.0,433.0911616196884,0.0,18.04238601230884,3.54071444298185,631.0094763137694,4.070749755611969,1.1210445670303075
2023-09-29,0.04854761379520881,2.34,KERVILCO,0.0,445.2117577364576,0.0,17.92880371883068,2.5591291483735987,582.2368038766876,4.242966878434387,1.0783231872964203
2023-09-30,0.049999892840364636,2.41,KERVILCO,9.517624997088234,315.50823744491134,0.0,17.20644198326869,2.700109147862078,694.5829949193794,4.340131749115405,0.9276633007939512
2023-10-01,0.07240648382276872,3.49,KERVILCO,8.195984832459269,247.7865436400738,0.0,14.148713506504578,3.857105589600032,801.811188200112,3.933200234109473,0.7182719469425475
2023-10-02,0.08879649018952725,4.28,KERVILCO,9.25626630847504,253.9200973127381,0.0,11.04058534108654,0.798224016794952,649.1154821390229,2.347832020203932,0.361574993616495
2023-10-03,0.10726118090650837,5.17,KERVILCO,0.0,297.2604138831093,0.0,6.933501065683812,-1.722996240712248,538.6720208579985,2.209041277734156,0.3192040204366135
2023-10-04,0.07925294217850329,3.82,KERVILCO,0.0,358.5972261299672,0.0,9.771990326786876,-1.316291637668348,546.661359741987,2.677218720288624,0.5361528697099065
2023-10-05,0.06867205199236803,3.31,KERVILCO,0.0,422.95084571336974,0.0,12.872315766232123,-1.5014718287019126,519.6148327079804,2.96360857614221,0.6641136686070654
2023-10-06,0.06493762016196736,3.13,KERVILCO,0.0,396.4670743949559,0.0,12.488013047814343,-0.4882679425137439,569.6912059841694,2.50706797805881,0.612304071767815
2023-10-07,0.06369280955183379,3.07,KERVILCO,0.0,416.70198857641066,0.0,14.642083086660753,0.2873734650660923,589.4583252334963,3.221666534063381,0.7801950020439586
2023-10-08,0.06307040424676702,3.04,KERVILCO,0.0,413.1220464994261,0.0,15.01219889663118,0.6888216695880016,607.9616463880708,3.653159615267637,0.9246344456204256
2023-10-09,0.06307040424676702,3.04,KERVILCO,0.0,395.9376691511232,0.0,14.518144168424069,1.122154335337611,636.5166654878441,3.299201358642393,0.9162430523386066
2023-10-10,0.06348534111681153,3.06,KERVILCO,0.0,363.1053891611801,0.0,11.983508030597328,0.2680080514192935,612.4951963660476,3.1209743436904325,0.7017257440876024
2023-10-11,0.06763470981725674,3.26,KERVILCO,0.0,343.09642565666536,0.0,9.944764256481324,-0.8296326231971954,574.1282818415237,2.411250825448108,0.4703114674351648
2023-10-12,0.07074673634259063,3.41,KERVILCO,0.0,180.5155289304589,0.0,1.809148458143261,-3.479533794810778,473.1625666126294,1.671794612059947,0.2158793384217767
2023-10-13,0.06846458355734576,3.3,KERVILCO,0.0,377.3851622387612,0.0,8.143888370894993,-4.341382337431318,441.4372153540968,2.212678447534849,0.4190183351656423
2023-10-14,0.0719915469527242,3.47,KERVILCO,0.0,380.0055402296403,0.0,9.17019865651769,-3.863891719323872,454.2625098875695,2.7072343365498943,0.5005673667400047
2023-10-15,0.07116167321263515,3.43,KERVILCO,0.0,403.452329881568,0.0,12.757349467905096,-2.430204325398884,496.16708131820434,3.0602043160170105,0.7051455929812401
2023-10-16,0.07800813156836972,3.76,KERVILCO,0.0,406.1827921525109,0.0,15.517404185924708,-0.3121703091665074,574.2094472995761,2.8384080123101647,0.8578473227912106
2023-10-17,0.07551851034810261,3.64,KERVILCO,0.0,385.2505006077071,0.0,15.331642872918042,0.6627017387084002,621.9607806357288,3.8707164395435054,0.8768799743046677
2023-10-18,0.07261395225779096,3.5,KERVILCO,0.0,367.50162087021226,0.0,14.958042663264996,1.1820135724286285,650.130401612344,3.8868390926406025,0.8222694697485108
2023-10-19,0.07178407851770192,3.46,KERVILCO,0.0,380.2504429532378,0.0,16.428371743018815,1.4928172025691335,658.0651744207697,3.36410765523169,0.9141522699503458
2023-10-20,0.0682571151223235,3.29,KERVILCO,0.0,386.9079675533853,0.0,17.2026222472159,1.473439481931893,654.7601896417203,2.752187971671939,1.1248088329251935
2023-10-21,0.06742724138223447,3.25,KERVILCO,0.0,366.43372453555855,0.0,16.080439310542587,1.6085814080426053,671.1568353594625,3.1864164087650284,1.0736707492396902
2023-10-22,0.07012433103752384,3.38,KERVILCO,0.0,346.4105225492882,0.0,14.10301019576484,0.8291800628088941,641.0723223786979,2.79934777625924,0.8326281944129208
2023-10-23,0.07074673634259063,3.41,KERVILCO,0.0,338.193259275597,0.0,13.640277540595292,0.7202156323854398,638.8817527334066,2.74780541710963,0.7660390763016043
2023-10-24,0.07074673634259063,3.41,KERVILCO,0.0,310.601759537473,0.0,11.442438505258478,0.004940601479614,610.453911458025,2.317889575089344,0.5779777779445798
2023-10-25,0.07157661008267968,3.45,KERVILCO,0.0,333.4405634058982,0.0,11.266538840999017,-1.4151272867778029,549.3781448531313,2.4195434432359617,0.5788586117930432
2023-10-26,0.0668048360771677,3.22,KERVILCO,0.0,346.1879414289328,0.0,10.974491353971324,-2.556735553648948,504.36436510385977,2.6279391994024417,0.5176985824377079
2023-10-27,0.0657674939020564,3.17,KERVILCO,0.0,334.99627070950424,0.0,10.067882898750293,-2.759014009996992,498.5294800038258,2.166483596947613,0.4333250170124777
2023-10-28,0.07323635756285773,3.53,KERVILCO,7.430431619562732,203.3995194604109,0.722676783210049,4.610296145170775,-4.878091929141449,425.6803100348305,1.0556853418957,0.1314751582917441
2023-10-29,0.07614091565316938,3.67,KERVILCO,4.685212463980478,239.991248794286,5.407898574751159,-3.224659422806294,-13.059239649105416,225.66111820567875,0.4441050247951125,0.0
2023-10-30,0.06473015172694509,3.12,KERVILCO,0.0,422.4661356059689,5.407898574751159,-0.5209057929869435,-16.477338189987652,169.01460505066606,1.2244517796567425,0.2002182978230393
2023-10-31,0.08174256339877041,3.94,KERVILCO,0.0,401.251704910084,5.407898574751159,3.0069964395844733,-11.889643915361791,245.20597601163803,1.5876642939516887,0.3154910024193408
2023-11-01,0.0931533273249947,4.49,KERVILCO,0.0,360.2043979753058,5.407898574751159,5.978862601406965,-6.8008771813184365,365.3125046582189,1.9385910232842,0.3843649157822927
2023-11-02,0.06846458355734576,3.3,KERVILCO,0.0,347.5638787728262,5.123501054395921,7.269569077577763,-5.285980202188464,407.2842337368515,2.21488469028857,0.4357765131272641
2023-11-03,0.06369280955183379,3.07,KERVILCO,0.0,323.5503961116852,3.7573215639185418,9.014055769033574,-2.571328070650784,501.0464821020494,2.541742352359384,0.5252061532151143
2023-11-04,0.06327787268178926,3.05,KERVILCO,0.0,346.7033649140049,2.487112583394995,10.060110168041932,-2.813516020445589,488.9592768201446,2.454360983938287,0.5369485166907007
2023-11-05,0.059543440851388595,2.87,KERVILCO,0.0,336.20592340738034,1.1824861196440015,10.81459049392923,-2.4211956360055216,506.07617763303375,2.8802003017428213,0.6493777295725228
2023-11-06,0.06182559363663345,2.98,KERVILCO,0.0,307.3747989867422,0.7029576396938966,11.495561860340862,-1.2965618472266551,552.1040796005271,2.717270655400512,0.6918026060654376
2023-11-07,0.06016584615645537,2.9,KERVILCO,0.0,309.8428022398545,0.5452757015001682,11.60912949287341,-1.3141612657722843,553.3440865839758,2.9820804963440817,0.6972153992019141
2023-11-08,0.06244799894170023,3.01,KERVILCO,0.2109077913202362,278.11612921505935,0.7561352394102482,5.320669194014948,-5.748154822040415,398.2781107017974,1.4682972149572688,0.3036507926418922
2023-11-09,0.055186603715921136,2.66,KERVILCO,0.0,249.30206998931897,0.7561352394102482,0.8508542123164227,-8.556006110768516,320.509348985062,0.8686466253417484,0.1387185136339799
2023-11-10,0.06016584615645537,2.9,KERVILCO,0.0,280.2600430043057,0.7561352394102482,1.9928847635017648,-9.090983323053468,307.1851939329281,1.101760353269619,0.2104329316385025
2023-11-11,0.10622383873139708,5.12,KERVILCO,0.0,295.96331570700744,0.7561352394102482,3.3953695410868723,-8.99866761590339,309.4337219845567,1.705503983968253,0.3202129734991149
2023-11-12,0.12551840318846724,6.05,KERVILCO,0.0,334.3772303656863,0.7561352394102482,8.419973405576709,-7.145267724522752,356.116001050574,2.180529787474506,0.5464543625392563
2023-11-13,0.13692916711469152,6.6,KERVILCO,0.0,300.9268293938961,0.7145406193933306,7.945984859196173,-5.226439395326453,413.87295831603706,1.762517072881448,0.6211011333277701
2023-11-14,0.1097508021267755,5.29,KERVILCO,0.0,294.5857003751378,0.6735379893642264,7.548432642907922,-5.316144894254032,411.0947848587823,2.0752587188107774,0.5905470742970585
2023-11-15,0.10124459629086284,4.88,KERVILCO,0.0,296.10261408652985,0.5685910623024627,9.344197166671746,-3.6722112402281737,465.6328115982128,1.9565604819160087,0.6496219679617546
2023-11-16,0.07987534748357007,3.85,KERVILCO,0.0,224.64646616559955,0.414149944502432,7.038932483452758,-2.173375603307809,520.7314435982919,1.7950184831230196,0.3776586534133915
2023-11-17,0.07738572626330295,3.73,KERVILCO,0.0,266.19490375171614,0.3543289735953442,6.750086868730807,-4.482495098057526,438.1240445645073,1.5383414897516938,0.3708023078371961
2023-11-18,0.07925294217850329,3.82,KERVILCO,0.0,244.17289281977563,0.3252440878430253,4.420201993548715,-5.48417357984928,406.09655556277806,1.2648830453328677,0.30940301632279
2023-11-19,0.08153509496374814,3.93,KERVILCO,0.0,165.03427550874494,0.3028954092521905,0.5951036619139823,-5.782805239435067,396.9500286128574,0.8816179136960807,0.1476320291035271
2023-11-20,0.08651433740428238,4.17,KERVILCO,0.0,192.25231370687573,0.3028954092521905,-0.4869595075038614,-7.836932878280685,338.8901779826265,0.8816179136960807,0.1372806248471549
2023-11-21,0.10331928064108545,4.98,KERVILCO,0.0,313.2952942212391,0.3028954092521905,4.304278051431498,-9.872370319474994,288.8494857702274,1.3395627242729982,0.2895271412621386
2023-11-22,0.15746854218189527,7.59,KERVILCO,0.0,312.92259724934894,0.3027629678624073,8.07678110553264,-6.540144418996526,374.54893951603896,1.810711779188529,0.5288153467464042
2023-11-23,0.13755157241975832,6.63,KERVILCO,0.3854743594881469,251.6408482807012,0.6883790856379447,2.218931147062157,-8.240227265951578,328.4070845655324,1.2367175807334363,0.2425925935602185
2023-11-24,0.10228193846597414,4.93,KERVILCO,7.431036253046233,144.9372579658303,8.119380392546997,-3.81082092761802,-10.52965455948424,274.4787638439783,0.3265947975732259,0.0266027746874022
2023-11-25,0.06618243077210091,3.19,KERVILCO,0.0,264.3078716971553,8.119380392546997,-4.947902243354193,-14.282736021850926,202.42688958616543,0.3242687497542492,0.0249372727446616
2023-11-26,0.07427369973796906,3.58,KERVILCO,0.0,341.5112187627794,8.119380392546997,-2.552553667795565,-16.593999925887406,167.01942181537237,0.7859705094370661,0.1522947677789637
2023-11-27,0.08112015809370363,3.91,KERVILCO,0.0,318.0568103326314,8.119380392546997,-2.974802167576116,-15.573906344560722,181.8687840087541,0.9489035250989776,0.1774856096175676
2023-11-28,0.07261395225779096,3.5,KERVILCO,0.0,352.32341821373564,8.119380392546997,2.704680046441451,-13.338161127352524,217.69652056896345,1.2217563670358538,0.2920844530489817
2023-11-29,0.05331938780072079,2.57,KERVILCO,0.0,321.02047455909434,8.119380392546997,2.033217524847028,-11.203885687492022,259.4922638711253,1.248853630803158,0.2992692453447252
2023-11-30,0.0668048360771677,3.22,KERVILCO,4.650577682769816,181.9262898397431,12.769957404038124,-0.4728598069965624,-9.470318472741235,298.1886227454668,0.6991747413446087,0.1538687568526213
2023-12-01,0.0796678790485478,3.84,KERVILCO,5.849413344437287,168.7563349946692,18.61890153357132,-3.801991944297024,-11.72195068346173,249.2960457136808,0.5137466373721208,0.0673129021789077
2023-12-02,0.04979242440534238,2.4,KERVILCO,0.0,150.2136077714567,18.61890153357132,-7.602450504346138,-12.76432227447328,229.0715203399623,0.602984930878015,0.0814708322744038
2023-12-03,0.09875497507059572,4.76,KERVILCO,0.0,226.1858019447181,18.61890153357132,-2.063925667215749,-10.030755018561951,285.33844880187246,1.075388516129315,0.161906426791504
2023-12-04,0.15207436287131654,7.33,KERVILCO,0.0,237.81504261003784,18.61890153357132,1.9719859426271835,-6.640204651201592,371.6776694178817,1.2812219252126529,0.2162001249264656
2023-12-05,0.16784196393300826,8.09,KERVILCO,0.0,325.51826337162044,18.61890153357132,5.687806393024287,-7.72966089088712,340.70704374605003,1.4735116849369765,0.3405350838486897
2023-12-06,0.12489599788340046,6.02,KERVILCO,0.0,314.6116133913901,18.580749047432864,6.731108448826007,-5.993803873589258,389.72387759189104,1.7674819435645996,0.4535343239077007
2023-12-07,0.09958484881068476,4.8,KERVILCO,0.0,293.26311071349613,18.580749047432864,3.611527399339874,-7.662333711800785,343.39261920303534,1.4416225766077255,0.288700545704078
2023-12-08,0.08734421114437142,4.21,KERVILCO,0.0,258.9921549005932,18.580749047432864,-3.594653087218468,-12.724828747861068,230.5097341827852,0.7327842641722118,0.1090096826006071
2023-12-09,0.06950192573245706,3.35,KERVILCO,0.0,250.74011771338004,18.580749047432864,-6.661777307156469,-15.534830792637054,182.47608205150365,0.4939735860732315,0.0704715321712142
2023-12-10,0.08775914801441595,4.23,KERVILCO,0.0,349.8923462143573,18.580749047432864,-0.671220917765549,-16.884232207164324,162.91813433459512,1.1336328033492362,0.1763721676744488
2023-12-11,0.10477155968624124,5.05,KERVILCO,0.0,297.5981767742072,18.580749047432864,2.108710860417621,-9.644402228569271,293.01643098456265,1.1755648733062047,0.2706295972284805
2023-12-12,0.10331928064108545,4.98,KERVILCO,4.999237962857782,176.62543888960948,23.579987024174795,0.713512035649183,-7.75293766577539,341.08475860405804,1.009104530262529,0.2101690453574176
2023-12-13,0.1475100573008268,7.11,KERVILCO,13.9445133756978,97.04980192031802,37.52374291519157,-2.2465312267664777,-6.511963323826268,375.3316140251189,0.5359855035298171,0.0700000000005058
2023-12-14,0.2022817241467034,9.75,KERVILCO,0.0,225.48615515752945,37.52374291519157,-0.1356866635421347,-7.583051804540036,345.60596535247186,0.5372466939869613,0.073122025912151
2023-12-15,0.182779691254611,8.81,KERVILCO,0.0,268.42183225243963,37.52374291519157,-1.0090772373492274,-10.389114165606784,276.91833183616336,0.9866227459353754,0.1696123267489203
2023-12-16,0.14107853581513674,6.8,KERVILCO,0.0,337.9046812577636,37.52374291519157,2.655564216475596,-11.43722838786774,252.31954456466573,1.5120362079876215,0.3257445676603008
2023-12-17,0.10705371247148612,5.16,KERVILCO,0.0,333.0928414239332,37.52374291519157,3.784709662685958,-10.014210523017804,281.63856023363394,1.5731855902091538,0.375112640426693
2023-12-18,0.08651433740428238,4.17,KERVILCO,0.0,329.5518861130658,37.52374291519157,4.448793698029964,-9.28498884094864,298.8167886006956,1.4251605495550188,0.4049033269835076
2023-12-19,0.0786305368734365,3.79,KERVILCO,0.0,308.5322651565582,37.52374291519157,4.406618422626646,-7.78428936842448,337.33530952905767,1.31687131633275,0.3657372524925075
2023-12-20,0.0827799055738817,3.99,KERVILCO,0.0,263.6699273146662,37.43115704081261,3.854460768717737,-5.817339189207051,394.6234139217156,0.8291038548362061,0.3065964536457061
2023-12-21,0.09502054324019504,4.58,KERVILCO,0.0,249.11255754540204,37.43115704081261,1.969971061176521,-6.937466646311052,362.3291845045876,0.881711088598701,0.176049713570105
2023-12-22,0.08132762652872588,3.92,KERVILCO,1.811724395570428,241.27137167850216,39.24275355012021,1.6230707716526902,-7.957558804488828,335.68139864033714,0.8929320109481207,0.2144680697308385
2023-12-23,0.08008281591859233,3.86,KERVILCO,6.057655669413831,147.955831080815,43.88451548959687,0.2720857865080495,-6.250917769466945,383.0149803013102,0.6071777999736299,0.0995311295875027
2023-12-24,0.07800813156836972,3.76,KERVILCO,2.3364670093926465,245.8589158491193,46.22031955630771,-4.988194720423213,-15.464518973737793,184.4332041860218,0.3972313767837999,0.0444504338660965
2023-12-25,0.06535255703201187,3.15,KERVILCO,0.0,291.84221961825057,46.22031955630771,-8.901045220786255,-19.343836091805656,132.55399315477246,0.4860869931480872,0.0614951244628522
2023-12-26,0.05726128806614373,2.76,KERVILCO,0.0,298.41045087243293,46.22031955630771,-5.336265027413952,-16.12493555311998,173.89810559861547,0.8816279138682839,0.1251336076872965
2023-12-27,0.06182559363663345,2.98,KERVILCO,0.0,302.24137988907233,46.22031955630771,-2.1643822116811453,-13.21584301246216,220.7760382184474,0.9828957517426098,0.1760244257129538
2023-12-28,0.06141065676658893,2.96,KERVILCO,0.0,339.99920180249256,46.22031955630771,0.0356164442090243,-13.744973898116442,210.8391119409951,1.272553333652694,0.2406532253468439
2023-12-29,0.0668048360771677,3.22,KERVILCO,0.0,345.03797633886506,46.22031955630771,2.236538548631551,-12.101818517426167,240.8501115760677,1.3582210035785216,0.2975648075108131
2023-12-30,0.08132762652872588,3.92,KERVILCO,0.0,334.18503888238627,46.22031955630771,2.103547301610881,-11.23480020015753,256.7585597912098,1.1770457002407408,0.2900965032671808
2023-12-31,0.08547699522917108,4.12,KERVILCO,0.0,321.6058766096985,46.22031955630771,2.584541280122213,-9.872847497437448,280.746914445983,0.819986019645141,0.2093221508912376
2024-01-01,0.10186700159592961,4.91,KERVILCO,0.0,333.92717596354106,84.29992101031496,-0.1791068527745628,-11.54048514857252,252.88212505578085,0.665315630578673,0.2042920373538612
2024-01-02,0.12759308753868984,6.15,KERVILCO,0.0,342.8122418126165,84.29992101031496,-0.5164084382550336,-12.420733733366168,235.5703073065989,0.864130966324429,0.185306313502416
2024-01-03,0.12178397135806657,5.87,KERVILCO,1.4368470277466048,287.491821099667,85.7365427963238,-2.125056725628033,-12.909880543202595,226.40195604646584,0.8449369332765861,0.1809134491142277
2024-01-04,0.18381703342972225,8.86,KERVILCO,2.775044749173535,134.7954412445539,88.51174308099249,-5.87427107631131,-10.973038843438047,264.7073220449146,0.4580479875925453,0.0581338390539872
2024-01-05,0.17717804350900995,8.54,KERVILCO,0.0,277.79790432213326,88.51174308099249,-6.593349310741747,-14.7263352407528,195.712116676735,0.4311004658767196,0.0487221714175132
2024-01-06,0.21161780372270508,10.2,KERVILCO,0.0,286.5558701295241,88.51174308099249,-8.354758904835599,-16.80647127841984,164.44197222002057,0.5381451698473133,0.0734032141116945
2024-01-07,0.1392113198999364,6.71,KERVILCO,6.61707031078249,153.55593831119222,95.12884849004276,-10.564565548987714,-16.368336467305614,170.39021700574438,0.380869195369023,0.0485291662367965
2024-01-08,0.4896255066525334,23.6,KERVILCO,3.5392486081100043,272.2721226987242,98.66816844497797,-10.071837266984389,-19.441450193850137,131.46284952386162,0.4311004658767196,0.0499480873330089
2024-01-09,0.4149368700445198,20.0,KERVILCO,0.0,363.2786155107363,98.66816844497797,-7.879598994591619,-19.95107620297397,125.93022661468382,0.796402779701629,0.1125792824540155
2024-01-10,0.4128621856942972,19.9,KERVILCO,4.527026064562276,156.91073325396675,103.19527623809788,-9.68465681053201,-15.531733723473172,182.6236175164412,0.559023003996337,0.0742940335978898
2024-01-11,0.4004140795929616,19.3,KERVILCO,3.394786873616213,282.5929570202662,106.58959565897804,-9.853040161102983,-20.596712212773443,119.66064994248144,0.3688496293488972,0.0419476890428172
2024-01-12,0.33609886473606104,16.2,KERVILCO,1.914644450563142,295.7734986179218,108.50457339689686,-11.748250977806013,-20.96151048844916,115.39490980059652,0.532571302485194,0.0701720408147198
2024-01-13,0.1257258716234895,6.06,KERVILCO,6.501762994795306,160.33116232616956,115.00590192834086,-8.231380659539562,-14.099661587677094,205.72282553923463,0.7978236938426553,0.1082589583654453
2024-01-14,0.3485469708373966,16.8,KERVILCO,11.411981949960609,184.41967728094252,126.41756913472422,-4.761627228516858,-11.297475607398107,258.5481892975748,0.6518085928069336,0.0873541650235402
2024-01-15,0.7759319469832521,37.4,KERVILCO,0.0,319.474551229016,126.41756913472422,-7.150588639432837,-16.214033220672025,172.4526257612223,0.6036804136813475,0.0735622767553892
2024-01-16,0.6078825146152216,29.3,KERVILCO,0.3902652168832466,351.00216098087344,126.80783446936093,-6.9901394264967225,-17.6659580836982,152.56245779726953,0.9056237730970874,0.1296229751506727
2024-01-17,0.16804943236803052,8.1,KERVILCO,1.056439383272474,316.5424602257582,127.8644856458052,-4.102876794336715,-13.714475764938216,212.05496318591565,0.8967954458117245,0.136710590898221
2024-01-18,0.13029017719397923,6.28,KERVILCO,0.0,310.6198555143229,127.8644856458052,-1.7341363043543077,-10.520490839851783,274.39394449926664,0.9886093732838718,0.1380070570645219
2024-01-19,0.12302878196820012,5.93,KERVILCO,0.0,380.4486399853648,127.8644856458052,0.7285983848779198,-10.85558119880464,267.13220498074014,1.1329839448715258,0.2005966538683927
2024-01-20,0.12199143979308882,5.88,KERVILCO,0.0,355.1972584523384,127.8644856458052,1.558343811600127,-8.56801472270014,320.06348389256823,1.0284383283003071,0.2363149324185138
2024-01-21,0.1180495395276659,5.69,KERVILCO,0.0,238.9443893110188,127.8644856458052,-1.4807656993388143,-7.644084729282261,343.9102418964341,0.7568633370794422,0.1262473803707647
2024-01-22,0.11618232361246555,5.6,KERVILCO,0.49474160669092,266.41430546972333,128.35894290908462,-0.7214435420338824,-8.155784844487389,330.4958384558506,0.7441349798464936,0.1325839425622078
2024-01-23,0.11037320743184227,5.32,KERVILCO,0.0,341.9941762801254,128.35894290908462,-0.0958487225959808,-9.402962635727416,299.71334276570326,0.7692189989583927,0.1256537225455307
2024-01-24,0.10684624403646387,5.15,KERVILCO,0.0,350.8736825568327,128.35894290908462,-0.2957119584582023,-9.802083765122385,290.55808003388063,0.8679977252790326,0.152075804258015
2024-01-25,0.09813256976552893,4.73,KERVILCO,0.0,290.0047515978818,128.35894290908462,-3.0326561527021445,-10.40994309666573,276.8900501883005,0.7008319180430895,0.1133000550029915
2024-01-26,0.09709522759041762,4.68,KERVILCO,0.0,329.68612795401964,128.35894290908462,-2.837002091536194,-11.25922596072608,259.6704438112963,0.6368673227310646,0.0861262526324828
2024-01-27,0.09439813793512825,4.55,KERVILCO,0.0,402.5122500956544,128.35894290908462,-1.4041775693013472,-13.04731451342822,223.8478827372252,1.1227180670233663,0.1882825843172421
2024-01-28,0.0931533273249947,4.49,KERVILCO,0.0,455.7694477361711,128.35894290908462,5.848900885348875,-10.798479952981504,266.0842622788249,1.701613929465204,0.3715450402922822
2024-01-29,0.10497902812126352,5.06,KERVILCO,0.0,419.1345947779483,128.35894290908462,4.656077005419611,-7.814338280918127,336.8251400678742,1.418801351643368,0.3297933548205918
2024-01-30,0.1246885294483782,6.01,KERVILCO,0.0,437.6833296837354,128.35894290908462,6.264356931098223,-7.460670184114843,345.20568137194124,1.435815764538227,0.3890712454368111
2024-01-31,0.11265536021708712,5.43,KERVILCO,0.0,416.65063945329416,128.35894290908462,4.126650695288892,-7.712191275148234,340.8727347225537,1.5040231615861313,0.3785997101032518
2024-02-01,0.11037320743184227,5.32,KERVILCO,11.882602895247528,287.00315785085127,140.2423101209816,2.707758812581096,-7.510146420988395,347.55011100574825,1.3696781888483671,0.300518456088426
2024-02-02,0.11037320743184227,5.32,KERVILCO,18.59796244114879,180.26681456963027,155.9862678913478,-1.8748467527130337,-7.105676033370632,359.63051034575057,0.944111681838174,0.1290166732974427
2024-02-03,0.1087134599516642,5.24,KERVILCO,0.0,213.8756746719461,155.9862678913478,-5.636599752955429,-10.150221932482188,284.3295320836657,0.8199460837377782,0.093661774409402
2024-02-04,0.10020725411575153,4.83,KERVILCO,0.0,449.30673598088015,155.9862678913478,-2.288953439854719,-14.376769516814043,201.37021034730463,1.1568433919257126,0.1839243294287194
2024-02-05,0.09398320106508375,4.53,KERVILCO,0.0,474.07280150904114,155.9862678913478,1.172335028978373,-12.783785873036836,228.38772512174867,1.3780439628038923,0.2922448519541576
2024-02-06,0.09273839045495016,4.47,KERVILCO,8.145099674531544,288.0907001777806,160.02829753500873,3.5844936996280854,-6.027259647848206,389.5885844853139,1.8956540243656823,0.3777794388333382
2024-02-07,0.09190851671486112,4.43,KERVILCO,10.089306500409393,275.80268320415763,170.1170652359759,-2.0907397476669827,-10.58169413906124,274.91891604351133,1.0202822024792642,0.1365245768334825
2024-02-08,0.08879649018952725,4.28,KERVILCO,4.526047045528176,281.2152617944108,174.64339967732553,-4.9835519501125285,-13.20748030597892,221.623720528881,1.0166982866806071,0.1445156573252089
2024-02-09,0.08070522122365911,3.89,KERVILCO,3.038363459487037,327.85778296666973,177.6817211993883,-4.8160547042130215,-14.008694894531756,207.4506318481197,0.8868290529660168,0.1253302715706846
2024-02-10,0.07655585252321391,3.69,KERVILCO,3.3596060185348184,347.29381456350063,181.0413196539983,-4.530828271577499,-14.486125907581869,199.4183634134431,0.7987521271440484,0.1102176293875032
2024-02-11,0.07800813156836972,3.76,KERVILCO,0.0,485.98557890225936,181.0413196539983,-4.608864927870247,-17.140919975740797,159.45986038872672,0.9026255329426172,0.1156543853295494
2024-02-12,0.07780066313334746,3.75,KERVILCO,0.0,499.4808050943118,181.0413196539983,-1.7556839971817848,-15.331340407322363,184.55808590260656,1.3056237657178622,0.1954084709375945
2024-02-13,0.07759319469832521,3.74,KERVILCO,0.0,478.32135819952447,181.0413196539983,-0.4993381314265367,-12.882217894996495,225.38303077009493,1.2437190117802206,0.2084193544855356
2024-02-14,0.07614091565316938,3.67,KERVILCO,0.0,394.5076012964445,181.0413196539983,-2.090963032577363,-11.315277393064717,256.5068630337704,1.236657681022761,0.1778030688455885
2024-02-15,0.07302888912783548,3.52,KERVILCO,0.0,460.5829146978864,181.0413196539983,0.0105470638461357,-11.15613258092448,259.28415973596435,1.3523875939295045,0.1989707491188882
2024-02-16,0.07531104191308034,3.63,KERVILCO,3.268170126674298,271.81149806914755,184.31000630379768,-2.4611177540215867,-10.015677333223232,286.41301180053244,1.0356593782828536,0.1248457629503472
2024-02-17,0.07282142069281322,3.51,KERVILCO,0.0,482.3062670779013,184.31000630379768,-2.757176463714391,-14.425001182523152,200.0101576892037,1.0255266139659702,0.1254464072059075
2024-02-18,0.06701230451218995,3.23,KERVILCO,0.0,484.6923397034125,184.31000630379768,-1.8936155125053609,-13.722028849117056,210.390773863956,1.1995640661683862,0.1759861553583259
2024-02-19,0.06742724138223447,3.25,KERVILCO,0.0,473.324100202548,184.31000630379768,2.677712542817882,-8.803614150743545,306.8993233201556,1.811749999247305,0.3141542718145187
2024-02-20,0.07095420477761288,3.42,KERVILCO,0.0,462.7781094648862,184.30799641773737,4.482915375167125,-6.488462624964488,366.4440638699044,1.74572560105767,0.3271601647614623
2024-02-21,0.07302888912783548,3.52,KERVILCO,0.0,444.0015387649185,184.3012829031913,3.020423606941059,-7.111661849571407,353.4307690039318,1.8075837675162336,0.3180077221677337
2024-02-22,0.07116167321263515,3.43,KERVILCO,0.0,440.1087961713867,184.3012829031913,-0.3779877543151637,-10.334969894568117,275.6151252120256,1.372583275463954,0.175580512924538
2024-02-23,0.06804964668730125,3.28,KERVILCO,0.0,515.1391039722624,184.3012829031913,-0.2560027957704893,-13.070885477849584,218.9492639470096,1.4902498948586365,0.2009380739409711
2024-02-24,0.06597496233707865,3.18,KERVILCO,0.0,545.5145681367962,184.3012829031913,3.665891984212167,-11.043771615437286,251.11326447046065,2.097121559206188,0.3543715746689309
2024-02-25,0.0719915469527242,3.47,KERVILCO,2.202405897774699,457.2007671796813,186.50365567550872,4.5261788199956685,-8.340139451048655,311.9207243204538,2.220395303431821,0.3618954434092877
2024-02-26,0.07883800530845878,3.8,KERVILCO,4.69613323521564,263.7964960716278,185.6847677896957,3.551368678620688,-4.05110578808958,451.7907274328791,1.865708295816844,0.2741599316220288
2024-02-27,0.07095420477761288,3.42,KERVILCO,6.010702804735085,419.1109921381537,191.69564800370992,-2.0128571299928955,-16.785804493987172,167.2873624481936,0.8567634988301592,0.0893946959879179
2024-02-28,0.06431521485690057,3.1,KERVILCO,0.0,614.0455068363764,191.69564800370992,0.3851256195620914,-19.12452360148565,127.93383414155616,1.5447738833254636,0.2362896369211146
2024-02-29,0.06473015172694509,3.12,KERVILCO,0.0,560.8769216995416,191.69564800370992,2.8720488421995043,-11.657632716399991,233.18898470947383,1.8673122011481864,0.2919037630584117
2024-03-01,0.06950192573245706,3.35,KERVILCO,0.0,531.1900131044314,191.69564800370992,4.194052127819092,-8.772751009312335,291.9199299738216,1.9660610002644832,0.2972174023564202
2024-03-02,0.07489610504303582,3.61,KERVILCO,1.20075270990846,486.88968210727154,192.8969993663665,4.348061293898111,-7.791185334123021,319.0420878764725,2.1036703981522864,0.3103550663575853
2024-03-03,0.06908698886241256,3.33,KERVILCO,1.073190247094999,391.596638437841,193.9700680578145,-0.4945439514138922,-9.166522226073072,301.463309517883,0.9605304363789344,0.0918891208522111
2024-03-04,0.07012433103752384,3.38,KERVILCO,0.0,519.4748120242709,193.9700680578145,2.486764491227825,-9.694912629319338,276.49127503192904,1.5779375192912857,0.1945419463946583
2024-03-05,0.06784217825227899,3.27,KERVILCO,0.0,529.1287399738318,193.9700680578145,2.7656903298551443,-9.614934911585417,276.87755646079984,1.6025623234451831,0.216650025215761
2024-03-06,0.06887952042739029,3.32,KERVILCO,0.0,528.6563499917573,193.9700680578145,2.7804628760218857,-9.36861602367726,282.1232197211153,1.5680875889271426,0.2137699231011018
2024-03-07,0.06099571989654441,2.94,KERVILCO,1.1944294738109442,479.6472238192388,195.163999533059,1.2299846884508832,-10.15303881707626,271.3186058259471,1.4697813644634825,0.2015593514916963
2024-03-08,0.0641077464218783,3.09,KERVILCO,2.640676519033028,338.7503849910637,197.8041784611404,-3.1972962697743945,-11.9709051622257,243.95942334178963,0.9131543008242864,0.0622824529333224
2024-03-09,0.0641077464218783,3.09,KERVILCO,0.0,597.2446595751416,197.8041784611404,0.4620674863177642,-14.441304821051084,187.24839787640155,1.393091724762357,0.15544374684463
2024-03-10,0.10311181220606318,4.97,KERVILCO,0.0,623.0250062787958,197.8041784611404,5.032782274797427,-11.769346134201914,216.4680865206761,2.133323317418888,0.3308269274367267
2024-03-11,0.06970939416747933,3.36,KERVILCO,0.0,579.2931925394798,197.8041784611404,5.463775915852176,-8.780076525793755,278.0733990685277,2.103813478555629,0.3515523596385693
2024-03-12,0.0771782578282807,3.72,KERVILCO,2.7896346074642824,428.21066713239526,199.5224210405219,5.365037774810385,-6.014142629441827,366.0169999006247,2.1613989238838025,0.3167661700446946
2024-03-13,0.0692944572974348,3.34,KERVILCO,6.966230102221839,334.5193642974912,206.2114550644561,1.0995481042833222,-8.07250508481082,333.8860191778592,1.504049783002747,0.1751445881301646
2024-03-14,0.06224053050667798,3.0,KERVILCO,21.18276729687198,174.08611492664622,227.2509341711356,-4.813862081627469,-9.13220089099391,308.1770769213009,0.7679012360709596,0.0273225510514676
2024-03-15,0.06037331459147764,2.91,KERVILCO,8.603194221855697,311.2337120908942,235.8534875200583,-1.5914375561771932,-9.537832036954084,298.3280041945254,0.8036005386659294,0.0477481607445907
2024-03-16,0.06058078302649989,2.92,KERVILCO,5.178577430251989,306.880622129798,241.0323180725824,-1.233262125942311,-8.929253930113472,311.98157982707073,1.010305815907565,0.0839895508818452
2024-03-17,0.058298630241255034,2.81,KERVILCO,0.0,460.6895800048447,241.0323180725824,-0.865915940705383,-9.591446160802048,296.2137110752256,1.0871551903245185,0.0953269445088091
2024-03-18,0.07780066313334746,3.75,KERVILCO,0.0,655.2148429172685,241.0323180725824,4.439245611292851,-11.007914541374689,250.7579259251379,1.923440127958891,0.2692945336134024
2024-03-19,0.09170104827983887,4.42,KERVILCO,0.0,634.8074212051592,241.0323180725824,5.50074673736319,-8.899245623102095,294.3686133434814,2.166430371842453,0.3453113036815634
2024-03-20,0.08443965305405979,4.07,KERVILCO,0.0,635.0505636186716,241.0323180725824,6.659043952822189,-7.7310681806412465,319.7658853575631,2.270746418292945,0.4005976498577227
2024-03-21,0.27593301857960567,13.3,KERVILCO,0.0,634.1700493133843,241.03163714271,7.021971653183821,-7.339350095918178,327.3158904175239,2.540927128515556,0.3751885099326278
2024-03-22,0.099792317245707,4.81,KERVILCO,0.0,617.8644081347518,240.96411486215632,7.201585631343412,-6.423113717020806,352.81833552028934,2.6549066336459366,0.406579479496315
2024-03-23,0.09543548011023954,4.6,KERVILCO,0.0,542.8536780259205,240.66773432516823,5.614060099440439,-5.394990528741776,395.8699319981717,2.3366843060738507,0.3403474067987919
2024-03-24,0.0858919320992156,4.14,KERVILCO,22.63045659477329,362.4947274650997,261.9179858793884,0.7030371690353626,-8.362262833015695,327.5263016733654,1.6539316744833104,0.1685328294700114
2024-03-25,0.08008281591859233,3.86,KERVILCO,6.352289113398303,339.15767620196226,268.27025812050096,-3.642816198571924,-11.74707166184872,250.94949224085573,1.0826029194452171,0.0842770626753284
2024-03-26,0.0931533273249947,4.49,KERVILCO,0.0,564.6486578275509,268.27025812050096,-2.7961655093356903,-13.393572608586227,218.85077010977912,1.394472710749325,0.1357315886339401
2024-03-27,0.09232345358490567,4.45,KERVILCO,0.0,560.6957571968961,268.27025812050096,-1.7524195551563084,-12.50117533277788,233.5897391558781,1.5495224847305178,0.1651202945525799
2024-03-28,0.10290434377104091,4.96,KERVILCO,0.0,704.877029807384,268.27025812050096,5.328590064280872,-10.864461410811632,254.6643055199918,2.4581910527084507,0.3415047738648173
2024-03-29,0.10082965942081833,4.86,KERVILCO,0.0,539.0433930287263,268.11501902708187,4.352441862905362,-5.678031661888038,393.6689772081473,2.23192902735706,0.2810012957033534
2024-03-30,0.1097508021267755,5.29,KERVILCO,0.0,635.4981274326325,267.7861439576463,7.45816977990177,-5.216297287484152,394.8135623216574,2.441742411977118,0.342466145272874
2024-03-31,0.10663877560144158,5.14,KERVILCO,0.0,619.3621323994164,267.7497485861763,4.735967525127451,-7.090568369555398,350.16244961385456,2.206808407649174,0.3082283478433418
2024-04-01,0.09398320106508375,4.53,KERVILCO,0.0,601.0372572904547,267.7497485861763,0.8280962358438457,-10.216616392080086,279.6830432758939,1.8414994321414184,0.2098129854890011
2024-04-02,0.11825700796268815,5.7,KERVILCO,0.0,724.7835909991425,267.7497485861763,5.339338477887765,-10.918917523196503,250.00973656724085,2.678686185913085,0.3665185859794724
2024-04-03,0.12427359257833369,5.99,KERVILCO,0.0,740.9534627822969,267.7370253817412,9.980487489171928,-7.691573956267323,304.9852444590128,3.203667082836861,0.5433722599606471
2024-04-04,0.14543537295060419,7.01,KERVILCO,0.0,710.1932165696733,266.97313842082883,11.86115868234154,-4.1821337250091375,394.6155282550834,3.5044624328946514,0.7011260865278197
2024-04-05,0.15601626313673944,7.52,KERVILCO,0.0,622.2833834763618,265.7011242559606,9.220250945738488,-2.9691727411480806,460.788267480074,3.5492263277502647,0.5425616358346874
2024-04-06,0.1450204360805597,6.99,KERVILCO,0.0,549.4886458452354,265.7011242559606,-1.6684423135927935,-11.397610061351386,258.9662892708251,1.643006889301467,0.184260423831692
2024-04-07,0.15622373157176173,7.53,KERVILCO,0.0,674.1269138322602,265.7011242559606,0.5928058931052074,-12.902609571665284,220.51072834892443,2.21113107154137,0.2565452044447355
2024-04-08,0.13526941963451347,6.52,KERVILCO,0.0,684.5980472905535,265.7011242559606,2.321516752062549,-11.51978299831266,241.75321344684903,2.140218251279331,0.294586205015083
2024-04-09,0.12800802440873438,6.17,KERVILCO,0.0,720.0446956320088,265.7011242559606,5.912435185919784,-9.49465808584061,268.57332042922457,2.6390635487101166,0.3595700647387782
2024-04-10,0.11929435013779945,5.75,KERVILCO,0.0,708.1495147803583,265.7011242559606,6.234208144023151,-8.566520240087803,285.45019442594565,2.875854347816169,0.3942105074217782
2024-04-11,0.13796650928980284,6.65,KERVILCO,0.0,721.6833097844991,265.7011242559606,8.989233985295817,-6.759021328354887,312.52182677997195,3.273960956618424,0.5174456732685104
2024-04-12,0.16348512679754082,7.88,KERVILCO,0.0,729.603099809669,264.73101872599057,12.833280067428618,-3.688917513032678,374.3330587401239,3.546474337573855,0.7381158656897213
2024-04-13,0.2095431193724825,10.1,KERVILCO,0.0,667.1365832666175,262.8590390301636,12.440702449969576,-1.5463249017365015,448.32101508165294,3.76976473733457,0.7076473310483182
2024-04-14,0.24896212202671192,12.0,KERVILCO,0.0,706.4760529048859,261.3166230691618,13.496446373799785,-2.3274010868779578,391.9506612257697,3.947985133118435,0.7997371092627621
2024-04-15,0.2614102281280475,12.6,KERVILCO,0.0,571.2375116761143,261.1281243491493,4.987895268743708,-6.015676384459938,356.860952126421,3.164650096293834,0.4432028895644102
2024-04-16,0.2302899628747085,11.1,KERVILCO,0.0,557.6371139318694,260.5462297945625,6.083311399455413,-4.7099011599539535,389.4005579278656,2.97415063347159,0.367366807685847
2024-04-17,0.2240659098240407,10.8,KERVILCO,0.0,694.2353510019295,259.5568016757783,11.483291720341166,-3.643239496900756,361.58460641222246,3.82779609264064,0.6061016271804274
2024-04-18,0.26970896552893786,13.0,KERVILCO,0.0,594.6449452962844,257.7037948299171,10.203479728573058,-1.5885897394996027,459.6080829145224,3.50321121589661,0.528601368495436
2024-04-19,0.31742670558405767,15.3,KERVILCO,0.0,658.0013459723452,256.4072854173216,10.664817794730498,-2.913992889367548,394.7327832642191,3.3552660562128045,0.5537765783115749
2024-04-20,0.33817354908628366,16.3,KERVILCO,0.0,644.1814849976392,255.44669123245896,9.22453762516952,-3.711822892337356,381.2296296105379,3.1159262161541146,0.4468583418001515
2024-04-21,0.3547710238880645,17.1,KERVILCO,0.0,708.6309605864044,254.6923242465957,11.10401184257146,-4.203444486045033,341.6628556516992,3.7818575042412217,0.6193657603167776
2024-04-22,0.40871281699385204,19.7,KERVILCO,0.0,698.8483475755603,253.07771274637363,13.247777774041914,-2.1555372481655395,390.4317105104672,4.409553793320731,0.752630539955718
2024-04-23,0.460579925749417,22.2,KERVILCO,0.0,676.204416956506,250.9324629283072,13.601960325617156,-0.8915237405388129,432.9934565949799,3.9979601325594,0.7193753965436266
2024-04-24,0.4937748753529786,23.8,KERVILCO,0.0,701.4745260124845,248.75587598773944,14.883108021078376,-0.8183710994147164,420.8255987851251,4.138657580770427,0.8116109136602713
2024-04-25,0.5726128806614375,27.6,KERVILCO,0.0,651.3932598396204,247.17990895478508,11.352827190404756,-2.248238325075631,410.7179170562632,3.859824974760391,0.650173047511916
2024-04-26,0.5414926154080985,26.1,KERVILCO,6.741211591133925,434.4215584777444,246.21390227837355,7.229377754095339,-3.040033947120808,468.0015726185,3.072663128330389,0.4283491377465392
2024-04-27,0.5207457719058723,25.1,KERVILCO,13.190229264611888,222.40138712634163,248.8974760014349,0.5537695890209905,-4.658487566953205,435.02430953641857,1.8906358942398915,0.1592925367663357
2024-04-28,0.4875508223023108,23.5,KERVILCO,0.0562387281700099,483.6081051332202,248.19775722981345,4.651391281132546,-4.245006500891191,432.2129117753644,2.761089505445088,0.3185098658126389
2024-04-29,0.45435587269874916,21.9,KERVILCO,0.0,641.5041290137987,247.49383695638664,8.63003561404782,-4.323383926397189,384.0657507217385,3.372663114127302,0.4509540453718323
2024-04-30,0.4585052413991944,22.1,KERVILCO,0.0,660.9093118460504,245.48922109449964,12.5141449678496,-1.227298259774777,458.1291389080702,4.307543810487116,0.6770050901330648
2024-05-01,0.49170019100275597,23.7,KERVILCO,0.0,683.594336970087,244.05483958964803,11.876743212194,-2.5840204961525792,409.91736911528574,4.036541256276722,0.5933147098884333
2024-05-02,0.5082976658045368,24.5,KERVILCO,0.0,698.0477066550343,243.76183487542207,9.139198695929814,-5.593286446226104,321.35431363565084,3.765538627036397,0.5167195738603548
2024-05-03,0.533193878007208,25.7,KERVILCO,0.0,728.5943175085425,242.8436466576412,12.27410568027408,-3.812124068715372,316.9610991859899,4.328015722120421,0.6598232966890147
2024-05-04,0.564314143260547,27.2,KERVILCO,0.0,709.3155194376756,242.0753649636429,10.828028027798936,-4.172989926621114,318.96512436934216,3.7065854910935294,0.5578739459796428
2024-05-05,0.6203306207165571,29.9,KERVILCO,0.0,652.3172206207781,240.4687545993182,10.886458670310317,-2.173709356627336,389.6449346383366,3.811786634347384,0.501161690135315
2024-05-06,0.636928095518338,30.7,KERVILCO,0.0,497.1149321960368,240.39841539961088,0.7731869153234371,-8.143581578848243,313.94363564179673,2.1549998566432427,0.235351568893154
2024-05-07,0.5850609867627728,28.2,KERVILCO,0.0,625.6809849220682,240.2666420018961,5.267261666146369,-6.722231216000018,294.2048829307073,2.7648530642620006,0.3489195016054365
2024-05-08,0.5062229814543141,24.4,KERVILCO,0.0,637.7821025078496,240.2647791602228,3.663185925490235,-8.527259001021479,248.3737881253521,3.023892742144098,0.3519144144651396
2024-05-09,0.47925208490142046,23.1,KERVILCO,20.66409501797436,338.1451961190716,255.493088745491,1.0946663957525429,-6.760735421969187,356.60686122227486,2.0560546879847554,0.200103161175899
2024-05-10,0.47925208490142046,23.1,KERVILCO,16.33343717015836,280.4758138383376,255.952851295376,2.0232324981890604,-4.144509662360361,450.92402490046703,1.5559881669321205,0.113647797027585
2024-05-11,0.49792424405342384,24.0,KERVILCO,14.67751430761421,364.9057231612509,257.61247579846173,3.586178480174855,-4.530411964609105,438.3162914356225,2.016042662005644,0.1295577521688775
2024-05-12,0.5082976658045368,24.5,KERVILCO,7.532079473144302,434.9952191321143,257.84231264971805,5.870667835272765,-4.233824154961023,440.0816247541534,2.5913546617636216,0.2752490787711431
2024-05-13,0.4896255066525334,23.6,KERVILCO,0.0,738.4112208200326,256.49746857090594,12.064450085387245,-2.7988463028794834,381.9326679912295,3.881937374581054,0.5578057329998466
2024-05-14,0.49584955970320116,23.9,KERVILCO,0.0,707.1423693125014,254.4312564711108,12.60987560158224,-1.0808006405063282,439.91515662692296,4.136028706581159,0.6082612913270382
2024-05-15,0.5248951406063176,25.3,KERVILCO,0.0,695.6566729443252,252.48366157481212,11.941498080734675,-1.3618694929479376,438.0028283704812,3.924188878928076,0.6013623461509592
2024-05-16,0.5933597241636634,28.6,KERVILCO,0.287402415683371,689.9146444655739,250.3770257103706,12.329287203055392,-0.9838238370955548,450.0828088109995,3.756813434248443,0.5466333957379887
2024-05-17,0.6556002546703413,31.6,KERVILCO,0.0,724.7319818048413,247.91275756094348,14.65387444986305,-0.1308701879940752,448.1474875706905,5.000552440847177,0.7816681634296431
2024-05-18,0.8464712148908203,40.8,KERVILCO,0.0,675.8200862834128,244.5263553943212,15.185249061053865,2.0602838435445485,542.6396890697192,4.581335066733499,0.7715287474855077
2024-05-19,0.9730269602543989,46.9,KERVILCO,0.0,663.8797022681883,241.1333839719512,14.896162170970474,2.078130511181402,549.3896846115593,4.90204325688944,0.8026198718751005
2024-05-20,1.0850599151664193,52.3,KERVILCO,0.0,745.7490834449438,238.9911080381644,14.71076669772648,-0.8987424703355374,415.6784514583673,5.102119736669703,0.837890254961687
2024-05-21,1.2489599788340047,60.2,KERVILCO,2.777261649323425,484.00282691827874,239.7919544165259,5.901980968110464,-5.271954675652351,398.2211111390585,2.920262218588765,0.3191541083007561
2024-05-22,1.165972604825101,56.2,KERVILCO,0.0,802.2451455531782,239.78651066289112,11.09829953142793,-7.446124618499555,257.7182231805459,4.064976230333628,0.5815816445271865
2024-05-23,1.0892092838668646,52.5,KERVILCO,0.0,744.8239612470813,237.9304105368261,14.027119211982225,-1.5815473724584177,401.2044872969289,5.267328807825352,0.804345943456418
2024-05-24,1.087134599516642,52.4,KERVILCO,0.0,708.8775449858614,236.1259401454445,12.257151187856616,-1.7025480101548316,417.4452193061754,4.693471056162024,0.6959359093988315
2024-05-25,1.112030811719313,53.6,KERVILCO,0.0,651.7782824882113,234.18484960881764,10.732059842270548,-1.3772107462828962,453.4733568168489,4.254700284445174,0.6135220152697611
2024-05-26,1.0892092838668646,52.5,KERVILCO,0.0,691.6512063119002,232.727864764938,10.899495890031766,-2.5325786213589105,400.59072880749545,4.302059788945265,0.5543343037617773
2024-05-27,1.0746864934153064,51.8,KERVILCO,0.0,732.997650058134,230.3579330778429,15.274580843131051,-0.356871981818437,423.6665955554594,4.961751709975784,0.8458683523083399
2024-05-28,1.056014334263303,50.9,KERVILCO,0.0,695.2311952594816,226.9198830294723,16.72158472018569,2.197112248307325,505.4522626445933,4.820481908384455,1.0182030597271323
2024-05-29,1.0124459629086282,48.8,KERVILCO,0.0,689.8550135383456,223.61243302145124,16.34030186586906,1.937861967235948,500.2688655146847,5.292579205094634,0.9414758152927776
2024-05-30,1.1016573899682003,53.1,KERVILCO,0.0,696.8173559376141,220.2505817111212,16.82016972469485,2.064314003879467,499.1372710561154,5.432641211581395,1.0101713678935285
2024-05-31,1.2219890822811108,58.9,KERVILCO,0.0,676.2006041369485,216.8784917586616,16.101799245658345,2.0872360260759293,513.2236096747508,5.304735238570105,0.9718232358149776
2024-06-01,1.2053916074793303,58.1,KERVILCO,0.0093840474927847,698.6029956593322,213.236972102476,17.503047446110365,2.748091576761947,515.5630180331215,5.288366335108174,1.005532580538124
2024-06-02,1.1493751300233197,55.4,KERVILCO,0.0,671.4864577528588,208.9850149153712,18.25497858109624,4.198468610643846,578.7605897600627,5.956467403063923,1.1373159077587136
2024-06-03,1.1058067586686453,53.3,KERVILCO,0.0,697.9798898878743,205.0226376488508,18.37331069163573,3.5152038329492807,536.3836029916947,5.5121494139265454,1.0528821055652942
2024-06-04,1.1141054960695356,53.7,KERVILCO,0.0,662.1418750467549,200.8138479109846,17.670228296895374,4.140995309914668,586.463403620096,5.638700897215783,0.8737293311150947
2024-06-05,1.2053916074793303,58.1,KERVILCO,0.0,741.823173921797,196.332443345125,22.49826398193649,4.852928024144233,540.1121465507742,6.624694693025459,1.255220110382852
2024-06-06,1.2655574536357854,61.0,KERVILCO,0.0,720.2160082681223,191.1080109990578,23.623743943995773,6.703983907409843,618.3770825497535,5.771548284999878,1.4492509377696536
2024-06-07,1.3734410398473607,66.2,KERVILCO,0.4628907490846088,658.1564034053895,185.71945364665663,21.97238490158721,7.2118495084978305,689.4730797812994,5.878602959860513,1.3478775951121391
2024-06-08,1.375515724197583,66.3,KERVILCO,0.0127469970449576,673.0481066667459,180.60182390023868,22.11426208240689,6.789151109596612,657.5277870231289,6.036541282688336,1.2268367166356682
2024-06-09,1.2800802440873438,61.7,KERVILCO,2.3175481716482373,549.0243303821251,176.1355420047521,20.40649293097461,5.295540892166654,694.5486137981935,4.757209331778011,0.9221879362381656
2024-06-10,1.2385865570828918,59.7,KERVILCO,5.607825379201702,432.1210204178369,171.8893167566394,17.39861541904946,4.871320746622602,779.0163635658085,4.487424681116938,0.6490719132500992
2024-06-11,1.1908688170277717,57.4,KERVILCO,0.0,683.472205977865,167.89696654773292,20.955338187806568,4.404749270128271,573.387062604128,5.607597053715452,1.0117080963723837
2024-06-12,1.1348523395717618,54.7,KERVILCO,0.0,649.7514610152163,162.62559664503704,23.161511313462626,7.60612157123354,699.6862994936603,6.159894806855308,1.3165232477947857
2024-06-13,1.1037320743184227,53.2,KERVILCO,0.0,686.2931756715896,157.43340026447297,24.648984358388528,7.427006753168307,575.7835466673617,6.228448228222619,1.529219005560979
2024-06-14,1.0622383873139707,51.2,KERVILCO,4.521792955269398,373.0163713787595,153.810789728636,14.121428258652848,3.686876295930905,713.4895108897556,3.987980436006961,0.5654540609700133
2024-06-15,0.9771763289548443,47.1,KERVILCO,0.1027543176839381,673.7547779787136,150.46657349151656,19.24504664638373,2.812647500352247,423.6704343237428,5.524192249234248,0.9803600637675766
2024-06-16,0.921159851498834,44.4,KERVILCO,0.0,654.9555082125361,145.67999028292948,22.72892544707587,6.682172635395688,545.014947288584,6.408259350259167,1.3825130594664892
2024-06-17,0.8858902175450498,42.7,KERVILCO,0.0,603.4712690757258,140.8955567882336,21.45319188261964,7.218591387468404,615.4477617136156,6.651366027658,1.3640454428584157
2024-06-18,0.7780066313334747,37.5,KERVILCO,0.0,624.2567407694927,137.53461589304996,18.65844263749124,3.872727697869316,493.9513819630002,5.673781186743892,1.045888315770103
2024-06-19,0.6099571989654441,29.4,KERVILCO,4.517522218259044,405.9092479978862,134.52023377122907,15.190931790728154,2.886794109478721,629.0494434831065,4.382576308501611,0.5253788479703156
2024-06-20,0.6659736764214543,32.1,KERVILCO,13.180277148854785,421.7682435099589,130.6661893705541,18.437300578706346,5.405191837473879,735.5645941389382,4.758590348123661,0.7180429926601207
2024-06-21,0.7842306843841423,37.8,KERVILCO,17.725007414433023,333.29836489932046,126.96110195266418,14.506772108123393,5.029614996641934,850.4482903904672,3.433915686454239,0.4095946872248429
2024-06-22,0.724064838227687,34.9,KERVILCO,0.0,549.3482160161711,123.10783792787662,17.664577555471578,5.392428217709813,719.4653018355936,4.794296382021054,0.7429183726143961
2024-06-23,0.6244799894170023,30.1,KERVILCO,0.0,657.698704930297,118.991571366063,22.63490859674601,6.035067691068628,571.1525812277577,5.134188526811498,1.153704041693041
2024-06-24,0.564314143260547,27.2,KERVILCO,0.0,624.5888393864549,114.20326010532136,23.460931438831825,8.055518959069275,652.4743289354061,6.231419887293922,1.3489008545935055
2024-06-25,0.5186710875556498,25.0,KERVILCO,0.0,632.0756193576552,109.30280733107732,24.33743632382821,8.366868683305754,654.0638644528908,5.648354488999384,1.4493401380296294
2024-06-26,0.47925208490142046,23.1,KERVILCO,3.274601170585969,433.1999836981641,104.08471290186588,22.029099840129465,9.54736313387176,936.9417066467151,5.032261785296673,1.2102072980573604
2024-06-27,0.4771774005511978,23.0,KERVILCO,7.880730739294691,394.0492063242244,100.40443222542412,17.57831051829556,5.555336248667989,795.3595388003158,4.548687262049705,0.7129789278581097
2024-06-28,0.43153434484630065,20.8,KERVILCO,0.0,601.3438788073133,97.0042888256544,19.207763161700026,4.626407445851613,591.4100089946377,5.299231267245947,0.8393261404284375
2024-06-29,0.41701155439474247,20.1,KERVILCO,10.188317197415875,425.23051265932247,93.04794156452589,20.3751764823655,6.596915565653019,827.1492934809489,4.977970831398404,0.9547499096344796
2024-06-30,0.46887866315030746,22.6,KERVILCO,31.502190982881693,329.03902098731953,88.62609785533199,18.262224502299446,8.360592660465672,1073.8360486737165,4.070792958945158,0.5418764678768491
2024-07-01,0.6307040424676702,30.4,KERVILCO,9.464487891511224,315.732457097511,84.79535196467228,16.40937644671864,7.131032885991334,1016.1232017508714,3.846218077324261,0.479293199896531
2024-07-02,0.460579925749417,22.2,KERVILCO,5.715241435764121,388.85732805459565,81.22204641862888,18.712351632211064,6.553249492601152,965.3945828651356,4.475804470877916,0.650667531332205
2024-07-03,0.39419002654229385,19.0,KERVILCO,0.0,545.040591072082,77.69542038933692,19.554773594217533,6.334817472462138,843.7965929132223,5.487877281353734,0.9676526482182768
2024-07-04,0.3547710238880645,17.1,KERVILCO,0.0,585.6842243491241,74.77492266931671,19.3987035396226,4.632056827430287,728.192478856907,5.868190697356472,1.0565614988353935
2024-07-05,0.3195013899342803,15.4,KERVILCO,0.0,588.3346427203312,71.92678764515331,19.147635773697505,4.247904569772409,708.9057765068428,5.599713838658577,1.038278594004652
2024-07-06,0.29460517773160905,14.2,KERVILCO,0.0,594.8653310368469,68.98917386162591,19.79770594743448,4.48088450428809,714.3869418956363,5.781770862139371,1.0877361815129096
2024-07-07,0.2717836498791605,13.1,KERVILCO,0.0,621.9185832022574,66.40153605760797,20.34735882706319,3.719877214908744,661.438885837842,5.498785470687253,1.0765115981022495
2024-07-08,0.2593355437778249,12.5,KERVILCO,0.0,591.4917691092949,63.94655088919625,18.70388174629828,3.577253343007683,678.5130246374948,4.671441860172951,0.7762001250267094
2024-07-09,0.2510368063769345,12.1,KERVILCO,0.0,576.9455556515026,61.0196831756644,20.064017512081016,5.312251162407605,767.3540199231294,4.880017341589524,0.9685923831045778
2024-07-10,0.2199165411235955,10.6,KERVILCO,0.6474446769816036,532.1431952054392,58.00461058199313,20.38189414920776,6.228055293221018,849.1646617681092,4.877681315066212,1.0248760544739248
2024-07-11,0.2199165411235955,10.6,KERVILCO,0.1930514769658705,574.7805253164347,55.08067629386579,22.15883428120367,6.535784825402478,829.9611027342387,5.232511341954614,1.217789090311249
2024-07-12,0.21576717242315033,10.4,KERVILCO,0.0,578.5287512023019,51.76947782872819,24.33695788924728,8.660353409780258,943.7749566439364,5.686602763727237,1.449442287260338
2024-07-13,0.2095431193724825,10.1,KERVILCO,0.0,544.7138086170258,48.34558743543703,23.79079267935905,9.36357663236384,1019.831707534772,5.216674945623498,1.4630551240213394
2024-07-14,0.1956427342259911,9.43,KERVILCO,0.0,550.671522623576,45.03565018912338,24.39205320273925,9.499490214569954,1021.7191132943464,4.937053664346048,1.3766307455978235
2024-07-15,0.18547678090990033,8.94,KERVILCO,1.5015520177733737,497.3869778229227,42.321372402745325,21.72157994248396,7.869713505612948,967.6395237207269,5.343805534558536,1.1327350358015558
2024-07-16,0.1821572859495442,8.78,KERVILCO,6.001318722143178,406.6685509633624,40.07291271366743,20.47016074228937,6.146573172897385,934.005661491594,4.467698224629943,0.9187810622964668
2024-07-17,0.18672159152003392,9.0,KERVILCO,0.0,535.9963180827864,37.84870651612356,20.06593024236804,6.045874014031191,852.2935387100233,4.331233644448979,0.7515573598736277
2024-07-18,0.17261373793852025,8.32,KERVILCO,3.913542985876468,405.2707145848071,35.68637418881823,20.818568441952007,6.334106686357167,949.6141889151396,4.707430644859026,0.8495590822466053
2024-07-19,0.17510335915878736,8.44,KERVILCO,3.4834015523410327,392.7170839165299,33.563396036650694,20.58847694451558,6.6286263283562645,970.9076057193656,4.671218906074572,0.9038850621317736
2024-07-20,0.1692942429781641,8.16,KERVILCO,4.167115230623139,369.5940554428648,31.54819132083626,18.8411173979013,6.1857755180762055,946.8437489296356,4.062217545340349,0.7033123707323836
2024-07-21,0.17842285411914352,8.6,KERVILCO,6.553398885908142,333.589753718524,29.86286215980922,15.780899786995972,4.938080276650663,870.0535840271897,3.490745737859603,0.4698256297494873
2024-07-22,0.16825690080305278,8.11,KERVILCO,1.9040913787174856,454.6929362103061,28.46282333086217,16.474345906816712,3.604551610425089,777.606284851235,3.952081451733053,0.5516189159605096
2024-07-23,0.15207436287131654,7.33,KERVILCO,0.0,556.5110956738943,26.8493100101232,20.07878208125492,4.712545339289468,800.2768003520805,4.5054706890870015,0.8400971717709277
2024-07-24,0.14087106738011446,6.79,KERVILCO,0.0,506.40286738577953,24.8439172459156,20.74671489482894,7.253332664929216,980.1354779922636,4.547329516764834,1.0564433663289112
2024-07-25,0.13838144615984735,6.67,KERVILCO,0.0,554.2330229243424,22.85630558899391,23.604985877633005,7.737149495197206,970.6550275786047,4.549509167516496,1.1011976265541543
2024-07-26,0.1475100573008268,7.11,KERVILCO,0.0,501.05768165818137,21.11476969725081,20.604053128107207,7.247959122935935,976.30108875743,4.570154146046763,0.8094529335278485
2024-07-27,0.16908677454314183,8.15,KERVILCO,1.8116125859721075,501.4062928206781,19.55381007233455,21.28381119841985,6.387979417239002,898.125545652388,4.7221023556015975,0.879721478266921
2024-07-28,0.14149347268518125,6.82,KERVILCO,0.0,526.8014280457517,17.988439597447524,22.50060700622876,7.555484349444156,953.0800199312864,5.627203746221376,1.1138138661293029
2024-07-29,0.1195018185728217,5.76,KERVILCO,0.0,502.5807690798934,16.633842551931558,21.95564210363713,7.93444979153141,998.782610697475,5.452537345940179,1.226852363520369
2024-07-30,0.11265536021708712,5.43,KERVILCO,0.0,541.756043133452,15.384484054078234,23.65463669767935,7.5571764702606705,939.3733965064569,5.876094015436971,1.3417756488995916
2024-07-31,0.10580890186135254,5.1,KERVILCO,0.0,520.5202960925493,14.064903638417706,24.052432310664106,8.578496881159825,1021.3437159595618,5.981920728318202,1.523509037565667
2024-08-01,0.09958484881068476,4.8,KERVILCO,0.0,534.674079043247,12.811664776964152,25.15548300326579,8.710197935294465,1015.5870872483088,5.231233515480325,1.5919020772039794
2024-08-02,0.10165953316090737,4.9,KERVILCO,0.0,504.430140323137,11.577511333910694,24.286762545126333,9.179302885188765,1076.9442223082413,4.557592085501005,1.380279189623722
2024-08-03,0.10103712785584057,4.87,KERVILCO,0.0,522.9841321369072,10.546762434965222,24.38974014560989,8.350302795241832,1004.9721411527652,5.162746675200703,1.3418129063545934
2024-08-04,0.09377573263006146,4.52,KERVILCO,0.0,506.371097796872,9.54089654171504,25.017280931127825,9.615385122820603,1106.0442300498012,5.312861393741322,1.3147129838920704
2024-08-05,0.0879666164494382,4.24,KERVILCO,11.50202286997546,363.7065191130239,8.710728361588272,22.958752436049345,8.457239370989342,1105.8888675547146,4.343958526208102,0.9767455494105132
2024-08-06,0.09377573263006146,4.52,KERVILCO,9.76861101627937,357.2794700100325,7.944480001507916,21.768913162920484,7.843286397607787,1062.1400637247573,4.325672956374771,0.8945795509435271
2024-08-07,0.0952280116752173,4.59,KERVILCO,6.348094536561482,369.4887577826273,7.205813880473914,22.33891277066333,7.569212665693054,1042.1143293867872,4.351698760894932,0.9822378747158016
2024-08-08,0.10892092838668646,5.25,KERVILCO,7.199608003354139,319.67948540926875,6.564683993435285,18.55914312638577,6.644522322810575,978.0426851744616,3.77154173975098,0.6706192803610574
2024-08-09,0.13796650928980284,6.65,KERVILCO,15.907168136738347,250.4435023737844,6.04783965561387,15.252695036015377,6.636403112981783,979.6315114057892,3.1641475849193506,0.3283637844189475
2024-08-10,0.2240659098240407,10.8,KERVILCO,11.583085372711295,328.5017916928917,5.653196854851758,17.4078550700209,5.479811632035396,905.0054531381126,3.2663272759874022,0.4261448848162636
2024-08-11,0.24066338462582149,11.6,KERVILCO,6.29947054491262,337.6546094001444,5.231207606185594,17.876169828657574,5.473129685581762,902.8285406101946,3.5756314252165584,0.4947878564301794
2024-08-12,0.16742702706296375,8.07,KERVILCO,6.099442269440234,319.24762017932136,4.807107917163889,17.222904073875092,5.809272586111264,924.7921234645736,3.562962961254024,0.5718085952987013
2024-08-13,0.1541490472215391,7.43,KERVILCO,8.720361399843366,328.6868171459594,4.409400005117796,17.407788448105883,5.554565589870891,909.5581153620064,3.211001295991192,0.4203424180014345
2024-08-14,0.14419056234047062,6.95,KERVILCO,0.0,486.3544723156832,4.039565764656916,18.01294833812249,4.294724289789633,820.1077176734119,4.194852092921336,0.6125726301592085
2024-08-15,0.12240637666313335,5.9,KERVILCO,0.0,486.4141994152749,3.5679711611956155,19.751281135598184,5.80222388020903,907.8880177989412,4.473411886343993,0.9192419639145778
2024-08-16,0.11514498143735424,5.55,KERVILCO,0.0,490.5010790331568,3.0293338289515064,22.366516328445865,7.744399202885096,1027.4994206402664,4.900069952828291,1.146948864355186
2024-08-17,0.10788358621157516,5.2,KERVILCO,0.0,518.2003574503991,2.606614434648872,23.00352136747068,6.916552868545054,964.9220442679087,4.731060533348065,1.2095484312673703
2024-08-18,0.11348523395717618,5.47,KERVILCO,3.3176859275167563,328.7277661067412,2.2261555566870554,20.460100156844923,8.091092791431482,1080.6448846023443,4.23168273891793,0.898657616993849
2024-08-19,0.12759308753868984,6.15,KERVILCO,4.097541512016815,324.9701266412367,1.821625245517552,20.51865397280003,8.171301449425373,1084.8981332077265,4.060087844197363,0.8862360712216543
2024-08-20,0.12095409761797753,5.83,KERVILCO,1.1824079057245318,414.3656531475431,1.5200828449614476,21.254758934043085,7.856925884017827,1060.6998807755983,4.147805410503949,1.076456676399897
2024-08-21,0.1180495395276659,5.69,KERVILCO,8.679938755798316,292.1997342534456,1.31466840346567,17.44199063452559,6.810722772977757,989.813838837258,3.497058346253189,0.609703842342874
2024-08-22,0.12614080849353404,6.08,KERVILCO,6.097637675978023,311.9038848282871,1.1240377929229626,17.439931798197854,6.014787536655813,936.8925852397768,3.0840637723696074,0.4743273080621068
2024-08-23,0.14481296764553744,6.98,KERVILCO,4.256208788253343,330.33810435366155,0.9775900785381364,18.916550603858145,6.451952336151935,967.6888526951284,3.7316694640703902,0.5887890510965927
2024-08-24,0.1599581634021624,7.71,KERVILCO,0.0,394.5048127107257,0.8444740578107266,16.111053839336325,5.613112418029809,911.9055769884396,3.4412898293374883,0.4836088583854658
2024-08-25,0.120539160747933,5.81,KERVILCO,6.501153390953648,336.81572662025496,0.7222454981940197,17.85027520044335,5.124765212982295,881.8586282409261,3.6910685076578216,0.6237140139977368
2024-08-26,0.15456398409158364,7.45,KERVILCO,2.259601673045804,316.0761156483605,0.6025080776370103,14.876425793879342,5.115873027223108,881.8671009629498,3.015733240535424,0.3537539502716809
2024-08-27,0.14460549921051513,6.97,KERVILCO,0.0,471.5178058597992,0.460740411592194,18.594104973410087,4.97266214787474,869.8394437057916,3.7669928119740415,0.7196153239844301
2024-08-28,0.12199143979308882,5.88,KERVILCO,0.0,450.2258150757563,0.3423017540579726,18.92966563740267,6.028126524108083,935.9575162673492,3.9990749151820726,0.8011001259160913
2024-08-29,0.11410763926224295,5.5,KERVILCO,0.0030548069140767,464.8339602471128,0.2834950589541806,18.66267784848308,5.276513923706458,889.1786264904027,4.102143053841716,0.7887268359817957
2024-08-30,0.10684624403646387,5.15,KERVILCO,0.0,475.525521797474,0.240852558871862,18.57611129333968,4.684332653002939,852.6680804355416,3.766327275987403,0.8397204774433096
2024-08-31,0.10103712785584057,4.87,KERVILCO,0.0,499.84073851795694,0.1940467878648046,20.446910562826577,5.040908781979384,872.4979469187862,4.299241227701552,1.1298292947804836
2024-09-01,0.0935682641950392,4.51,KERVILCO,0.0,464.9653754196073,0.1515393842179415,18.071822978705164,4.6745592415985335,852.564494253812,4.389770775736877,1.0010468874024152
2024-09-02,0.08838155331948272,4.26,KERVILCO,0.0,509.44828803546176,0.1095896958233747,19.44424040840928,3.3995916972417874,777.36095762448,4.0412830863592895,1.0753895075744624
2024-09-03,0.08630686896926013,4.16,KERVILCO,0.0,504.0267696537388,0.0610638576864398,20.869118251053496,4.831854513514947,859.3821309377089,4.289271532677997,1.1453362724566114
2024-09-04,0.083817247748993,4.04,KERVILCO,0.0,455.81235699258366,0.0156999763714597,19.617597083681098,6.204034808455505,947.962715422356,4.115031148394763,1.0358637005258318
2024-09-05,0.08526952679414884,4.11,KERVILCO,3.3572656525648727,216.3714798855617,0.0085517952420033,10.506240422910302,3.177002419168226,768.0885478004449,2.512957937669599,0.299728797208009
2024-09-06,0.08962636392961629,4.32,KERVILCO,0.0,509.28449312458696,0.0053642139724874,17.674502051454596,1.6202146355861682,686.2443238482697,3.568822984762713,0.693067451437112
2024-09-07,0.07780066313334746,3.75,KERVILCO,0.0,478.8830170960345,0.0008665268772085,18.64813617325349,3.96185951104224,810.510177420878,3.856457339694253,0.8779787732687596
2024-09-08,0.07261395225779096,3.5,KERVILCO,0.0,461.3054772290346,0.0,18.56220330421168,4.506865649273945,842.2707065895695,3.436857364359469,0.9159185944696476
2024-09-09,0.07821560000339199,3.77,KERVILCO,0.0,457.8845197498564,0.0,18.751516103006672,4.688197401580601,852.8048835635834,3.5592559320288566,0.9398459293180556
2024-09-10,0.07593344721814713,3.66,KERVILCO,0.0,442.6654627908111,0.0,17.87494361185995,4.5044317814971455,842.1732140322389,3.403104698878948,0.8515417087352212
2024-09-11,0.08713674270934915,4.2,KERVILCO,3.139859581552193,312.7345953783272,0.0,15.63172068127316,3.402010589259855,779.7407131042105,3.408269264119577,0.6954873311773906
2024-09-12,0.09294585888997245,4.48,KERVILCO,0.0,473.5343959996605,0.0,17.93932509573838,2.70061295146986,741.432602852332,4.316159111454359,0.842263152466761
2024-09-13,0.07344382599788,3.54,KERVILCO,0.0,445.6182194421908,0.0,18.46038895590144,4.489637946444643,841.4542932390096,4.098046678595645,0.926013441689736
2024-09-14,0.06638989920712317,3.2,KERVILCO,0.0,465.8956487360568,0.0,18.994021820080288,3.783646469278696,800.4675377907363,3.6657781590241534,1.0092645850773758
2024-09-15,0.06514508859698961,3.14,KERVILCO,0.0,426.7960126811521,0.0,17.336405109420628,4.187150533645747,823.7879657885632,3.6368073911651977,0.8884855684220606
2024-09-16,0.07219901538774644,3.48,KERVILCO,5.801297123842892,143.36264941371115,0.0,8.947294576938196,3.790713467267441,801.1255131007104,2.2115004485960417,0.2991414625718427
2024-09-17,0.11618232361246555,5.6,KERVILCO,9.077501890175451,219.4502409279063,0.0,10.28766100659973,2.498668275559809,732.9226329989183,1.7819040835127848,0.1830152068158829
2024-09-18,0.11037320743184227,5.32,KERVILCO,0.0,441.6513404761143,0.0,14.071771997956567,0.6538381390544437,640.5085995856195,3.506009817337626,0.6305890041214269
2024-09-19,0.08195003183379267,3.95,KERVILCO,0.0,433.3608137355869,0.0,15.402060908305856,2.1050910117610244,710.8585652031522,3.587311567512353,0.7584097046791973
2024-09-20,0.07385876286792453,3.56,KERVILCO,0.0,455.09019474023086,0.0,18.57213369894217,3.6087950522766894,790.265641999909,4.22817537145985,0.9750011720033276
2024-09-21,0.11203295491202035,5.4,KERVILCO,17.079277569630957,323.42418757151745,0.0,13.453779185973827,-0.0845569181630217,607.5215901400236,2.7334597935149296,0.4408342516968513
2024-09-22,0.1651448742777189,7.96,KERVILCO,4.235606796289022,210.8664618298509,0.0,7.047610068030852,-0.3740591037613593,595.4235516490052,1.3665901045208824,0.1551958330007588
2024-09-23,0.11742713422259911,5.66,KERVILCO,0.0,425.0388905368849,0.0,12.74995972131089,-0.4142464484122803,592.8534953408796,3.0041596261932386,0.4875538267463237
2024-09-24,0.09336079576001696,4.5,KERVILCO,0.0,439.94402548402905,0.0,15.9753522005602,1.6148916816501973,686.4311361582936,3.471268888725933,0.7452540750400559
2024-09-25,0.08319484244392622,4.01,KERVILCO,0.0,430.1303053902199,0.0,18.76568265094689,4.356646675170352,833.6643406973121,2.914994538054483,0.9073089093068076
2024-09-26,0.07904547374348103,3.81,KERVILCO,0.0,418.9528147465878,0.0,19.37723810025125,5.3286559629914745,892.253517504536,3.979241969466335,0.9843206487615622
2024-09-27,0.07946041061352555,3.83,KERVILCO,0.0,397.8562630143746,0.0,19.02995706443156,5.981064184180659,933.6653753885324,3.769368756777801,0.9800768677618916
2024-09-28,0.08464712148908204,4.08,KERVILCO,0.0,388.65151632361705,0.0,18.19941604500393,5.4588705991723625,900.2795414502702,3.0956274081115898,0.8630434853801082
2024-09-29,0.07987534748357007,3.85,KERVILCO,0.0,401.77130411605134,0.0,19.006874714416256,5.493144987236503,902.3275409058832,3.4605337726443497,0.96244718484135
2024-09-30,0.07572597878312486,3.65,KERVILCO,0.0,431.64377862220016,0.0,19.04806864988761,3.732534362616775,796.0078845739262,3.98783738961978,0.9744807200532428
2024-10-01,0.07323635756285773,3.53,KERVILCO,0.0,436.7000063403364,0.0,18.42524138122449,2.584059429646316,733.2829921758337,3.722621516369611,0.9748068295307898
2024-10-02,0.07323635756285773,3.53,KERVILCO,0.0,420.7426650156567,0.0,17.988350494606667,3.046671327197933,758.9269227339564,4.514794896229791,1.1019806225923987
2024-10-03,0.07302888912783548,3.52,KERVILCO,0.0,432.9634766191664,0.0,18.105846059559973,2.215481349336642,715.1643729768281,3.832691048390497,1.0076490042213675
2024-10-04,0.07385876286792453,3.56,KERVILCO,0.0,427.0307287953904,0.0,18.333998878015425,2.5815573446738984,734.6474288529649,3.709899815230644,1.0648627321214978
2024-10-05,0.07282142069281322,3.51,KERVILCO,0.0,398.0000579510031,0.0,16.790764717035284,2.543125022838551,733.2862545111302,4.332970557341834,1.0139745822353796
2024-10-06,0.06638989920712317,3.2,KERVILCO,0.0,416.5092344306592,0.0,17.882614238119928,2.2862367255212246,719.8370683209314,3.382579575520833,1.0107916590120272
2024-10-07,0.06659736764214542,3.21,KERVILCO,0.0,383.05553136775234,0.0,15.133727715386796,1.5896712216056457,685.0973954344347,3.5517553539903868,0.8707420623983577
2024-10-08,0.06659736764214542,3.21,KERVILCO,0.0,394.5079245196495,0.0,15.34516792583615,1.0398189814006396,658.5189243857546,3.0992945321946803,0.8819919545469352
2024-10-09,0.06784217825227899,3.27,KERVILCO,0.0,372.384903696959,0.0,15.399258324510544,2.1307783355840155,712.1638702426094,3.089002034441294,0.7898282810283508
2024-10-10,0.06887952042739029,3.32,KERVILCO,0.0,387.1001733048284,0.0,15.93171973420611,1.668021360192139,688.9264287271697,3.277218727925697,0.8952147993528606
2024-10-11,0.06742724138223447,3.25,KERVILCO,0.0,348.8511528021991,0.0,15.408589339138071,2.9654354297802583,755.7228194755278,3.296362876971428,0.8976260368817898
2024-10-12,0.058298630241255034,2.81,KERVILCO,0.0,368.9724980604669,0.0,15.408957082599832,1.9283438150166543,701.9127837270554,2.942933700861485,0.8238680956566072
2024-10-13,0.05850609867627729,2.82,KERVILCO,0.0,357.61252630273816,0.0,14.854514659381325,1.8902435843581424,699.9627064349493,2.689717477817695,0.7888732399485404
2024-10-14,0.061203188331566676,2.95,KERVILCO,0.0,355.08964582292623,0.0,14.491784952677868,1.5900798617081775,685.117778111764,2.7904129830427347,0.7561079596351307
2024-10-15,0.0771782578282807,3.72,KERVILCO,0.1262853156309993,347.661701484836,0.0,13.78165790536536,1.0422212257468084,658.6332864724858,2.592303090990294,0.6191704000202037
2024-10-16,0.08195003183379267,3.95,KERVILCO,4.035260719719998,248.2821349792999,0.0,10.699730089502498,-1.234444112235197,558.0394958575305,2.293314698059736,0.4730045561453123
2024-10-17,0.0910786429747721,4.39,KERVILCO,3.7081415034551153,149.74849882123,0.0,5.6226448421338775,-1.1859725130798977,560.2536308372611,1.6747396022784506,0.255076036688514
2024-10-18,0.11452257613228746,5.52,KERVILCO,10.411280483339665,122.97420256713288,0.0,4.436223416728632,-0.9288486252051644,571.8450794923857,1.2788991956543254,0.1490223293072221
2024-10-19,0.11618232361246555,5.6,KERVILCO,7.19926160868105,123.0646611113687,0.0,3.93753518975488,-1.4112176027610486,551.1251453482045,0.7912781559299551,0.0251029913219256
2024-10-20,0.13464701432944667,6.49,KERVILCO,9.886912941428884,217.5239783860154,1.7504292941562334,5.291838557025196,-4.180959362209525,450.8049640521596,1.242457823145866,0.1283684406796592
2024-10-21,0.12510346631842273,6.03,KERVILCO,0.0,252.8512701503149,1.7503604096805574,3.671534384285417,-4.366485970650476,443.9319402458529,1.3360354239613537,0.1543945299411835
2024-10-22,0.10622383873139708,5.12,KERVILCO,0.0,353.57955544990824,1.56423116299139,10.100013973923083,-2.7716738377818286,498.0728556000292,2.055076361031768,0.3945625829841844
2024-10-23,0.09792510133050668,4.72,KERVILCO,0.0,357.66882113700177,1.2568140807736836,12.545309966846034,-0.8415024450341301,574.3579445439987,2.3993477725113133,0.5481305028399645
2024-10-24,0.10850599151664193,5.23,KERVILCO,0.0,343.96855004288943,0.9902811803967222,11.194093693909693,-1.5943509362500892,543.4834274693633,2.76290638908317,0.5396545771683581
2024-10-25,0.11410763926224295,5.5,KERVILCO,0.0,357.2725812864956,0.7906492360835983,10.817696923975708,-2.753052142593793,498.7689260390313,2.45160898668493,0.5702459139160014
2024-10-26,0.09854750663557346,4.75,KERVILCO,0.0,349.3742687774616,0.4849782053521658,12.44934407115471,-0.9006515619544627,571.9190568396195,2.4672324001315062,0.7187128568174821
2024-10-27,0.09294585888997245,4.48,KERVILCO,0.0,339.70968161600064,0.2109643593115647,12.539517475988962,-0.4647589100633936,590.4246645773803,2.4430501903338326,0.6566031097846123
2024-10-28,0.10414915438117447,5.02,KERVILCO,1.971127402163208,283.6363953358757,0.0279957403764086,12.45729429731115,0.0821030910720753,614.4656679043577,2.804339308940386,0.6757222654559579
2024-10-29,0.12489599788340046,6.02,KERVILCO,4.127502588467141,232.04292800810404,3.106754190120234,3.2833929253160523,-6.911774661393339,367.9049643737768,1.1096302894426346,0.1484859053932857
2024-10-30,0.10622383873139708,5.12,KERVILCO,0.0,258.691711557292,3.106754190120234,-1.859716801655808,-10.032918400805883,285.7300899460297,1.0513726713010698,0.1530208624502698
2024-10-31,0.1080910546465974,5.21,KERVILCO,0.0,366.3154958713744,3.106754190120234,2.096373500820425,-10.750084156339645,269.73297933795754,1.6453096357337136,0.3116272399037427
2024-11-01,0.1132777655221539,5.46,KERVILCO,0.0,342.11316748973854,3.106754190120234,5.1723153983915005,-6.7511813217485,368.54089427266456,1.900742023396836,0.4415949509467606
2024-11-02,0.10518649655628579,5.07,KERVILCO,0.0,344.7478114404812,2.957258324659445,6.508350779397658,-5.542704061408086,404.25632306426735,2.056157872822118,0.4708598654715101
2024-11-03,0.09792510133050668,4.72,KERVILCO,6.918024681470606,192.41291306701217,9.826059704227402,0.9429646232591375,-6.844797519045832,365.997024915432,1.109936455847884,0.2268456928346452
2024-11-04,0.11390017082722069,5.49,KERVILCO,0.0,222.37765524712728,9.823589570057944,-2.153373611442606,-8.527793429781761,322.99344063750885,0.6738178489944165,0.0651572337073784
2024-11-05,0.11659726048251007,5.62,KERVILCO,9.518040996943256,215.62774292613693,19.34255793593592,-1.832762313075333,-10.476631402279123,275.70228364059744,0.9384479778570082,0.1186346554544381
2024-11-06,0.11182548647699808,5.39,KERVILCO,13.40253138477912,139.74889692832247,32.74477651450787,-7.98181195647216,-12.93371200129925,228.75171088645573,0.3000000119209289,0.0
2024-11-07,0.20248919258172568,9.76,KERVILCO,8.982382942771702,210.62073264309728,41.72643109427244,-4.580646904471838,-12.42354395807589,236.28934237293024,0.5848624056837318,0.0547429364937488
2024-11-08,0.16950171141318635,8.17,KERVILCO,12.302265844814457,167.2592442558751,54.02871425523684,-4.268601047985171,-10.241691450450524,280.690274194189,0.6249409351956691,0.0666134241847031
2024-11-09,0.14875486791096035,7.17,KERVILCO,0.0,237.44412635929405,54.02871425523684,-2.4655961544495564,-8.74962265213565,316.1849520701283,0.7828957428631026,0.0866174176702272
2024-11-10,0.2323646472249311,11.2,KERVILCO,0.0,375.2080768682824,54.02871425523684,2.5201407631950983,-9.170336072946569,305.2913426498277,1.3729359847067808,0.2784915667625121
2024-11-11,0.20207425571168114,9.74,KERVILCO,0.0,392.9108615431079,54.02871425523684,5.072048843615046,-8.026765512264152,333.8720614835151,1.369375376989988,0.3487943816280602
2024-11-12,0.2323646472249311,11.2,KERVILCO,2.129824636605396,276.14535013174543,56.15906180274226,0.8348913462191977,-8.389128462073689,324.5968630763006,1.3028285169731562,0.2121440195689395
2024-11-13,0.17738551194403224,8.55,KERVILCO,0.0,359.50444307746494,56.15906180274226,0.7076167193653011,-10.220758667063908,281.9124457579016,1.3027985797642927,0.2134384857709148
2024-11-14,0.2282152785244859,11.0,KERVILCO,0.0,393.225460855137,56.15906180274226,6.035925604944749,-7.654351930357106,343.6775770618658,1.765292337379426,0.4542364600450441
2024-11-15,0.26970896552893786,13.0,KERVILCO,0.0,363.1820691171444,56.15906180274226,4.731615917775071,-7.0698545781123165,359.5922296668824,1.7236032096293403,0.3408478908001542
2024-11-16,0.18900374430527875,9.11,KERVILCO,0.0,326.9575846843651,56.15906180274226,-0.5921693144198854,-10.390388976983752,278.1780144962264,0.9290006972562016,0.152774615245692
2024-11-17,0.2302899628747085,11.1,KERVILCO,0.0,344.37065354579187,56.15906180274226,-0.1876074016730894,-11.147438642002893,261.16820746365295,0.8168979394293473,0.1614761566211132
2024-11-18,0.33817354908628366,16.3,KERVILCO,0.0,329.483744808102,56.15906180274226,-1.142760645317577,-11.563842823166553,252.8624766978372,0.9756281081144396,0.1436604442544291
2024-11-19,0.27385833422938305,13.2,KERVILCO,0.0,284.0474247784707,56.15906180274226,-7.430423950848298,-15.780517646323934,179.93095022306076,0.5359855020769402,0.0641872141936566
2024-11-20,0.12800802440873438,6.17,KERVILCO,0.0,377.8870487462574,56.15906180274226,-1.745548227235582,-15.746185857243423,179.27201934151324,1.149762078994229,0.1876353531406964
2024-11-21,0.2261405941742633,10.9,KERVILCO,0.0,381.15741078504766,56.15906180274226,5.582985595563363,-9.379932453071357,300.31136737143214,1.7338491455337857,0.3791664178778194
2024-11-22,0.2302899628747085,11.1,KERVILCO,0.0,364.8966617965685,56.15906180274226,6.57972114813125,-7.181899452847348,356.5105642409045,1.9790189768096929,0.5152663779996175
2024-11-23,0.25311149072715705,12.2,KERVILCO,0.0,344.75718002418347,56.15906180274226,5.653422842929891,-6.74547535502563,368.69837212712537,1.7862100952028863,0.4964457079121081
2024-11-24,0.2863064403307187,13.8,KERVILCO,0.0,297.7035885201823,56.15640892382213,3.346401444921996,-6.644572230544664,371.6108567400751,1.099484237002984,0.2049865198966044
2024-11-25,0.18091247533941066,8.72,KERVILCO,0.4228874263372397,248.26196765090413,56.5793248880747,-1.2572034270828072,-8.821947012109165,314.617920406281,0.7548966787527147,0.1251735382314116
2024-11-26,0.1543565156565614,7.44,KERVILCO,17.574519072105467,164.48780021122906,72.07355647280525,0.298704866027398,-6.352972616122245,380.06382554503546,0.6441349679132674,0.0912974606887656
2024-11-27,0.13838144615984735,6.67,KERVILCO,3.270685173327395,293.8977001675481,75.34384370856958,-1.383566267488476,-14.24254801129665,206.902146696025,0.3821836281858513,0.0326448367185691
2024-11-28,0.26348491247827005,12.7,KERVILCO,0.0,336.27329386498843,75.34384370856958,-5.312659166398007,-16.544831491644054,168.00954107489113,0.6880203701724572,0.1065365542619523
2024-11-29,0.2468874376764893,11.9,KERVILCO,0.0,349.7487422057958,75.34384370856958,-3.7181747715816944,-16.132964949049157,173.58323276932714,0.8989950360277881,0.1564210842508793
2024-11-30,0.2717836498791605,13.1,KERVILCO,0.0,350.099085078113,75.34384370856958,-1.212559981425033,-13.869606670668942,209.38777105044463,1.253948288671404,0.2107437341321364
2024-12-01,0.36929381433962266,17.8,KERVILCO,0.0,358.5696971002568,75.34384370856958,2.0666583494744826,-11.650959029776391,250.67349257025995,1.2849921729496363,0.2679082220517864
2024-12-02,0.3029039151324994,14.6,KERVILCO,0.0,351.5576257940847,75.34384370856958,3.290127122950816,-10.06636515955636,284.44266494294504,1.099883555144162,0.322843173410741
2024-12-03,0.24896212202671192,12.0,KERVILCO,0.0,332.9451504423275,75.34384370856958,3.512381612629761,-8.704713350873412,316.6517060726582,1.14706003306523,0.3318511884094122
2024-12-04,0.2385887002755989,11.5,KERVILCO,0.0,343.88973517765567,75.34384370856958,4.283754264378935,-9.122343035903556,306.4528758142408,0.9768094184501712,0.3705976471344068
2024-12-05,0.23443933157515373,11.3,KERVILCO,0.0,321.4106500374332,75.34384370856958,2.9175045632279883,-9.010750081058289,309.1369503915284,1.022980937893976,0.3128707880648689
2024-12-06,0.2095431193724825,10.1,KERVILCO,0.0,330.3537972751012,75.34384370856958,3.216007446458084,-9.680015642382513,293.2675359867554,0.8739076768997718,0.3198555887423793
2024-12-07,0.1796676647292771,8.66,KERVILCO,0.0,323.7108417338476,75.34384370856958,2.106608430159746,-10.48223886864026,275.21620114701494,1.4174070626875126,0.3109943115200674
2024-12-08,0.14730258886580452,7.1,KERVILCO,0.0,322.1735052079759,75.34384370856958,2.375309309291267,-10.474482447076552,275.3877299043693,1.3831420008947626,0.2492639135550367
2024-12-09,0.18029007003434386,8.69,KERVILCO,5.199953768821467,212.05244367148268,80.54377586687427,-5.148066941503559,-15.74135703329024,179.67191409065046,0.3910152797531216,0.0444447765625352
2024-12-10,0.18174234907949965,8.76,KERVILCO,0.0,210.4635195858264,80.54377586687427,-11.52390069215136,-18.84675585323513,138.02776185102636,0.4876842806055314,0.0575824425853314
2024-12-11,0.35062165518761923,16.9,KERVILCO,0.0,320.10584221788764,80.54377586687427,-4.363935309477342,-16.92330404524517,162.44310537209228,0.8467072666292361,0.139861901679254
2024-12-12,0.6016584615645538,29.0,KERVILCO,0.0,336.532677411454,80.54377586687427,0.5573471724545216,-13.588556468754556,214.248022648099,1.2450933399694244,0.2822614862564332
2024-12-13,0.5311191936569853,25.6,KERVILCO,0.0,262.11291200416247,80.54377586687427,-3.620492491942276,-13.307163876561466,219.21100432771777,0.8121027466655871,0.1335073691902155
2024-12-14,0.6058078302649988,29.2,KERVILCO,0.0,334.0244578164467,80.54377586687427,0.2337752483687964,-13.768160784083092,211.11733024744169,1.0068816362508368,0.2176899278289065
2024-12-15,0.5062229814543141,24.4,KERVILCO,0.0,238.5118162854532,80.54377586687427,-1.03999733741595,-9.858619996566857,289.19139060988084,0.993038502662917,0.17599248150199
2024-12-16,0.4730280318507526,22.8,KERVILCO,0.0,308.9203142113649,80.54377586687427,0.918785396995403,-11.34541211542855,256.91076832389496,1.3754051281153832,0.2905364230402592
2024-12-17,0.5622394589103243,27.1,KERVILCO,0.0,307.5868368505188,80.54377586687427,1.7636531259980972,-10.71791823509866,270.1176949279812,1.3024059066375455,0.2318115817370349
2024-12-18,0.636928095518338,30.7,KERVILCO,0.0,314.8269339004797,80.54377586687427,1.7676130637111478,-11.034173587138854,263.3444782033792,1.224781217275493,0.2456480654877659
2024-12-19,0.7572597878312487,36.5,KERVILCO,0.0,308.44219416885903,80.54377586687427,2.9781185160904724,-9.61433029450901,294.81665635379505,1.5070946075282303,0.3119127551486483
2024-12-20,0.4004140795929616,19.3,KERVILCO,0.0,311.5558257799712,80.54377586687427,3.7850028432858327,-8.968674264784518,310.15753175960737,1.6889221773167895,0.4327503253126664
2024-12-21,0.43568371354674584,21.0,KERVILCO,0.0,327.5075244784875,80.54377586687427,5.27222655374934,-8.7417619972474,315.75198277227224,1.6712522120377549,0.451434562526278
2024-12-22,0.3651444456391775,17.6,KERVILCO,0.0,300.1227781977385,80.54377586687427,4.075591505650835,-7.858532501843474,338.2871843127101,1.5719077622115742,0.3606612116434599
2024-12-23,0.3858912891414034,18.6,KERVILCO,0.0,257.6395304780376,80.54377586687427,2.113240496330984,-7.61535790687686,344.725974696166,1.184000534696479,0.255466040097268
2024-12-24,0.3236507586347255,15.6,KERVILCO,0.0,256.7002143947453,80.54377586687427,1.253661780551035,-8.247934207524013,328.1746599201769,0.9152307708423424,0.2159708487098337
2024-12-25,0.24273806897604408,11.7,KERVILCO,0.0,216.1183207429613,80.54377586687427,-0.6351575631042609,-8.445314889469705,323.11221475046784,0.8161125975434093,0.1535416482916621
2024-12-26,0.19190830239559042,9.25,KERVILCO,0.0,191.00853461377625,80.54377586687427,-3.8781644622570144,-10.691712734635864,270.6170682132449,0.6451232966678618,0.0961156026528566
2024-12-27,0.19066349178545683,9.19,KERVILCO,1.2714279028965605,172.37339003704685,81.8149687200968,-3.5796456162441457,-9.911877834611651,288.2292185311135,0.6486938961549658,0.1028701201499535
2024-12-28,0.19398298674581302,9.35,KERVILCO,0.7251249638806841,188.85809838047865,82.54048290203814,-1.678876234045484,-8.499493515966325,322.0227244594427,0.9736048862313768,0.1580300149992062
2024-12-29,0.18609918621496715,8.97,KERVILCO,1.016549196954472,220.33437279422628,82.06930183625678,3.2916951022030907,-4.878383096738297,425.1802641086732,1.419686544489327,0.2721283782930177
2024-12-30,0.18091247533941066,8.72,KERVILCO,2.2305583804225986,234.53224977184385,84.29992101031496,-2.906531225948062,-11.590492155931862,253.91868747902748,0.6070147387817029,0.0821836219977114
2024-12-31,0.15539385783167267,7.49,KERVILCO,2.2305583804225986,234.53224977184385,84.29992101031496,-2.906531225948062,-11.590492155931862,253.91868747902748,0.4968453708125337,0.0707197763286212
2025-01-01,0.2022817241467034,9.75,KERVILCO,2.2305583804225986,234.53224977184385,84.29992101031496,-2.906531225948062,-11.590492155931862,253.91868747902748,0.4968453708125337,0.0707197763286212
